ID, month, day, weekday, accumulated minutes, capacity, bike amount
1696176060,10,2,0,1,15,15
1696176120,10,2,0,2,15,15
1696176180,10,2,0,3,15,15
1696176240,10,2,0,4,15,15
1696176300,10,2,0,5,15,14
1696176360,10,2,0,6,15,14
1696176420,10,2,0,7,15,14
1696176480,10,2,0,8,15,14
1696176540,10,2,0,9,15,14
1696176600,10,2,0,10,15,14
1696176660,10,2,0,11,15,14
1696176720,10,2,0,12,15,14
1696176780,10,2,0,13,15,14
1696176840,10,2,0,14,15,14
1696176900,10,2,0,15,15,14
1696176960,10,2,0,16,15,14
1696177020,10,2,0,17,15,14
1696177080,10,2,0,18,15,14
1696177140,10,2,0,19,15,14
1696177260,10,2,0,21,15,15
1696177320,10,2,0,22,15,15
1696177380,10,2,0,23,15,15
1696177440,10,2,0,24,15,15
1696177500,10,2,0,25,15,15
1696177560,10,2,0,26,15,15
1696177620,10,2,0,27,15,15
1696177680,10,2,0,28,15,15
1696177740,10,2,0,29,15,15
1696177800,10,2,0,30,15,15
1696177860,10,2,0,31,15,14
1696177920,10,2,0,32,15,15
1696177980,10,2,0,33,15,15
1696178040,10,2,0,34,15,15
1696178100,10,2,0,35,15,15
1696178160,10,2,0,36,15,15
1696178220,10,2,0,37,15,15
1696178280,10,2,0,38,15,15
1696178340,10,2,0,39,15,15
1696178400,10,2,0,40,15,15
1696178460,10,2,0,41,15,15
1696178520,10,2,0,42,15,14
1696178580,10,2,0,43,15,14
1696178640,10,2,0,44,15,14
1696178700,10,2,0,45,15,14
1696178760,10,2,0,46,15,14
1696178820,10,2,0,47,15,14
1696178880,10,2,0,48,15,14
1696178940,10,2,0,49,15,14
1696179000,10,2,0,50,15,13
1696179060,10,2,0,51,15,13
1696179120,10,2,0,52,15,13
1696179180,10,2,0,53,15,12
1696179240,10,2,0,54,15,12
1696179300,10,2,0,55,15,12
1696179360,10,2,0,56,15,12
1696179420,10,2,0,57,15,13
1696179480,10,2,0,58,15,13
1696179540,10,2,0,59,15,13
1696179600,10,2,0,60,15,13
1696179660,10,2,0,61,15,13
1696179720,10,2,0,62,15,13
1696179780,10,2,0,63,15,13
1696179840,10,2,0,64,15,13
1696179900,10,2,0,65,15,13
1696179960,10,2,0,66,15,13
1696180020,10,2,0,67,15,13
1696180080,10,2,0,68,15,13
1696180140,10,2,0,69,15,13
1696180200,10,2,0,70,15,13
1696180260,10,2,0,71,15,13
1696180320,10,2,0,72,15,13
1696180380,10,2,0,73,15,13
1696180440,10,2,0,74,15,13
1696180500,10,2,0,75,15,13
1696180560,10,2,0,76,15,13
1696180620,10,2,0,77,15,13
1696180680,10,2,0,78,15,13
1696180740,10,2,0,79,15,13
1696180860,10,2,0,81,15,13
1696180920,10,2,0,82,15,13
1696180980,10,2,0,83,15,13
1696181040,10,2,0,84,15,13
1696181100,10,2,0,85,15,13
1696181160,10,2,0,86,15,13
1696181220,10,2,0,87,15,13
1696181280,10,2,0,88,15,14
1696181340,10,2,0,89,15,14
1696181400,10,2,0,90,15,14
1696181460,10,2,0,91,15,14
1696181520,10,2,0,92,15,14
1696181580,10,2,0,93,15,14
1696181640,10,2,0,94,15,14
1696181700,10,2,0,95,15,14
1696181760,10,2,0,96,15,14
1696181820,10,2,0,97,15,14
1696181880,10,2,0,98,15,14
1696181940,10,2,0,99,15,14
1696182000,10,2,0,100,15,14
1696182060,10,2,0,101,15,14
1696182120,10,2,0,102,15,14
1696182180,10,2,0,103,15,14
1696182240,10,2,0,104,15,14
1696182300,10,2,0,105,15,14
1696182360,10,2,0,106,15,15
1696182420,10,2,0,107,15,15
1696182480,10,2,0,108,15,15
1696182540,10,2,0,109,15,15
1696182600,10,2,0,110,15,15
1696182660,10,2,0,111,15,15
1696182720,10,2,0,112,15,15
1696182780,10,2,0,113,15,15
1696182840,10,2,0,114,15,15
1696182900,10,2,0,115,15,15
1696182960,10,2,0,116,15,15
1696183020,10,2,0,117,15,15
1696183080,10,2,0,118,15,15
1696183140,10,2,0,119,15,15
1696183260,10,2,0,121,15,15
1696183320,10,2,0,122,15,15
1696183380,10,2,0,123,15,15
1696183440,10,2,0,124,15,15
1696183500,10,2,0,125,15,15
1696183560,10,2,0,126,15,15
1696183620,10,2,0,127,15,15
1696183680,10,2,0,128,15,15
1696183740,10,2,0,129,15,15
1696183800,10,2,0,130,15,15
1696183860,10,2,0,131,15,15
1696183920,10,2,0,132,15,15
1696183980,10,2,0,133,15,15
1696184040,10,2,0,134,15,15
1696184100,10,2,0,135,15,15
1696184160,10,2,0,136,15,15
1696184220,10,2,0,137,15,15
1696184280,10,2,0,138,15,15
1696184340,10,2,0,139,15,15
1696184460,10,2,0,141,15,14
1696184520,10,2,0,142,15,14
1696184580,10,2,0,143,15,14
1696184640,10,2,0,144,15,14
1696184700,10,2,0,145,15,14
1696184760,10,2,0,146,15,14
1696184820,10,2,0,147,15,14
1696184880,10,2,0,148,15,14
1696184940,10,2,0,149,15,14
1696185000,10,2,0,150,15,14
1696185060,10,2,0,151,15,14
1696185120,10,2,0,152,15,14
1696185180,10,2,0,153,15,14
1696185240,10,2,0,154,15,14
1696185300,10,2,0,155,15,14
1696185360,10,2,0,156,15,14
1696185420,10,2,0,157,15,14
1696185480,10,2,0,158,15,14
1696185540,10,2,0,159,15,14
1696185600,10,2,0,160,15,14
1696185660,10,2,0,161,15,14
1696185720,10,2,0,162,15,14
1696185780,10,2,0,163,15,14
1696185840,10,2,0,164,15,14
1696185900,10,2,0,165,15,14
1696185960,10,2,0,166,15,14
1696186020,10,2,0,167,15,14
1696186080,10,2,0,168,15,14
1696186140,10,2,0,169,15,14
1696186200,10,2,0,170,15,14
1696186260,10,2,0,171,15,14
1696186320,10,2,0,172,15,14
1696186380,10,2,0,173,15,14
1696186440,10,2,0,174,15,14
1696186500,10,2,0,175,15,14
1696186560,10,2,0,176,15,14
1696186620,10,2,0,177,15,14
1696186680,10,2,0,178,15,14
1696186740,10,2,0,179,15,14
1696186800,10,2,0,180,15,14
1696186860,10,2,0,181,15,14
1696186920,10,2,0,182,15,14
1696186980,10,2,0,183,15,14
1696187040,10,2,0,184,15,14
1696187100,10,2,0,185,15,14
1696187160,10,2,0,186,15,14
1696187220,10,2,0,187,15,14
1696187280,10,2,0,188,15,14
1696187340,10,2,0,189,15,14
1696187400,10,2,0,190,15,14
1696187460,10,2,0,191,15,14
1696187520,10,2,0,192,15,14
1696187580,10,2,0,193,15,14
1696187640,10,2,0,194,15,14
1696187700,10,2,0,195,15,14
1696187760,10,2,0,196,15,14
1696187820,10,2,0,197,15,14
1696187880,10,2,0,198,15,14
1696187940,10,2,0,199,15,14
1696188060,10,2,0,201,15,14
1696188120,10,2,0,202,15,14
1696188180,10,2,0,203,15,14
1696188240,10,2,0,204,15,14
1696188300,10,2,0,205,15,14
1696188360,10,2,0,206,15,14
1696188420,10,2,0,207,15,14
1696188480,10,2,0,208,15,14
1696188540,10,2,0,209,15,14
1696188600,10,2,0,210,15,14
1696188660,10,2,0,211,15,14
1696188720,10,2,0,212,15,14
1696188780,10,2,0,213,15,14
1696188840,10,2,0,214,15,14
1696188900,10,2,0,215,15,14
1696188960,10,2,0,216,15,14
1696189020,10,2,0,217,15,14
1696189080,10,2,0,218,15,14
1696189140,10,2,0,219,15,14
1696189200,10,2,0,220,15,14
1696189260,10,2,0,221,15,14
1696189320,10,2,0,222,15,14
1696189380,10,2,0,223,15,14
1696189440,10,2,0,224,15,14
1696189500,10,2,0,225,15,14
1696189560,10,2,0,226,15,14
1696189620,10,2,0,227,15,14
1696189680,10,2,0,228,15,14
1696189740,10,2,0,229,15,14
1696189800,10,2,0,230,15,14
1696189860,10,2,0,231,15,14
1696189920,10,2,0,232,15,14
1696189980,10,2,0,233,15,14
1696190040,10,2,0,234,15,14
1696190100,10,2,0,235,15,14
1696190160,10,2,0,236,15,14
1696190220,10,2,0,237,15,14
1696190280,10,2,0,238,15,15
1696190340,10,2,0,239,15,15
1696190400,10,2,0,240,15,15
1696190460,10,2,0,241,15,15
1696190520,10,2,0,242,15,15
1696190580,10,2,0,243,15,15
1696190640,10,2,0,244,15,15
1696190700,10,2,0,245,15,15
1696190760,10,2,0,246,15,15
1696190820,10,2,0,247,15,15
1696190880,10,2,0,248,15,15
1696190940,10,2,0,249,15,15
1696191000,10,2,0,250,15,15
1696191060,10,2,0,251,15,15
1696191120,10,2,0,252,15,15
1696191180,10,2,0,253,15,15
1696191240,10,2,0,254,15,15
1696191300,10,2,0,255,15,15
1696191360,10,2,0,256,15,15
1696191420,10,2,0,257,15,15
1696191480,10,2,0,258,15,15
1696191540,10,2,0,259,15,15
1696191660,10,2,0,261,15,15
1696191720,10,2,0,262,15,15
1696191840,10,2,0,264,15,15
1696191900,10,2,0,265,15,15
1696191960,10,2,0,266,15,15
1696192020,10,2,0,267,15,15
1696192080,10,2,0,268,15,15
1696192140,10,2,0,269,15,15
1696192200,10,2,0,270,15,15
1696192260,10,2,0,271,15,15
1696192320,10,2,0,272,15,15
1696192380,10,2,0,273,15,15
1696192440,10,2,0,274,15,15
1696192500,10,2,0,275,15,15
1696192560,10,2,0,276,15,15
1696192620,10,2,0,277,15,15
1696192680,10,2,0,278,15,15
1696192740,10,2,0,279,15,15
1696192800,10,2,0,280,15,15
1696192860,10,2,0,281,15,15
1696192920,10,2,0,282,15,15
1696192980,10,2,0,283,15,15
1696193040,10,2,0,284,15,15
1696193100,10,2,0,285,15,15
1696193160,10,2,0,286,15,15
1696193220,10,2,0,287,15,15
1696193280,10,2,0,288,15,15
1696193340,10,2,0,289,15,15
1696193400,10,2,0,290,15,15
1696193460,10,2,0,291,15,15
1696193520,10,2,0,292,15,15
1696193580,10,2,0,293,15,15
1696193640,10,2,0,294,15,15
1696193700,10,2,0,295,15,15
1696193760,10,2,0,296,15,15
1696193820,10,2,0,297,15,15
1696193880,10,2,0,298,15,15
1696193940,10,2,0,299,15,15
1696194000,10,2,0,300,15,15
1696194060,10,2,0,301,15,15
1696194120,10,2,0,302,15,15
1696194180,10,2,0,303,15,15
1696194240,10,2,0,304,15,15
1696194300,10,2,0,305,15,15
1696194360,10,2,0,306,15,15
1696194420,10,2,0,307,15,15
1696194480,10,2,0,308,15,15
1696194540,10,2,0,309,15,15
1696194600,10,2,0,310,15,15
1696194660,10,2,0,311,15,15
1696194720,10,2,0,312,15,15
1696194780,10,2,0,313,15,15
1696194840,10,2,0,314,15,15
1696194900,10,2,0,315,15,15
1696194960,10,2,0,316,15,15
1696195020,10,2,0,317,15,15
1696195080,10,2,0,318,15,15
1696195140,10,2,0,319,15,15
1696195260,10,2,0,321,15,15
1696195320,10,2,0,322,15,15
1696195380,10,2,0,323,15,15
1696195440,10,2,0,324,15,15
1696195500,10,2,0,325,15,15
1696195560,10,2,0,326,15,15
1696195620,10,2,0,327,15,15
1696195680,10,2,0,328,15,15
1696195740,10,2,0,329,15,15
1696195800,10,2,0,330,15,15
1696195860,10,2,0,331,15,15
1696195920,10,2,0,332,15,15
1696195980,10,2,0,333,15,15
1696196040,10,2,0,334,15,15
1696196100,10,2,0,335,15,15
1696196160,10,2,0,336,15,15
1696196220,10,2,0,337,15,15
1696196280,10,2,0,338,15,15
1696196340,10,2,0,339,15,15
1696196400,10,2,0,340,15,15
1696196460,10,2,0,341,15,15
1696196520,10,2,0,342,15,15
1696196580,10,2,0,343,15,15
1696196640,10,2,0,344,15,15
1696196700,10,2,0,345,15,15
1696196760,10,2,0,346,15,15
1696196820,10,2,0,347,15,15
1696196880,10,2,0,348,15,15
1696196940,10,2,0,349,15,15
1696197000,10,2,0,350,15,15
1696197060,10,2,0,351,15,15
1696197120,10,2,0,352,15,15
1696197180,10,2,0,353,15,15
1696197240,10,2,0,354,15,15
1696197300,10,2,0,355,15,15
1696197360,10,2,0,356,15,15
1696197420,10,2,0,357,15,15
1696197480,10,2,0,358,15,15
1696197540,10,2,0,359,15,15
1696197600,10,2,0,360,15,15
1696197660,10,2,0,361,15,15
1696197720,10,2,0,362,15,15
1696197780,10,2,0,363,15,15
1696197840,10,2,0,364,15,15
1696197900,10,2,0,365,15,15
1696197960,10,2,0,366,15,15
1696198020,10,2,0,367,15,15
1696198080,10,2,0,368,15,15
1696198140,10,2,0,369,15,15
1696198200,10,2,0,370,15,15
1696198260,10,2,0,371,15,14
1696198320,10,2,0,372,15,14
1696198380,10,2,0,373,15,15
1696198440,10,2,0,374,15,15
1696198500,10,2,0,375,15,15
1696198560,10,2,0,376,15,15
1696198620,10,2,0,377,15,15
1696198680,10,2,0,378,15,15
1696198740,10,2,0,379,15,15
1696198860,10,2,0,381,15,15
1696198920,10,2,0,382,15,15
1696198980,10,2,0,383,15,15
1696199040,10,2,0,384,15,15
1696199100,10,2,0,385,15,15
1696199160,10,2,0,386,15,15
1696199220,10,2,0,387,15,15
1696199280,10,2,0,388,15,15
1696199340,10,2,0,389,15,15
1696199400,10,2,0,390,15,15
1696199460,10,2,0,391,15,15
1696199520,10,2,0,392,15,15
1696199580,10,2,0,393,15,15
1696199640,10,2,0,394,15,15
1696199700,10,2,0,395,15,15
1696199760,10,2,0,396,15,15
1696199820,10,2,0,397,15,15
1696199880,10,2,0,398,15,14
1696199940,10,2,0,399,15,14
1696200000,10,2,0,400,15,14
1696200060,10,2,0,401,15,14
1696200120,10,2,0,402,15,14
1696200180,10,2,0,403,15,14
1696200240,10,2,0,404,15,14
1696200300,10,2,0,405,15,14
1696200360,10,2,0,406,15,14
1696200420,10,2,0,407,15,14
1696200480,10,2,0,408,15,14
1696200540,10,2,0,409,15,14
1696200600,10,2,0,410,15,14
1696200660,10,2,0,411,15,14
1696200720,10,2,0,412,15,14
1696200780,10,2,0,413,15,14
1696200840,10,2,0,414,15,14
1696200900,10,2,0,415,15,14
1696200960,10,2,0,416,15,14
1696201020,10,2,0,417,15,14
1696201080,10,2,0,418,15,14
1696201140,10,2,0,419,15,14
1696201200,10,2,0,420,15,14
1696201320,10,2,0,422,15,14
1696201380,10,2,0,423,15,14
1696201440,10,2,0,424,15,14
1696201500,10,2,0,425,15,14
1696201560,10,2,0,426,15,14
1696201620,10,2,0,427,15,14
1696201680,10,2,0,428,15,14
1696201740,10,2,0,429,15,14
1696201800,10,2,0,430,15,14
1696201860,10,2,0,431,15,14
1696201920,10,2,0,432,15,14
1696201980,10,2,0,433,15,14
1696202040,10,2,0,434,15,14
1696202100,10,2,0,435,15,13
1696202160,10,2,0,436,15,13
1696202220,10,2,0,437,15,13
1696202280,10,2,0,438,15,13
1696202340,10,2,0,439,15,13
1696202460,10,2,0,441,15,13
1696202520,10,2,0,442,15,13
1696202580,10,2,0,443,15,13
1696202640,10,2,0,444,15,14
1696202700,10,2,0,445,15,14
1696202760,10,2,0,446,15,13
1696202820,10,2,0,447,15,13
1696202880,10,2,0,448,15,13
1696202940,10,2,0,449,15,13
1696203060,10,2,0,451,15,13
1696203120,10,2,0,452,15,12
1696203180,10,2,0,453,15,12
1696203240,10,2,0,454,15,12
1696203300,10,2,0,455,15,12
1696203360,10,2,0,456,15,11
1696203420,10,2,0,457,15,11
1696203480,10,2,0,458,15,11
1696203540,10,2,0,459,15,12
1696203600,10,2,0,460,15,12
1696203660,10,2,0,461,15,12
1696203720,10,2,0,462,15,12
1696203780,10,2,0,463,15,12
1696203840,10,2,0,464,15,11
1696203900,10,2,0,465,15,11
1696203960,10,2,0,466,15,11
1696204020,10,2,0,467,15,11
1696204080,10,2,0,468,15,12
1696204140,10,2,0,469,15,12
1696204200,10,2,0,470,15,12
1696204260,10,2,0,471,15,11
1696204320,10,2,0,472,15,14
1696204380,10,2,0,473,15,14
1696204440,10,2,0,474,15,14
1696204500,10,2,0,475,15,14
1696204560,10,2,0,476,15,12
1696204620,10,2,0,477,15,12
1696204680,10,2,0,478,15,13
1696204740,10,2,0,479,15,13
1696204860,10,2,0,481,15,12
1696204920,10,2,0,482,15,12
1696204980,10,2,0,483,15,11
1696205040,10,2,0,484,15,11
1696205100,10,2,0,485,15,13
1696205160,10,2,0,486,15,13
1696205220,10,2,0,487,15,13
1696205280,10,2,0,488,15,14
1696205340,10,2,0,489,15,14
1696205400,10,2,0,490,15,14
1696205460,10,2,0,491,15,12
1696205520,10,2,0,492,15,13
1696205580,10,2,0,493,15,13
1696205640,10,2,0,494,15,13
1696205700,10,2,0,495,15,13
1696205760,10,2,0,496,15,13
1696205820,10,2,0,497,15,13
1696205880,10,2,0,498,15,13
1696205940,10,2,0,499,15,14
1696206060,10,2,0,501,15,14
1696206120,10,2,0,502,15,13
1696206180,10,2,0,503,15,12
1696206240,10,2,0,504,15,12
1696206300,10,2,0,505,15,11
1696206360,10,2,0,506,15,11
1696206420,10,2,0,507,15,10
1696206480,10,2,0,508,15,11
1696206540,10,2,0,509,15,11
1696206720,10,2,0,512,15,10
1696206780,10,2,0,513,15,10
1696206840,10,2,0,514,15,10
1696206900,10,2,0,515,15,10
1696206960,10,2,0,516,15,10
1696207020,10,2,0,517,15,10
1696207080,10,2,0,518,15,10
1696207140,10,2,0,519,15,9
1696207260,10,2,0,521,15,8
1696207320,10,2,0,522,15,9
1696207380,10,2,0,523,15,9
1696207440,10,2,0,524,15,10
1696207500,10,2,0,525,15,11
1696207560,10,2,0,526,15,11
1696207680,10,2,0,528,15,9
1696207740,10,2,0,529,15,10
1696207860,10,2,0,531,15,9
1696207920,10,2,0,532,15,8
1696207980,10,2,0,533,15,8
1696208040,10,2,0,534,15,8
1696208100,10,2,0,535,15,8
1696208160,10,2,0,536,15,7
1696208220,10,2,0,537,15,7
1696208280,10,2,0,538,15,7
1696208340,10,2,0,539,15,7
1696208460,10,2,0,541,15,6
1696208520,10,2,0,542,15,5
1696208580,10,2,0,543,15,4
1696208640,10,2,0,544,15,3
1696208700,10,2,0,545,15,3
1696208760,10,2,0,546,15,2
1696208820,10,2,0,547,15,1
1696208880,10,2,0,548,15,1
1696208940,10,2,0,549,15,1
1696209000,10,2,0,550,15,1
1696209120,10,2,0,552,15,1
1696209180,10,2,0,553,15,1
1696209240,10,2,0,554,15,1
1696209300,10,2,0,555,15,0
1696209360,10,2,0,556,15,0
1696209420,10,2,0,557,15,0
1696209480,10,2,0,558,15,1
1696209540,10,2,0,559,15,2
1696209660,10,2,0,561,15,2
1696209720,10,2,0,562,15,2
1696209780,10,2,0,563,15,2
1696209840,10,2,0,564,15,2
1696209900,10,2,0,565,15,2
1696209960,10,2,0,566,15,2
1696210020,10,2,0,567,15,2
1696210080,10,2,0,568,15,0
1696210140,10,2,0,569,15,0
1696210260,10,2,0,571,15,0
1696210320,10,2,0,572,15,0
1696210380,10,2,0,573,15,0
1696210440,10,2,0,574,15,0
1696210500,10,2,0,575,15,0
1696210560,10,2,0,576,15,0
1696210620,10,2,0,577,15,0
1696210680,10,2,0,578,15,0
1696210740,10,2,0,579,15,2
1696210860,10,2,0,581,15,2
1696210920,10,2,0,582,15,2
1696210980,10,2,0,583,15,2
1696211040,10,2,0,584,15,2
1696211100,10,2,0,585,15,3
1696211160,10,2,0,586,15,2
1696211220,10,2,0,587,15,1
1696211280,10,2,0,588,15,1
1696211340,10,2,0,589,15,1
1696211460,10,2,0,591,15,1
1696211520,10,2,0,592,15,2
1696211580,10,2,0,593,15,2
1696211640,10,2,0,594,15,2
1696211700,10,2,0,595,15,2
1696211760,10,2,0,596,15,1
1696211820,10,2,0,597,15,0
1696211880,10,2,0,598,15,1
1696211940,10,2,0,599,15,1
1696212060,10,2,0,601,15,1
1696212120,10,2,0,602,15,1
1696212180,10,2,0,603,15,1
1696212240,10,2,0,604,15,1
1696212300,10,2,0,605,15,1
1696212360,10,2,0,606,15,1
1696212420,10,2,0,607,15,0
1696212480,10,2,0,608,15,0
1696212540,10,2,0,609,15,0
1696212600,10,2,0,610,15,0
1696212660,10,2,0,611,15,0
1696212720,10,2,0,612,15,0
1696212780,10,2,0,613,15,0
1696212840,10,2,0,614,15,0
1696212900,10,2,0,615,15,0
1696213020,10,2,0,617,15,0
1696213080,10,2,0,618,15,0
1696213140,10,2,0,619,15,0
1696213260,10,2,0,621,15,2
1696213320,10,2,0,622,15,0
1696213380,10,2,0,623,15,0
1696213440,10,2,0,624,15,0
1696213500,10,2,0,625,15,0
1696213620,10,2,0,627,15,0
1696213680,10,2,0,628,15,1
1696213740,10,2,0,629,15,2
1696213860,10,2,0,631,15,2
1696213920,10,2,0,632,15,2
1696214040,10,2,0,634,15,2
1696214100,10,2,0,635,15,3
1696214220,10,2,0,637,15,2
1696214280,10,2,0,638,15,2
1696214340,10,2,0,639,15,2
1696214400,10,2,0,640,15,2
1696214460,10,2,0,641,15,1
1696214520,10,2,0,642,15,0
1696214580,10,2,0,643,15,0
1696214640,10,2,0,644,15,0
1696214700,10,2,0,645,15,0
1696214760,10,2,0,646,15,0
1696214820,10,2,0,647,15,0
1696214880,10,2,0,648,15,0
1696214940,10,2,0,649,15,0
1696215000,10,2,0,650,15,0
1696215060,10,2,0,651,15,0
1696215120,10,2,0,652,15,0
1696215180,10,2,0,653,15,0
1696215240,10,2,0,654,15,0
1696215300,10,2,0,655,15,0
1696215360,10,2,0,656,15,0
1696215420,10,2,0,657,15,0
1696215480,10,2,0,658,15,0
1696215540,10,2,0,659,15,0
1696215600,10,2,0,660,15,0
1696215720,10,2,0,662,15,0
1696215780,10,2,0,663,15,0
1696215840,10,2,0,664,15,0
1696215900,10,2,0,665,15,0
1696215960,10,2,0,666,15,0
1696216020,10,2,0,667,15,0
1696216080,10,2,0,668,15,0
1696216140,10,2,0,669,15,1
1696216260,10,2,0,671,15,1
1696216320,10,2,0,672,15,2
1696216380,10,2,0,673,15,4
1696216440,10,2,0,674,15,3
1696216500,10,2,0,675,15,3
1696216560,10,2,0,676,15,3
1696216620,10,2,0,677,15,3
1696216680,10,2,0,678,15,3
1696216740,10,2,0,679,15,3
1696216860,10,2,0,681,15,3
1696216920,10,2,0,682,15,3
1696216980,10,2,0,683,15,3
1696217040,10,2,0,684,15,3
1696217100,10,2,0,685,15,5
1696217160,10,2,0,686,15,5
1696217220,10,2,0,687,15,5
1696217280,10,2,0,688,15,5
1696217340,10,2,0,689,15,5
1696217400,10,2,0,690,15,5
1696217460,10,2,0,691,15,8
1696217520,10,2,0,692,15,7
1696217580,10,2,0,693,15,7
1696217640,10,2,0,694,15,7
1696217700,10,2,0,695,15,7
1696217760,10,2,0,696,15,7
1696217820,10,2,0,697,15,7
1696217880,10,2,0,698,15,7
1696217940,10,2,0,699,15,7
1696218000,10,2,0,700,15,7
1696218060,10,2,0,701,15,7
1696218120,10,2,0,702,15,7
1696218180,10,2,0,703,15,7
1696218240,10,2,0,704,15,7
1696218300,10,2,0,705,15,7
1696218360,10,2,0,706,15,7
1696218420,10,2,0,707,15,7
1696218480,10,2,0,708,15,7
1696218540,10,2,0,709,15,7
1696218600,10,2,0,710,15,6
1696218660,10,2,0,711,15,6
1696218720,10,2,0,712,15,5
1696218780,10,2,0,713,15,4
1696218840,10,2,0,714,15,4
1696218900,10,2,0,715,15,4
1696218960,10,2,0,716,15,4
1696219020,10,2,0,717,15,4
1696219080,10,2,0,718,15,5
1696219140,10,2,0,719,15,5
1696219200,10,2,0,720,15,5
1696219320,10,2,0,722,15,6
1696219380,10,2,0,723,15,6
1696219440,10,2,0,724,15,5
1696219500,10,2,0,725,15,6
1696219560,10,2,0,726,15,7
1696219620,10,2,0,727,15,7
1696219680,10,2,0,728,15,7
1696219740,10,2,0,729,15,9
1696219800,10,2,0,730,15,8
1696219860,10,2,0,731,15,9
1696219920,10,2,0,732,15,10
1696219980,10,2,0,733,15,10
1696220040,10,2,0,734,15,10
1696220100,10,2,0,735,15,8
1696220160,10,2,0,736,15,7
1696220220,10,2,0,737,15,7
1696220280,10,2,0,738,15,7
1696220340,10,2,0,739,15,7
1696220460,10,2,0,741,15,7
1696220520,10,2,0,742,15,8
1696220580,10,2,0,743,15,7
1696220640,10,2,0,744,15,7
1696220700,10,2,0,745,15,7
1696220760,10,2,0,746,15,9
1696220820,10,2,0,747,15,8
1696220880,10,2,0,748,15,8
1696220940,10,2,0,749,15,8
1696221060,10,2,0,751,15,7
1696221120,10,2,0,752,15,11
1696221180,10,2,0,753,15,11
1696221240,10,2,0,754,15,10
1696221300,10,2,0,755,15,8
1696221360,10,2,0,756,15,8
1696221420,10,2,0,757,15,9
1696221480,10,2,0,758,15,8
1696221540,10,2,0,759,15,8
1696221600,10,2,0,760,15,9
1696221660,10,2,0,761,15,8
1696221720,10,2,0,762,15,9
1696221780,10,2,0,763,15,9
1696221840,10,2,0,764,15,8
1696221900,10,2,0,765,15,9
1696221960,10,2,0,766,15,8
1696222020,10,2,0,767,15,8
1696222080,10,2,0,768,15,8
1696222140,10,2,0,769,15,8
1696222200,10,2,0,770,15,8
1696222260,10,2,0,771,15,7
1696222320,10,2,0,772,15,8
1696222380,10,2,0,773,15,8
1696222440,10,2,0,774,15,9
1696222500,10,2,0,775,15,9
1696222560,10,2,0,776,15,10
1696222620,10,2,0,777,15,10
1696222680,10,2,0,778,15,10
1696222740,10,2,0,779,15,10
1696222860,10,2,0,781,15,8
1696222920,10,2,0,782,15,8
1696222980,10,2,0,783,15,8
1696223040,10,2,0,784,15,7
1696223100,10,2,0,785,15,7
1696223160,10,2,0,786,15,7
1696223220,10,2,0,787,15,6
1696223280,10,2,0,788,15,6
1696223340,10,2,0,789,15,6
1696223400,10,2,0,790,15,7
1696223460,10,2,0,791,15,6
1696223520,10,2,0,792,15,6
1696223580,10,2,0,793,15,6
1696223640,10,2,0,794,15,8
1696223700,10,2,0,795,15,8
1696223760,10,2,0,796,15,7
1696223820,10,2,0,797,15,7
1696223880,10,2,0,798,15,8
1696223940,10,2,0,799,15,7
1696224060,10,2,0,801,15,7
1696224120,10,2,0,802,15,9
1696224180,10,2,0,803,15,9
1696224240,10,2,0,804,15,8
1696224300,10,2,0,805,15,8
1696224360,10,2,0,806,15,9
1696224420,10,2,0,807,15,9
1696224480,10,2,0,808,15,9
1696224540,10,2,0,809,15,9
1696224600,10,2,0,810,15,9
1696224660,10,2,0,811,15,10
1696224720,10,2,0,812,15,9
1696224780,10,2,0,813,15,9
1696224840,10,2,0,814,15,10
1696224900,10,2,0,815,15,10
1696224960,10,2,0,816,15,10
1696225020,10,2,0,817,15,10
1696225080,10,2,0,818,15,10
1696225140,10,2,0,819,15,10
1696225200,10,2,0,820,15,9
1696225260,10,2,0,821,15,8
1696225320,10,2,0,822,15,8
1696225380,10,2,0,823,15,8
1696225440,10,2,0,824,15,8
1696225500,10,2,0,825,15,8
1696225560,10,2,0,826,15,8
1696225620,10,2,0,827,15,8
1696225680,10,2,0,828,15,7
1696225740,10,2,0,829,15,7
1696225800,10,2,0,830,15,7
1696225860,10,2,0,831,15,6
1696225920,10,2,0,832,15,5
1696225980,10,2,0,833,15,5
1696226040,10,2,0,834,15,5
1696226100,10,2,0,835,15,5
1696226160,10,2,0,836,15,5
1696226220,10,2,0,837,15,5
1696226280,10,2,0,838,15,6
1696226340,10,2,0,839,15,7
1696226460,10,2,0,841,15,6
1696226520,10,2,0,842,15,7
1696226580,10,2,0,843,15,6
1696226640,10,2,0,844,15,4
1696226700,10,2,0,845,15,3
1696226760,10,2,0,846,15,4
1696226820,10,2,0,847,15,3
1696226880,10,2,0,848,15,3
1696226940,10,2,0,849,15,3
1696227000,10,2,0,850,15,3
1696227060,10,2,0,851,15,3
1696227120,10,2,0,852,15,2
1696227180,10,2,0,853,15,1
1696227240,10,2,0,854,15,1
1696227300,10,2,0,855,15,1
1696227360,10,2,0,856,15,1
1696227420,10,2,0,857,15,1
1696227480,10,2,0,858,15,2
1696227540,10,2,0,859,15,2
1696227660,10,2,0,861,15,3
1696227720,10,2,0,862,15,3
1696227780,10,2,0,863,15,3
1696227900,10,2,0,865,15,2
1696227960,10,2,0,866,15,2
1696228020,10,2,0,867,15,2
1696228080,10,2,0,868,15,2
1696228140,10,2,0,869,15,2
1696228260,10,2,0,871,15,3
1696228320,10,2,0,872,15,3
1696228380,10,2,0,873,15,3
1696228440,10,2,0,874,15,3
1696228500,10,2,0,875,15,3
1696228560,10,2,0,876,15,3
1696228620,10,2,0,877,15,3
1696228680,10,2,0,878,15,4
1696228740,10,2,0,879,15,4
1696228800,10,2,0,880,15,4
1696228860,10,2,0,881,15,3
1696228920,10,2,0,882,15,5
1696228980,10,2,0,883,15,5
1696229040,10,2,0,884,15,5
1696229100,10,2,0,885,15,5
1696229160,10,2,0,886,15,4
1696229220,10,2,0,887,15,3
1696229280,10,2,0,888,15,3
1696229340,10,2,0,889,15,3
1696229400,10,2,0,890,15,4
1696229460,10,2,0,891,15,4
1696229520,10,2,0,892,15,4
1696229580,10,2,0,893,15,4
1696229640,10,2,0,894,15,4
1696229700,10,2,0,895,15,4
1696229760,10,2,0,896,15,4
1696229820,10,2,0,897,15,3
1696229880,10,2,0,898,15,3
1696229940,10,2,0,899,15,3
1696230060,10,2,0,901,15,3
1696230120,10,2,0,902,15,3
1696230180,10,2,0,903,15,3
1696230240,10,2,0,904,15,3
1696230300,10,2,0,905,15,3
1696230360,10,2,0,906,15,3
1696230420,10,2,0,907,15,3
1696230480,10,2,0,908,15,2
1696230540,10,2,0,909,15,2
1696230600,10,2,0,910,15,2
1696230660,10,2,0,911,15,2
1696230720,10,2,0,912,15,2
1696230780,10,2,0,913,15,2
1696230840,10,2,0,914,15,4
1696230900,10,2,0,915,15,3
1696230960,10,2,0,916,15,3
1696231020,10,2,0,917,15,3
1696231080,10,2,0,918,15,3
1696231140,10,2,0,919,15,2
1696231260,10,2,0,921,15,2
1696231320,10,2,0,922,15,4
1696231380,10,2,0,923,15,5
1696231440,10,2,0,924,15,5
1696231500,10,2,0,925,15,5
1696231560,10,2,0,926,15,6
1696231620,10,2,0,927,15,4
1696231680,10,2,0,928,15,4
1696231740,10,2,0,929,15,4
1696231860,10,2,0,931,15,4
1696231920,10,2,0,932,15,4
1696231980,10,2,0,933,15,4
1696232040,10,2,0,934,15,4
1696232100,10,2,0,935,15,4
1696232160,10,2,0,936,15,4
1696232220,10,2,0,937,15,4
1696232280,10,2,0,938,15,5
1696232340,10,2,0,939,15,5
1696232400,10,2,0,940,15,5
1696232460,10,2,0,941,15,5
1696232520,10,2,0,942,15,5
1696232580,10,2,0,943,15,5
1696232640,10,2,0,944,15,5
1696232700,10,2,0,945,15,5
1696232760,10,2,0,946,15,5
1696232820,10,2,0,947,15,5
1696232880,10,2,0,948,15,5
1696232940,10,2,0,949,15,5
1696233000,10,2,0,950,15,6
1696233060,10,2,0,951,15,5
1696233120,10,2,0,952,15,4
1696233180,10,2,0,953,15,3
1696233240,10,2,0,954,15,3
1696233300,10,2,0,955,15,3
1696233360,10,2,0,956,15,2
1696233420,10,2,0,957,15,1
1696233480,10,2,0,958,15,1
1696233540,10,2,0,959,15,1
1696233660,10,2,0,961,15,1
1696233720,10,2,0,962,15,1
1696233780,10,2,0,963,15,1
1696233840,10,2,0,964,15,1
1696233900,10,2,0,965,15,1
1696233960,10,2,0,966,15,1
1696234020,10,2,0,967,15,1
1696234080,10,2,0,968,15,1
1696234140,10,2,0,969,15,1
1696234200,10,2,0,970,15,2
1696234260,10,2,0,971,15,2
1696234320,10,2,0,972,15,1
1696234380,10,2,0,973,15,1
1696234440,10,2,0,974,15,2
1696234500,10,2,0,975,15,2
1696234560,10,2,0,976,15,2
1696234620,10,2,0,977,15,1
1696234680,10,2,0,978,15,2
1696234740,10,2,0,979,15,2
1696234860,10,2,0,981,15,2
1696234920,10,2,0,982,15,2
1696234980,10,2,0,983,15,1
1696235040,10,2,0,984,15,0
1696235100,10,2,0,985,15,0
1696235160,10,2,0,986,15,0
1696235220,10,2,0,987,15,0
1696235280,10,2,0,988,15,0
1696235340,10,2,0,989,15,0
1696235460,10,2,0,991,15,1
1696235520,10,2,0,992,15,1
1696235580,10,2,0,993,15,2
1696235640,10,2,0,994,15,2
1696235700,10,2,0,995,15,1
1696235760,10,2,0,996,15,1
1696235820,10,2,0,997,15,2
1696235880,10,2,0,998,15,2
1696235940,10,2,0,999,15,2
1696236000,10,2,0,1000,15,2
1696236060,10,2,0,1001,15,3
1696236120,10,2,0,1002,15,3
1696236180,10,2,0,1003,15,3
1696236240,10,2,0,1004,15,3
1696236300,10,2,0,1005,15,3
1696236360,10,2,0,1006,15,3
1696236420,10,2,0,1007,15,1
1696236480,10,2,0,1008,15,0
1696236540,10,2,0,1009,15,1
1696236600,10,2,0,1010,15,1
1696236660,10,2,0,1011,15,1
1696236720,10,2,0,1012,15,1
1696236780,10,2,0,1013,15,1
1696236840,10,2,0,1014,15,1
1696236900,10,2,0,1015,15,1
1696236960,10,2,0,1016,15,1
1696237020,10,2,0,1017,15,2
1696237080,10,2,0,1018,15,2
1696237140,10,2,0,1019,15,2
1696237320,10,2,0,1022,15,1
1696237380,10,2,0,1023,15,1
1696237440,10,2,0,1024,15,1
1696237500,10,2,0,1025,15,1
1696237560,10,2,0,1026,15,1
1696237620,10,2,0,1027,15,0
1696237680,10,2,0,1028,15,1
1696237740,10,2,0,1029,15,2
1696237800,10,2,0,1030,15,0
1696237860,10,2,0,1031,15,0
1696237920,10,2,0,1032,15,0
1696237980,10,2,0,1033,15,1
1696238040,10,2,0,1034,15,2
1696238100,10,2,0,1035,15,2
1696238160,10,2,0,1036,15,2
1696238220,10,2,0,1037,15,2
1696238280,10,2,0,1038,15,2
1696238340,10,2,0,1039,15,0
1696238460,10,2,0,1041,15,0
1696238520,10,2,0,1042,15,2
1696238580,10,2,0,1043,15,1
1696238640,10,2,0,1044,15,0
1696238700,10,2,0,1045,15,2
1696238760,10,2,0,1046,15,2
1696238820,10,2,0,1047,15,1
1696238880,10,2,0,1048,15,0
1696238940,10,2,0,1049,15,3
1696239060,10,2,0,1051,15,0
1696239120,10,2,0,1052,15,0
1696239180,10,2,0,1053,15,0
1696239240,10,2,0,1054,15,0
1696239300,10,2,0,1055,15,0
1696239360,10,2,0,1056,15,0
1696239420,10,2,0,1057,15,0
1696239480,10,2,0,1058,15,0
1696239540,10,2,0,1059,15,0
1696239600,10,2,0,1060,15,0
1696239660,10,2,0,1061,15,1
1696239720,10,2,0,1062,15,2
1696239780,10,2,0,1063,15,1
1696239840,10,2,0,1064,15,1
1696239900,10,2,0,1065,15,1
1696239960,10,2,0,1066,15,0
1696240020,10,2,0,1067,15,0
1696240080,10,2,0,1068,15,0
1696240140,10,2,0,1069,15,2
1696240200,10,2,0,1070,15,1
1696240260,10,2,0,1071,15,1
1696240320,10,2,0,1072,15,0
1696240380,10,2,0,1073,15,0
1696240440,10,2,0,1074,15,0
1696240500,10,2,0,1075,15,0
1696240560,10,2,0,1076,15,0
1696240620,10,2,0,1077,15,1
1696240680,10,2,0,1078,15,0
1696240740,10,2,0,1079,15,0
1696240860,10,2,0,1081,15,1
1696240980,10,2,0,1083,15,0
1696241040,10,2,0,1084,15,0
1696241100,10,2,0,1085,15,0
1696241160,10,2,0,1086,15,0
1696241220,10,2,0,1087,15,1
1696241280,10,2,0,1088,15,0
1696241340,10,2,0,1089,15,1
1696241400,10,2,0,1090,15,2
1696241460,10,2,0,1091,15,1
1696241520,10,2,0,1092,15,1
1696241580,10,2,0,1093,15,0
1696241640,10,2,0,1094,15,0
1696241700,10,2,0,1095,15,0
1696241760,10,2,0,1096,15,0
1696241820,10,2,0,1097,15,0
1696241880,10,2,0,1098,15,0
1696241940,10,2,0,1099,15,0
1696242060,10,2,0,1101,15,1
1696242120,10,2,0,1102,15,0
1696242180,10,2,0,1103,15,0
1696242240,10,2,0,1104,15,0
1696242300,10,2,0,1105,15,0
1696242360,10,2,0,1106,15,1
1696242420,10,2,0,1107,15,0
1696242480,10,2,0,1108,15,0
1696242540,10,2,0,1109,15,1
1696242660,10,2,0,1111,15,1
1696242720,10,2,0,1112,15,0
1696242780,10,2,0,1113,15,1
1696242840,10,2,0,1114,15,2
1696242900,10,2,0,1115,15,1
1696242960,10,2,0,1116,15,1
1696243020,10,2,0,1117,15,3
1696243080,10,2,0,1118,15,2
1696243140,10,2,0,1119,15,1
1696243200,10,2,0,1120,15,0
1696243260,10,2,0,1121,15,0
1696243320,10,2,0,1122,15,0
1696243380,10,2,0,1123,15,0
1696243440,10,2,0,1124,15,0
1696243500,10,2,0,1125,15,1
1696243560,10,2,0,1126,15,1
1696243620,10,2,0,1127,15,1
1696243680,10,2,0,1128,15,1
1696243740,10,2,0,1129,15,1
1696243800,10,2,0,1130,15,0
1696243860,10,2,0,1131,15,0
1696243920,10,2,0,1132,15,0
1696243980,10,2,0,1133,15,0
1696244040,10,2,0,1134,15,0
1696244100,10,2,0,1135,15,0
1696244160,10,2,0,1136,15,0
1696244280,10,2,0,1138,15,0
1696244340,10,2,0,1139,15,0
1696244460,10,2,0,1141,15,1
1696244520,10,2,0,1142,15,1
1696244580,10,2,0,1143,15,1
1696244640,10,2,0,1144,15,1
1696244700,10,2,0,1145,15,1
1696244760,10,2,0,1146,15,1
1696244820,10,2,0,1147,15,1
1696244880,10,2,0,1148,15,1
1696244940,10,2,0,1149,15,2
1696245000,10,2,0,1150,15,2
1696245060,10,2,0,1151,15,2
1696245120,10,2,0,1152,15,2
1696245180,10,2,0,1153,15,4
1696245240,10,2,0,1154,15,4
1696245300,10,2,0,1155,15,4
1696245360,10,2,0,1156,15,3
1696245420,10,2,0,1157,15,3
1696245480,10,2,0,1158,15,3
1696245540,10,2,0,1159,15,3
1696245660,10,2,0,1161,15,4
1696245720,10,2,0,1162,15,5
1696245780,10,2,0,1163,15,4
1696245840,10,2,0,1164,15,4
1696245900,10,2,0,1165,15,5
1696245960,10,2,0,1166,15,5
1696246020,10,2,0,1167,15,5
1696246080,10,2,0,1168,15,5
1696246140,10,2,0,1169,15,5
1696246200,10,2,0,1170,15,6
1696246320,10,2,0,1172,15,2
1696246380,10,2,0,1173,15,2
1696246440,10,2,0,1174,15,3
1696246500,10,2,0,1175,15,2
1696246560,10,2,0,1176,15,1
1696246620,10,2,0,1177,15,0
1696246680,10,2,0,1178,15,1
1696246740,10,2,0,1179,15,1
1696246800,10,2,0,1180,15,0
1696246860,10,2,0,1181,15,0
1696246920,10,2,0,1182,15,0
1696246980,10,2,0,1183,15,0
1696247040,10,2,0,1184,15,0
1696247100,10,2,0,1185,15,0
1696247160,10,2,0,1186,15,0
1696247220,10,2,0,1187,15,0
1696247280,10,2,0,1188,15,0
1696247340,10,2,0,1189,15,0
1696247400,10,2,0,1190,15,1
1696247460,10,2,0,1191,15,1
1696247520,10,2,0,1192,15,1
1696247580,10,2,0,1193,15,1
1696247640,10,2,0,1194,15,1
1696247700,10,2,0,1195,15,1
1696247760,10,2,0,1196,15,1
1696247820,10,2,0,1197,15,1
1696247880,10,2,0,1198,15,1
1696247940,10,2,0,1199,15,1
1696248060,10,2,0,1201,15,1
1696248120,10,2,0,1202,15,1
1696248180,10,2,0,1203,15,1
1696248240,10,2,0,1204,15,0
1696248300,10,2,0,1205,15,0
1696248360,10,2,0,1206,15,0
1696248420,10,2,0,1207,15,0
1696248480,10,2,0,1208,15,0
1696248540,10,2,0,1209,15,0
1696248600,10,2,0,1210,15,0
1696248660,10,2,0,1211,15,0
1696248720,10,2,0,1212,15,0
1696248780,10,2,0,1213,15,0
1696248840,10,2,0,1214,15,1
1696248900,10,2,0,1215,15,1
1696248960,10,2,0,1216,15,1
1696249020,10,2,0,1217,15,1
1696249080,10,2,0,1218,15,2
1696249140,10,2,0,1219,15,2
1696249260,10,2,0,1221,15,2
1696249320,10,2,0,1222,15,4
1696249380,10,2,0,1223,15,3
1696249440,10,2,0,1224,15,3
1696249500,10,2,0,1225,15,3
1696249560,10,2,0,1226,15,5
1696249620,10,2,0,1227,15,5
1696249680,10,2,0,1228,15,5
1696249740,10,2,0,1229,15,5
1696249860,10,2,0,1231,15,5
1696249920,10,2,0,1232,15,5
1696249980,10,2,0,1233,15,5
1696250040,10,2,0,1234,15,5
1696250100,10,2,0,1235,15,4
1696250160,10,2,0,1236,15,4
1696250220,10,2,0,1237,15,4
1696250280,10,2,0,1238,15,4
1696250340,10,2,0,1239,15,4
1696250400,10,2,0,1240,15,4
1696250460,10,2,0,1241,15,4
1696250520,10,2,0,1242,15,4
1696250580,10,2,0,1243,15,3
1696250640,10,2,0,1244,15,3
1696250700,10,2,0,1245,15,3
1696250760,10,2,0,1246,15,5
1696250820,10,2,0,1247,15,5
1696250880,10,2,0,1248,15,5
1696250940,10,2,0,1249,15,5
1696251000,10,2,0,1250,15,4
1696251060,10,2,0,1251,15,4
1696251120,10,2,0,1252,15,4
1696251180,10,2,0,1253,15,4
1696251240,10,2,0,1254,15,4
1696251300,10,2,0,1255,15,4
1696251360,10,2,0,1256,15,4
1696251420,10,2,0,1257,15,4
1696251480,10,2,0,1258,15,5
1696251540,10,2,0,1259,15,5
1696251660,10,2,0,1261,15,5
1696251720,10,2,0,1262,15,4
1696251780,10,2,0,1263,15,4
1696251840,10,2,0,1264,15,4
1696251900,10,2,0,1265,15,4
1696251960,10,2,0,1266,15,4
1696252020,10,2,0,1267,15,4
1696252080,10,2,0,1268,15,4
1696252140,10,2,0,1269,15,3
1696252200,10,2,0,1270,15,4
1696252260,10,2,0,1271,15,4
1696252320,10,2,0,1272,15,4
1696252380,10,2,0,1273,15,3
1696252440,10,2,0,1274,15,2
1696252500,10,2,0,1275,15,1
1696252560,10,2,0,1276,15,1
1696252620,10,2,0,1277,15,1
1696252680,10,2,0,1278,15,4
1696252740,10,2,0,1279,15,3
1696252860,10,2,0,1281,15,3
1696252920,10,2,0,1282,15,4
1696252980,10,2,0,1283,15,4
1696253040,10,2,0,1284,15,4
1696253100,10,2,0,1285,15,3
1696253160,10,2,0,1286,15,2
1696253220,10,2,0,1287,15,2
1696253280,10,2,0,1288,15,2
1696253340,10,2,0,1289,15,2
1696253460,10,2,0,1291,15,3
1696253520,10,2,0,1292,15,2
1696253580,10,2,0,1293,15,2
1696253640,10,2,0,1294,15,2
1696253700,10,2,0,1295,15,1
1696253760,10,2,0,1296,15,1
1696253820,10,2,0,1297,15,1
1696253880,10,2,0,1298,15,3
1696253940,10,2,0,1299,15,2
1696254000,10,2,0,1300,15,2
1696254060,10,2,0,1301,15,2
1696254120,10,2,0,1302,15,3
1696254180,10,2,0,1303,15,3
1696254240,10,2,0,1304,15,3
1696254300,10,2,0,1305,15,3
1696254360,10,2,0,1306,15,3
1696254420,10,2,0,1307,15,3
1696254480,10,2,0,1308,15,3
1696254540,10,2,0,1309,15,3
1696254600,10,2,0,1310,15,4
1696254660,10,2,0,1311,15,4
1696254720,10,2,0,1312,15,4
1696254780,10,2,0,1313,15,4
1696254840,10,2,0,1314,15,3
1696254900,10,2,0,1315,15,3
1696254960,10,2,0,1316,15,3
1696255020,10,2,0,1317,15,3
1696255080,10,2,0,1318,15,4
1696255140,10,2,0,1319,15,5
1696255260,10,2,0,1321,15,5
1696255320,10,2,0,1322,15,5
1696255380,10,2,0,1323,15,5
1696255440,10,2,0,1324,15,5
1696255500,10,2,0,1325,15,5
1696255560,10,2,0,1326,15,5
1696255620,10,2,0,1327,15,5
1696255680,10,2,0,1328,15,4
1696255740,10,2,0,1329,15,4
1696255800,10,2,0,1330,15,5
1696255860,10,2,0,1331,15,5
1696255920,10,2,0,1332,15,5
1696255980,10,2,0,1333,15,4
1696256040,10,2,0,1334,15,4
1696256100,10,2,0,1335,15,4
1696256160,10,2,0,1336,15,4
1696256220,10,2,0,1337,15,4
1696256280,10,2,0,1338,15,5
1696256340,10,2,0,1339,15,4
1696256460,10,2,0,1341,15,4
1696256520,10,2,0,1342,15,3
1696256580,10,2,0,1343,15,2
1696256640,10,2,0,1344,15,1
1696256700,10,2,0,1345,15,0
1696256760,10,2,0,1346,15,0
1696256820,10,2,0,1347,15,0
1696256880,10,2,0,1348,15,0
1696256940,10,2,0,1349,15,0
1696257000,10,2,0,1350,15,0
1696257060,10,2,0,1351,15,1
1696257120,10,2,0,1352,15,0
1696257180,10,2,0,1353,15,0
1696257240,10,2,0,1354,15,0
1696257300,10,2,0,1355,15,0
1696257360,10,2,0,1356,15,0
1696257420,10,2,0,1357,15,0
1696257480,10,2,0,1358,15,0
1696257540,10,2,0,1359,15,0
1696257600,10,2,0,1360,15,0
1696257660,10,2,0,1361,15,0
1696257720,10,2,0,1362,15,1
1696257780,10,2,0,1363,15,1
1696257840,10,2,0,1364,15,1
1696257900,10,2,0,1365,15,1
1696257960,10,2,0,1366,15,0
1696258020,10,2,0,1367,15,0
1696258080,10,2,0,1368,15,0
1696258140,10,2,0,1369,15,0
1696258200,10,2,0,1370,15,1
1696258260,10,2,0,1371,15,1
1696258320,10,2,0,1372,15,1
1696258380,10,2,0,1373,15,1
1696258440,10,2,0,1374,15,1
1696258500,10,2,0,1375,15,1
1696258560,10,2,0,1376,15,1
1696258620,10,2,0,1377,15,1
1696258680,10,2,0,1378,15,0
1696258740,10,2,0,1379,15,0
1696258860,10,2,0,1381,15,0
1696258920,10,2,0,1382,15,0
1696258980,10,2,0,1383,15,0
1696259040,10,2,0,1384,15,0
1696259100,10,2,0,1385,15,0
1696259160,10,2,0,1386,15,0
1696259220,10,2,0,1387,15,2
1696259280,10,2,0,1388,15,2
1696259340,10,2,0,1389,15,2
1696259400,10,2,0,1390,15,2
1696259460,10,2,0,1391,15,1
1696259520,10,2,0,1392,15,1
1696259580,10,2,0,1393,15,1
1696259640,10,2,0,1394,15,1
1696259700,10,2,0,1395,15,0
1696259820,10,2,0,1397,15,0
1696259880,10,2,0,1398,15,0
1696259940,10,2,0,1399,15,1
1696260060,10,2,0,1401,15,1
1696260120,10,2,0,1402,15,1
1696260180,10,2,0,1403,15,2
1696260240,10,2,0,1404,15,2
1696260300,10,2,0,1405,15,2
1696260360,10,2,0,1406,15,1
1696260420,10,2,0,1407,15,2
1696260480,10,2,0,1408,15,2
1696260540,10,2,0,1409,15,2
1696260600,10,2,0,1410,15,2
1696260660,10,2,0,1411,15,2
1696260720,10,2,0,1412,15,2
1696260780,10,2,0,1413,15,2
1696260840,10,2,0,1414,15,2
1696260900,10,2,0,1415,15,2
1696260960,10,2,0,1416,15,2
1696261020,10,2,0,1417,15,2
1696261080,10,2,0,1418,15,2
1696261140,10,2,0,1419,15,3
1696261200,10,2,0,1420,15,3
1696261260,10,2,0,1421,15,3
1696261320,10,2,0,1422,15,3
1696261380,10,2,0,1423,15,3
1696261440,10,2,0,1424,15,3
1696261500,10,2,0,1425,15,3
1696261560,10,2,0,1426,15,3
1696261620,10,2,0,1427,15,2
1696261680,10,2,0,1428,15,2
1696261740,10,2,0,1429,15,2
1696261800,10,2,0,1430,15,2
1696261860,10,2,0,1431,15,0
1696261920,10,2,0,1432,15,0
1696261980,10,2,0,1433,15,0
1696262040,10,2,0,1434,15,0
1696262100,10,2,0,1435,15,0
1696262160,10,2,0,1436,15,0
1696262220,10,2,0,1437,15,0
1696262280,10,2,0,1438,15,0
1696262340,10,2,0,1439,15,0
1696262460,10,3,1,1,15,0
1696262520,10,3,1,2,15,0
1696262580,10,3,1,3,15,0
1696262640,10,3,1,4,15,0
1696262700,10,3,1,5,15,0
1696262760,10,3,1,6,15,0
1696262820,10,3,1,7,15,0
1696262880,10,3,1,8,15,0
1696262940,10,3,1,9,15,0
1696263000,10,3,1,10,15,0
1696263060,10,3,1,11,15,0
1696263120,10,3,1,12,15,0
1696263180,10,3,1,13,15,0
1696263240,10,3,1,14,15,0
1696263300,10,3,1,15,15,1
1696263360,10,3,1,16,15,1
1696263420,10,3,1,17,15,1
1696263480,10,3,1,18,15,1
1696263540,10,3,1,19,15,1
1696263660,10,3,1,21,15,1
1696263720,10,3,1,22,15,1
1696263780,10,3,1,23,15,1
1696263840,10,3,1,24,15,1
1696263900,10,3,1,25,15,0
1696263960,10,3,1,26,15,0
1696264020,10,3,1,27,15,0
1696264080,10,3,1,28,15,0
1696264140,10,3,1,29,15,0
1696264200,10,3,1,30,15,0
1696264260,10,3,1,31,15,0
1696264320,10,3,1,32,15,0
1696264380,10,3,1,33,15,0
1696264440,10,3,1,34,15,0
1696264500,10,3,1,35,15,0
1696264560,10,3,1,36,15,0
1696264620,10,3,1,37,15,0
1696264680,10,3,1,38,15,0
1696264740,10,3,1,39,15,1
1696264800,10,3,1,40,15,1
1696264860,10,3,1,41,15,1
1696264920,10,3,1,42,15,1
1696264980,10,3,1,43,15,1
1696265040,10,3,1,44,15,1
1696265100,10,3,1,45,15,1
1696265160,10,3,1,46,15,1
1696265220,10,3,1,47,15,1
1696265280,10,3,1,48,15,1
1696265340,10,3,1,49,15,1
1696265400,10,3,1,50,15,1
1696265460,10,3,1,51,15,1
1696265520,10,3,1,52,15,1
1696265580,10,3,1,53,15,1
1696265640,10,3,1,54,15,1
1696265700,10,3,1,55,15,1
1696265760,10,3,1,56,15,1
1696265820,10,3,1,57,15,0
1696265880,10,3,1,58,15,0
1696265940,10,3,1,59,15,0
1696266000,10,3,1,60,15,0
1696266060,10,3,1,61,15,0
1696266120,10,3,1,62,15,1
1696266180,10,3,1,63,15,1
1696266240,10,3,1,64,15,1
1696266300,10,3,1,65,15,1
1696266360,10,3,1,66,15,1
1696266420,10,3,1,67,15,1
1696266480,10,3,1,68,15,1
1696266540,10,3,1,69,15,1
1696266600,10,3,1,70,15,1
1696266660,10,3,1,71,15,2
1696266720,10,3,1,72,15,2
1696266780,10,3,1,73,15,2
1696266840,10,3,1,74,15,2
1696266900,10,3,1,75,15,2
1696266960,10,3,1,76,15,2
1696267020,10,3,1,77,15,2
1696267080,10,3,1,78,15,3
1696267140,10,3,1,79,15,3
1696267260,10,3,1,81,15,3
1696267320,10,3,1,82,15,3
1696267380,10,3,1,83,15,3
1696267440,10,3,1,84,15,3
1696267500,10,3,1,85,15,3
1696267560,10,3,1,86,15,3
1696267620,10,3,1,87,15,3
1696267680,10,3,1,88,15,3
1696267740,10,3,1,89,15,4
1696267800,10,3,1,90,15,4
1696267860,10,3,1,91,15,4
1696267920,10,3,1,92,15,4
1696267980,10,3,1,93,15,4
1696268040,10,3,1,94,15,5
1696268100,10,3,1,95,15,5
1696268160,10,3,1,96,15,5
1696268220,10,3,1,97,15,5
1696268280,10,3,1,98,15,5
1696268340,10,3,1,99,15,5
1696268400,10,3,1,100,15,5
1696268460,10,3,1,101,15,5
1696268520,10,3,1,102,15,5
1696268580,10,3,1,103,15,5
1696268640,10,3,1,104,15,4
1696268700,10,3,1,105,15,4
1696268760,10,3,1,106,15,4
1696268820,10,3,1,107,15,4
1696268880,10,3,1,108,15,5
1696268940,10,3,1,109,15,5
1696269000,10,3,1,110,15,5
1696269060,10,3,1,111,15,5
1696269120,10,3,1,112,15,5
1696269180,10,3,1,113,15,5
1696269240,10,3,1,114,15,5
1696269300,10,3,1,115,15,5
1696269360,10,3,1,116,15,5
1696269420,10,3,1,117,15,5
1696269480,10,3,1,118,15,5
1696269540,10,3,1,119,15,5
1696269660,10,3,1,121,15,5
1696269720,10,3,1,122,15,5
1696269780,10,3,1,123,15,5
1696269840,10,3,1,124,15,6
1696269900,10,3,1,125,15,6
1696269960,10,3,1,126,15,6
1696270020,10,3,1,127,15,6
1696270080,10,3,1,128,15,6
1696270140,10,3,1,129,15,6
1696270200,10,3,1,130,15,6
1696270260,10,3,1,131,15,6
1696270320,10,3,1,132,15,6
1696270380,10,3,1,133,15,6
1696270440,10,3,1,134,15,6
1696270500,10,3,1,135,15,6
1696270560,10,3,1,136,15,6
1696270620,10,3,1,137,15,6
1696270680,10,3,1,138,15,6
1696270740,10,3,1,139,15,6
1696270860,10,3,1,141,15,6
1696270920,10,3,1,142,15,6
1696270980,10,3,1,143,15,6
1696271040,10,3,1,144,15,6
1696271100,10,3,1,145,15,6
1696271160,10,3,1,146,15,6
1696271220,10,3,1,147,15,6
1696271280,10,3,1,148,15,6
1696271340,10,3,1,149,15,6
1696271400,10,3,1,150,15,6
1696271460,10,3,1,151,15,6
1696271520,10,3,1,152,15,6
1696271580,10,3,1,153,15,6
1696271640,10,3,1,154,15,6
1696271700,10,3,1,155,15,6
1696271760,10,3,1,156,15,6
1696271820,10,3,1,157,15,6
1696271880,10,3,1,158,15,6
1696271940,10,3,1,159,15,7
1696272000,10,3,1,160,15,7
1696272060,10,3,1,161,15,7
1696272120,10,3,1,162,15,7
1696272180,10,3,1,163,15,7
1696272240,10,3,1,164,15,7
1696272300,10,3,1,165,15,7
1696272360,10,3,1,166,15,7
1696272420,10,3,1,167,15,7
1696272480,10,3,1,168,15,7
1696272540,10,3,1,169,15,7
1696272600,10,3,1,170,15,7
1696272660,10,3,1,171,15,7
1696272720,10,3,1,172,15,7
1696272780,10,3,1,173,15,7
1696272840,10,3,1,174,15,7
1696272900,10,3,1,175,15,7
1696272960,10,3,1,176,15,7
1696273020,10,3,1,177,15,7
1696273080,10,3,1,178,15,7
1696273140,10,3,1,179,15,7
1696273200,10,3,1,180,15,7
1696273260,10,3,1,181,15,7
1696273320,10,3,1,182,15,7
1696273380,10,3,1,183,15,7
1696273440,10,3,1,184,15,7
1696273500,10,3,1,185,15,7
1696273560,10,3,1,186,15,7
1696273620,10,3,1,187,15,7
1696273680,10,3,1,188,15,7
1696273740,10,3,1,189,15,7
1696273800,10,3,1,190,15,7
1696273860,10,3,1,191,15,7
1696273920,10,3,1,192,15,7
1696273980,10,3,1,193,15,7
1696274040,10,3,1,194,15,7
1696274100,10,3,1,195,15,7
1696274160,10,3,1,196,15,7
1696274220,10,3,1,197,15,7
1696274280,10,3,1,198,15,7
1696274340,10,3,1,199,15,7
1696274400,10,3,1,200,15,7
1696274520,10,3,1,202,15,7
1696274580,10,3,1,203,15,7
1696274640,10,3,1,204,15,7
1696274700,10,3,1,205,15,7
1696274760,10,3,1,206,15,7
1696274820,10,3,1,207,15,7
1696274880,10,3,1,208,15,7
1696274940,10,3,1,209,15,7
1696275000,10,3,1,210,15,7
1696275060,10,3,1,211,15,7
1696275120,10,3,1,212,15,7
1696275180,10,3,1,213,15,7
1696275240,10,3,1,214,15,7
1696275300,10,3,1,215,15,7
1696275360,10,3,1,216,15,7
1696275420,10,3,1,217,15,7
1696275480,10,3,1,218,15,7
1696275540,10,3,1,219,15,7
1696275600,10,3,1,220,15,7
1696275660,10,3,1,221,15,7
1696275720,10,3,1,222,15,7
1696275780,10,3,1,223,15,7
1696275840,10,3,1,224,15,7
1696275900,10,3,1,225,15,7
1696275960,10,3,1,226,15,7
1696276020,10,3,1,227,15,7
1696276080,10,3,1,228,15,7
1696276140,10,3,1,229,15,7
1696276200,10,3,1,230,15,7
1696276260,10,3,1,231,15,7
1696276320,10,3,1,232,15,7
1696276380,10,3,1,233,15,7
1696276440,10,3,1,234,15,7
1696276500,10,3,1,235,15,8
1696276560,10,3,1,236,15,8
1696276620,10,3,1,237,15,8
1696276680,10,3,1,238,15,8
1696276740,10,3,1,239,15,8
1696276860,10,3,1,241,15,7
1696276920,10,3,1,242,15,7
1696276980,10,3,1,243,15,7
1696277100,10,3,1,245,15,7
1696277160,10,3,1,246,15,7
1696277220,10,3,1,247,15,7
1696277280,10,3,1,248,15,7
1696277340,10,3,1,249,15,7
1696277400,10,3,1,250,15,7
1696277460,10,3,1,251,15,7
1696277520,10,3,1,252,15,7
1696277580,10,3,1,253,15,7
1696277640,10,3,1,254,15,7
1696277700,10,3,1,255,15,7
1696277760,10,3,1,256,15,7
1696277820,10,3,1,257,15,7
1696277880,10,3,1,258,15,7
1696277940,10,3,1,259,15,7
1696278060,10,3,1,261,15,7
1696278120,10,3,1,262,15,7
1696278180,10,3,1,263,15,7
1696278240,10,3,1,264,15,7
1696278300,10,3,1,265,15,7
1696278360,10,3,1,266,15,7
1696278420,10,3,1,267,15,7
1696278480,10,3,1,268,15,7
1696278540,10,3,1,269,15,7
1696278600,10,3,1,270,15,7
1696278660,10,3,1,271,15,7
1696278720,10,3,1,272,15,7
1696278780,10,3,1,273,15,7
1696278840,10,3,1,274,15,7
1696278900,10,3,1,275,15,7
1696278960,10,3,1,276,15,7
1696279020,10,3,1,277,15,7
1696279080,10,3,1,278,15,7
1696279140,10,3,1,279,15,7
1696279200,10,3,1,280,15,7
1696279260,10,3,1,281,15,7
1696279320,10,3,1,282,15,7
1696279380,10,3,1,283,15,6
1696279440,10,3,1,284,15,6
1696279500,10,3,1,285,15,6
1696279560,10,3,1,286,15,6
1696279620,10,3,1,287,15,6
1696279680,10,3,1,288,15,6
1696279740,10,3,1,289,15,6
1696279800,10,3,1,290,15,6
1696279860,10,3,1,291,15,6
1696279920,10,3,1,292,15,6
1696279980,10,3,1,293,15,6
1696280040,10,3,1,294,15,6
1696280100,10,3,1,295,15,6
1696280160,10,3,1,296,15,6
1696280220,10,3,1,297,15,6
1696280280,10,3,1,298,15,6
1696280340,10,3,1,299,15,6
1696280400,10,3,1,300,15,6
1696280460,10,3,1,301,15,6
1696280520,10,3,1,302,15,6
1696280580,10,3,1,303,15,6
1696280640,10,3,1,304,15,6
1696280700,10,3,1,305,15,6
1696280760,10,3,1,306,15,6
1696280820,10,3,1,307,15,6
1696280880,10,3,1,308,15,6
1696280940,10,3,1,309,15,6
1696281000,10,3,1,310,15,6
1696281060,10,3,1,311,15,6
1696281120,10,3,1,312,15,6
1696281180,10,3,1,313,15,6
1696281240,10,3,1,314,15,6
1696281300,10,3,1,315,15,6
1696281360,10,3,1,316,15,6
1696281420,10,3,1,317,15,6
1696281480,10,3,1,318,15,6
1696281540,10,3,1,319,15,6
1696281660,10,3,1,321,15,6
1696281720,10,3,1,322,15,6
1696281780,10,3,1,323,15,6
1696281840,10,3,1,324,15,6
1696281900,10,3,1,325,15,6
1696281960,10,3,1,326,15,6
1696282020,10,3,1,327,15,6
1696282080,10,3,1,328,15,6
1696282140,10,3,1,329,15,6
1696282200,10,3,1,330,15,6
1696282260,10,3,1,331,15,6
1696282320,10,3,1,332,15,6
1696282380,10,3,1,333,15,6
1696282440,10,3,1,334,15,6
1696282500,10,3,1,335,15,6
1696282560,10,3,1,336,15,6
1696282620,10,3,1,337,15,6
1696282680,10,3,1,338,15,6
1696282740,10,3,1,339,15,6
1696282800,10,3,1,340,15,6
1696282860,10,3,1,341,15,5
1696282920,10,3,1,342,15,5
1696282980,10,3,1,343,15,5
1696283040,10,3,1,344,15,5
1696283100,10,3,1,345,15,6
1696283160,10,3,1,346,15,6
1696283220,10,3,1,347,15,6
1696283280,10,3,1,348,15,6
1696283340,10,3,1,349,15,6
1696283400,10,3,1,350,15,6
1696283460,10,3,1,351,15,7
1696283520,10,3,1,352,15,7
1696283580,10,3,1,353,15,7
1696283640,10,3,1,354,15,7
1696283700,10,3,1,355,15,7
1696283760,10,3,1,356,15,7
1696283820,10,3,1,357,15,7
1696283880,10,3,1,358,15,7
1696283940,10,3,1,359,15,7
1696284000,10,3,1,360,15,7
1696284060,10,3,1,361,15,7
1696284120,10,3,1,362,15,7
1696284180,10,3,1,363,15,7
1696284240,10,3,1,364,15,7
1696284300,10,3,1,365,15,7
1696284360,10,3,1,366,15,7
1696284420,10,3,1,367,15,7
1696284480,10,3,1,368,15,7
1696284540,10,3,1,369,15,7
1696284600,10,3,1,370,15,7
1696284660,10,3,1,371,15,8
1696284720,10,3,1,372,15,8
1696284780,10,3,1,373,15,8
1696284840,10,3,1,374,15,8
1696284900,10,3,1,375,15,8
1696284960,10,3,1,376,15,8
1696285020,10,3,1,377,15,8
1696285080,10,3,1,378,15,8
1696285140,10,3,1,379,15,8
1696285260,10,3,1,381,15,8
1696285320,10,3,1,382,15,8
1696285380,10,3,1,383,15,8
1696285440,10,3,1,384,15,8
1696285500,10,3,1,385,15,8
1696285560,10,3,1,386,15,8
1696285620,10,3,1,387,15,8
1696285680,10,3,1,388,15,8
1696285740,10,3,1,389,15,8
1696285800,10,3,1,390,15,8
1696285860,10,3,1,391,15,8
1696285920,10,3,1,392,15,8
1696285980,10,3,1,393,15,8
1696286040,10,3,1,394,15,8
1696286100,10,3,1,395,15,7
1696286160,10,3,1,396,15,7
1696286220,10,3,1,397,15,7
1696286280,10,3,1,398,15,6
1696286340,10,3,1,399,15,6
1696286400,10,3,1,400,15,6
1696286460,10,3,1,401,15,6
1696286520,10,3,1,402,15,6
1696286580,10,3,1,403,15,6
1696286640,10,3,1,404,15,6
1696286700,10,3,1,405,15,6
1696286760,10,3,1,406,15,6
1696286820,10,3,1,407,15,6
1696286880,10,3,1,408,15,6
1696286940,10,3,1,409,15,6
1696287000,10,3,1,410,15,6
1696287060,10,3,1,411,15,6
1696287120,10,3,1,412,15,6
1696287180,10,3,1,413,15,6
1696287240,10,3,1,414,15,6
1696287300,10,3,1,415,15,6
1696287360,10,3,1,416,15,6
1696287420,10,3,1,417,15,6
1696287480,10,3,1,418,15,6
1696287540,10,3,1,419,15,6
1696287600,10,3,1,420,15,6
1696287720,10,3,1,422,15,6
1696287780,10,3,1,423,15,6
1696287840,10,3,1,424,15,6
1696287900,10,3,1,425,15,6
1696287960,10,3,1,426,15,6
1696288020,10,3,1,427,15,6
1696288080,10,3,1,428,15,6
1696288140,10,3,1,429,15,6
1696288200,10,3,1,430,15,6
1696288260,10,3,1,431,15,6
1696288320,10,3,1,432,15,6
1696288380,10,3,1,433,15,6
1696288440,10,3,1,434,15,5
1696288500,10,3,1,435,15,4
1696288560,10,3,1,436,15,4
1696288620,10,3,1,437,15,4
1696288680,10,3,1,438,15,4
1696288740,10,3,1,439,15,4
1696288860,10,3,1,441,15,5
1696288920,10,3,1,442,15,5
1696288980,10,3,1,443,15,5
1696289040,10,3,1,444,15,5
1696289100,10,3,1,445,15,4
1696289160,10,3,1,446,15,4
1696289220,10,3,1,447,15,4
1696289280,10,3,1,448,15,4
1696289340,10,3,1,449,15,4
1696289460,10,3,1,451,15,4
1696289520,10,3,1,452,15,3
1696289580,10,3,1,453,15,3
1696289640,10,3,1,454,15,3
1696289700,10,3,1,455,15,3
1696289760,10,3,1,456,15,3
1696289820,10,3,1,457,15,3
1696289880,10,3,1,458,15,5
1696289940,10,3,1,459,15,5
1696290000,10,3,1,460,15,5
1696290060,10,3,1,461,15,3
1696290120,10,3,1,462,15,3
1696290180,10,3,1,463,15,3
1696290240,10,3,1,464,15,3
1696290300,10,3,1,465,15,3
1696290360,10,3,1,466,15,3
1696290420,10,3,1,467,15,2
1696290480,10,3,1,468,15,3
1696290540,10,3,1,469,15,3
1696290600,10,3,1,470,15,3
1696290660,10,3,1,471,15,2
1696290720,10,3,1,472,15,5
1696290780,10,3,1,473,15,5
1696290840,10,3,1,474,15,5
1696290900,10,3,1,475,15,5
1696290960,10,3,1,476,15,3
1696291020,10,3,1,477,15,3
1696291080,10,3,1,478,15,3
1696291140,10,3,1,479,15,2
1696291260,10,3,1,481,15,1
1696291320,10,3,1,482,15,1
1696291380,10,3,1,483,15,1
1696291440,10,3,1,484,15,1
1696291500,10,3,1,485,15,2
1696291560,10,3,1,486,15,1
1696291620,10,3,1,487,15,0
1696291680,10,3,1,488,15,0
1696291740,10,3,1,489,15,0
1696291800,10,3,1,490,15,0
1696291860,10,3,1,491,15,1
1696291920,10,3,1,492,15,1
1696291980,10,3,1,493,15,0
1696292040,10,3,1,494,15,0
1696292100,10,3,1,495,15,0
1696292160,10,3,1,496,15,0
1696292220,10,3,1,497,15,0
1696292280,10,3,1,498,15,0
1696292340,10,3,1,499,15,0
1696292460,10,3,1,501,15,0
1696292520,10,3,1,502,15,0
1696292580,10,3,1,503,15,0
1696292640,10,3,1,504,15,0
1696292700,10,3,1,505,15,0
1696292760,10,3,1,506,15,0
1696292820,10,3,1,507,15,0
1696292940,10,3,1,509,15,0
1696293060,10,3,1,511,15,0
1696293120,10,3,1,512,15,0
1696293180,10,3,1,513,15,1
1696293240,10,3,1,514,15,1
1696293300,10,3,1,515,15,4
1696293360,10,3,1,516,15,2
1696293420,10,3,1,517,15,1
1696293480,10,3,1,518,15,0
1696293600,10,3,1,520,15,0
1696293660,10,3,1,521,15,0
1696293720,10,3,1,522,15,0
1696293780,10,3,1,523,15,1
1696293840,10,3,1,524,15,1
1696293900,10,3,1,525,15,1
1696293960,10,3,1,526,15,2
1696294020,10,3,1,527,15,2
1696294080,10,3,1,528,15,0
1696294140,10,3,1,529,15,1
1696294200,10,3,1,530,15,0
1696294260,10,3,1,531,15,0
1696294320,10,3,1,532,15,0
1696294380,10,3,1,533,15,0
1696294440,10,3,1,534,15,0
1696294500,10,3,1,535,15,0
1696294560,10,3,1,536,15,0
1696294620,10,3,1,537,15,0
1696294680,10,3,1,538,15,0
1696294740,10,3,1,539,15,0
1696294860,10,3,1,541,15,0
1696294920,10,3,1,542,15,1
1696294980,10,3,1,543,15,1
1696295040,10,3,1,544,15,0
1696295100,10,3,1,545,15,1
1696295160,10,3,1,546,15,1
1696295220,10,3,1,547,15,1
1696295280,10,3,1,548,15,0
1696295340,10,3,1,549,15,0
1696295400,10,3,1,550,15,0
1696295460,10,3,1,551,15,0
1696295520,10,3,1,552,15,1
1696295580,10,3,1,553,15,1
1696295640,10,3,1,554,15,0
1696295700,10,3,1,555,15,2
1696295760,10,3,1,556,15,2
1696295820,10,3,1,557,15,2
1696295880,10,3,1,558,15,2
1696295940,10,3,1,559,15,1
1696296060,10,3,1,561,15,0
1696296120,10,3,1,562,15,1
1696296180,10,3,1,563,15,1
1696296240,10,3,1,564,15,1
1696296300,10,3,1,565,15,1
1696296360,10,3,1,566,15,0
1696296420,10,3,1,567,15,0
1696296480,10,3,1,568,15,0
1696296540,10,3,1,569,15,0
1696296660,10,3,1,571,15,0
1696296720,10,3,1,572,15,0
1696296780,10,3,1,573,15,0
1696296840,10,3,1,574,15,0
1696296900,10,3,1,575,15,0
1696296960,10,3,1,576,15,0
1696297020,10,3,1,577,15,0
1696297080,10,3,1,578,15,0
1696297140,10,3,1,579,15,1
1696297200,10,3,1,580,15,0
1696297260,10,3,1,581,15,0
1696297320,10,3,1,582,15,0
1696297380,10,3,1,583,15,0
1696297440,10,3,1,584,15,0
1696297500,10,3,1,585,15,0
1696297560,10,3,1,586,15,0
1696297620,10,3,1,587,15,0
1696297680,10,3,1,588,15,0
1696297740,10,3,1,589,15,1
1696297800,10,3,1,590,15,1
1696297860,10,3,1,591,15,1
1696297920,10,3,1,592,15,2
1696297980,10,3,1,593,15,1
1696298040,10,3,1,594,15,0
1696298100,10,3,1,595,15,0
1696298160,10,3,1,596,15,0
1696298220,10,3,1,597,15,0
1696298280,10,3,1,598,15,0
1696298340,10,3,1,599,15,1
1696298460,10,3,1,601,15,0
1696298520,10,3,1,602,15,0
1696298580,10,3,1,603,15,0
1696298640,10,3,1,604,15,0
1696298700,10,3,1,605,15,0
1696298760,10,3,1,606,15,0
1696298820,10,3,1,607,15,0
1696298880,10,3,1,608,15,0
1696298940,10,3,1,609,15,0
1696299000,10,3,1,610,15,1
1696299060,10,3,1,611,15,1
1696299120,10,3,1,612,15,1
1696299180,10,3,1,613,15,1
1696299240,10,3,1,614,15,1
1696299300,10,3,1,615,15,1
1696299360,10,3,1,616,15,0
1696299420,10,3,1,617,15,0
1696299480,10,3,1,618,15,0
1696299540,10,3,1,619,15,0
1696299660,10,3,1,621,15,0
1696299720,10,3,1,622,15,1
1696299780,10,3,1,623,15,1
1696299840,10,3,1,624,15,0
1696299900,10,3,1,625,15,0
1696299960,10,3,1,626,15,0
1696300020,10,3,1,627,15,0
1696300080,10,3,1,628,15,0
1696300140,10,3,1,629,15,0
1696300200,10,3,1,630,15,0
1696300260,10,3,1,631,15,1
1696300320,10,3,1,632,15,1
1696300380,10,3,1,633,15,0
1696300440,10,3,1,634,15,0
1696300500,10,3,1,635,15,0
1696300560,10,3,1,636,15,1
1696300620,10,3,1,637,15,1
1696300680,10,3,1,638,15,0
1696300740,10,3,1,639,15,0
1696300800,10,3,1,640,15,0
1696300860,10,3,1,641,15,0
1696300920,10,3,1,642,15,0
1696300980,10,3,1,643,15,0
1696301040,10,3,1,644,15,0
1696301100,10,3,1,645,15,0
1696301160,10,3,1,646,15,0
1696301220,10,3,1,647,15,0
1696301280,10,3,1,648,15,0
1696301340,10,3,1,649,15,0
1696301400,10,3,1,650,15,0
1696301460,10,3,1,651,15,0
1696301520,10,3,1,652,15,0
1696301580,10,3,1,653,15,0
1696301640,10,3,1,654,15,0
1696301700,10,3,1,655,15,0
1696301760,10,3,1,656,15,0
1696301820,10,3,1,657,15,0
1696301880,10,3,1,658,15,0
1696301940,10,3,1,659,15,0
1696302000,10,3,1,660,15,0
1696302120,10,3,1,662,15,0
1696302180,10,3,1,663,15,0
1696302240,10,3,1,664,15,0
1696302300,10,3,1,665,15,0
1696302360,10,3,1,666,15,0
1696302420,10,3,1,667,15,0
1696302480,10,3,1,668,15,0
1696302540,10,3,1,669,15,0
1696302600,10,3,1,670,15,0
1696302660,10,3,1,671,15,0
1696302720,10,3,1,672,15,0
1696302780,10,3,1,673,15,0
1696302840,10,3,1,674,15,0
1696302900,10,3,1,675,15,1
1696302960,10,3,1,676,15,1
1696303020,10,3,1,677,15,0
1696303080,10,3,1,678,15,0
1696303140,10,3,1,679,15,0
1696303260,10,3,1,681,15,0
1696303320,10,3,1,682,15,0
1696303380,10,3,1,683,15,0
1696303440,10,3,1,684,15,0
1696303500,10,3,1,685,15,0
1696303560,10,3,1,686,15,0
1696303620,10,3,1,687,15,0
1696303680,10,3,1,688,15,0
1696303740,10,3,1,689,15,0
1696303800,10,3,1,690,15,0
1696303860,10,3,1,691,15,0
1696303920,10,3,1,692,15,1
1696303980,10,3,1,693,15,1
1696304040,10,3,1,694,15,1
1696304100,10,3,1,695,15,0
1696304160,10,3,1,696,15,0
1696304220,10,3,1,697,15,0
1696304280,10,3,1,698,15,0
1696304340,10,3,1,699,15,0
1696304400,10,3,1,700,15,0
1696304460,10,3,1,701,15,0
1696304520,10,3,1,702,15,0
1696304580,10,3,1,703,15,0
1696304640,10,3,1,704,15,0
1696304700,10,3,1,705,15,0
1696304760,10,3,1,706,15,0
1696304820,10,3,1,707,15,0
1696304880,10,3,1,708,15,0
1696304940,10,3,1,709,15,0
1696305000,10,3,1,710,15,0
1696305060,10,3,1,711,15,0
1696305120,10,3,1,712,15,0
1696305180,10,3,1,713,15,0
1696305240,10,3,1,714,15,0
1696305300,10,3,1,715,15,0
1696305360,10,3,1,716,15,1
1696305420,10,3,1,717,15,1
1696305480,10,3,1,718,15,0
1696305540,10,3,1,719,15,0
1696305660,10,3,1,721,15,0
1696305720,10,3,1,722,15,0
1696305780,10,3,1,723,15,0
1696305840,10,3,1,724,15,0
1696305900,10,3,1,725,15,1
1696305960,10,3,1,726,15,1
1696306020,10,3,1,727,15,2
1696306080,10,3,1,728,15,1
1696306140,10,3,1,729,15,0
1696306200,10,3,1,730,15,0
1696306260,10,3,1,731,15,0
1696306320,10,3,1,732,15,2
1696306380,10,3,1,733,15,1
1696306440,10,3,1,734,15,1
1696306500,10,3,1,735,15,2
1696306560,10,3,1,736,15,1
1696306620,10,3,1,737,15,0
1696306680,10,3,1,738,15,0
1696306740,10,3,1,739,15,1
1696306860,10,3,1,741,15,1
1696306920,10,3,1,742,15,1
1696306980,10,3,1,743,15,0
1696307040,10,3,1,744,15,0
1696307100,10,3,1,745,15,1
1696307160,10,3,1,746,15,2
1696307220,10,3,1,747,15,2
1696307280,10,3,1,748,15,1
1696307340,10,3,1,749,15,1
1696307400,10,3,1,750,15,1
1696307460,10,3,1,751,15,1
1696307520,10,3,1,752,15,2
1696307580,10,3,1,753,15,2
1696307640,10,3,1,754,15,2
1696307700,10,3,1,755,15,4
1696307760,10,3,1,756,15,6
1696307820,10,3,1,757,15,6
1696307880,10,3,1,758,15,6
1696307940,10,3,1,759,15,4
1696308000,10,3,1,760,15,4
1696308060,10,3,1,761,15,3
1696308120,10,3,1,762,15,3
1696308180,10,3,1,763,15,3
1696308240,10,3,1,764,15,3
1696308300,10,3,1,765,15,3
1696308360,10,3,1,766,15,2
1696308420,10,3,1,767,15,2
1696308480,10,3,1,768,15,2
1696308540,10,3,1,769,15,3
1696308600,10,3,1,770,15,3
1696308660,10,3,1,771,15,2
1696308720,10,3,1,772,15,1
1696308780,10,3,1,773,15,1
1696308840,10,3,1,774,15,1
1696308900,10,3,1,775,15,1
1696308960,10,3,1,776,15,1
1696309020,10,3,1,777,15,1
1696309140,10,3,1,779,15,1
1696309200,10,3,1,780,15,0
1696309320,10,3,1,782,15,0
1696309380,10,3,1,783,15,1
1696309440,10,3,1,784,15,0
1696309500,10,3,1,785,15,0
1696309560,10,3,1,786,15,0
1696309620,10,3,1,787,15,0
1696309680,10,3,1,788,15,0
1696309740,10,3,1,789,15,0
1696309800,10,3,1,790,15,1
1696309860,10,3,1,791,15,1
1696309920,10,3,1,792,15,1
1696309980,10,3,1,793,15,0
1696310040,10,3,1,794,15,0
1696310100,10,3,1,795,15,0
1696310160,10,3,1,796,15,0
1696310220,10,3,1,797,15,0
1696310280,10,3,1,798,15,0
1696310340,10,3,1,799,15,0
1696310460,10,3,1,801,15,0
1696310520,10,3,1,802,15,1
1696310580,10,3,1,803,15,1
1696310640,10,3,1,804,15,1
1696310700,10,3,1,805,15,1
1696310760,10,3,1,806,15,1
1696310820,10,3,1,807,15,1
1696310880,10,3,1,808,15,1
1696310940,10,3,1,809,15,1
1696311060,10,3,1,811,15,1
1696311120,10,3,1,812,15,1
1696311180,10,3,1,813,15,1
1696311240,10,3,1,814,15,1
1696311300,10,3,1,815,15,1
1696311360,10,3,1,816,15,1
1696311420,10,3,1,817,15,0
1696311480,10,3,1,818,15,0
1696311540,10,3,1,819,15,0
1696311600,10,3,1,820,15,0
1696311660,10,3,1,821,15,0
1696311720,10,3,1,822,15,0
1696311780,10,3,1,823,15,0
1696311840,10,3,1,824,15,0
1696311900,10,3,1,825,15,0
1696311960,10,3,1,826,15,0
1696312020,10,3,1,827,15,0
1696312080,10,3,1,828,15,0
1696312140,10,3,1,829,15,0
1696312200,10,3,1,830,15,0
1696312260,10,3,1,831,15,0
1696312320,10,3,1,832,15,0
1696312380,10,3,1,833,15,0
1696312440,10,3,1,834,15,0
1696312500,10,3,1,835,15,0
1696312560,10,3,1,836,15,0
1696312620,10,3,1,837,15,0
1696312680,10,3,1,838,15,0
1696312740,10,3,1,839,15,0
1696312860,10,3,1,841,15,0
1696312920,10,3,1,842,15,0
1696312980,10,3,1,843,15,0
1696313040,10,3,1,844,15,0
1696313100,10,3,1,845,15,0
1696313160,10,3,1,846,15,0
1696313220,10,3,1,847,15,0
1696313280,10,3,1,848,15,0
1696313340,10,3,1,849,15,0
1696313400,10,3,1,850,15,0
1696313460,10,3,1,851,15,0
1696313520,10,3,1,852,15,0
1696313580,10,3,1,853,15,0
1696313640,10,3,1,854,15,0
1696313700,10,3,1,855,15,0
1696313760,10,3,1,856,15,1
1696313820,10,3,1,857,15,1
1696313880,10,3,1,858,15,1
1696313940,10,3,1,859,15,1
1696314060,10,3,1,861,15,1
1696314120,10,3,1,862,15,1
1696314180,10,3,1,863,15,1
1696314240,10,3,1,864,15,1
1696314300,10,3,1,865,15,1
1696314360,10,3,1,866,15,2
1696314420,10,3,1,867,15,2
1696314480,10,3,1,868,15,2
1696314540,10,3,1,869,15,2
1696314600,10,3,1,870,15,4
1696314660,10,3,1,871,15,4
1696314720,10,3,1,872,15,4
1696314780,10,3,1,873,15,4
1696314840,10,3,1,874,15,3
1696314900,10,3,1,875,15,3
1696314960,10,3,1,876,15,3
1696315020,10,3,1,877,15,3
1696315080,10,3,1,878,15,3
1696315140,10,3,1,879,15,3
1696315200,10,3,1,880,15,3
1696315260,10,3,1,881,15,3
1696315320,10,3,1,882,15,3
1696315380,10,3,1,883,15,3
1696315440,10,3,1,884,15,2
1696315500,10,3,1,885,15,3
1696315560,10,3,1,886,15,3
1696315620,10,3,1,887,15,3
1696315680,10,3,1,888,15,3
1696315740,10,3,1,889,15,3
1696315800,10,3,1,890,15,3
1696315860,10,3,1,891,15,1
1696315920,10,3,1,892,15,2
1696315980,10,3,1,893,15,2
1696316040,10,3,1,894,15,3
1696316100,10,3,1,895,15,3
1696316160,10,3,1,896,15,2
1696316220,10,3,1,897,15,2
1696316280,10,3,1,898,15,2
1696316340,10,3,1,899,15,1
1696316460,10,3,1,901,15,1
1696316520,10,3,1,902,15,2
1696316580,10,3,1,903,15,2
1696316640,10,3,1,904,15,2
1696316700,10,3,1,905,15,2
1696316760,10,3,1,906,15,3
1696316820,10,3,1,907,15,0
1696316880,10,3,1,908,15,0
1696316940,10,3,1,909,15,0
1696317000,10,3,1,910,15,1
1696317060,10,3,1,911,15,1
1696317120,10,3,1,912,15,0
1696317180,10,3,1,913,15,0
1696317240,10,3,1,914,15,1
1696317300,10,3,1,915,15,2
1696317360,10,3,1,916,15,2
1696317420,10,3,1,917,15,1
1696317480,10,3,1,918,15,2
1696317540,10,3,1,919,15,1
1696317660,10,3,1,921,15,0
1696317720,10,3,1,922,15,1
1696317780,10,3,1,923,15,0
1696317840,10,3,1,924,15,0
1696317900,10,3,1,925,15,0
1696317960,10,3,1,926,15,0
1696318020,10,3,1,927,15,0
1696318080,10,3,1,928,15,0
1696318140,10,3,1,929,15,0
1696318200,10,3,1,930,15,0
1696318260,10,3,1,931,15,0
1696318320,10,3,1,932,15,0
1696318380,10,3,1,933,15,0
1696318440,10,3,1,934,15,0
1696318500,10,3,1,935,15,0
1696318560,10,3,1,936,15,0
1696318620,10,3,1,937,15,0
1696318680,10,3,1,938,15,1
1696318740,10,3,1,939,15,1
1696318800,10,3,1,940,15,1
1696318860,10,3,1,941,15,1
1696318920,10,3,1,942,15,1
1696318980,10,3,1,943,15,1
1696319040,10,3,1,944,15,1
1696319100,10,3,1,945,15,1
1696319160,10,3,1,946,15,2
1696319220,10,3,1,947,15,2
1696319280,10,3,1,948,15,1
1696319340,10,3,1,949,15,1
1696319400,10,3,1,950,15,0
1696319460,10,3,1,951,15,0
1696319520,10,3,1,952,15,0
1696319580,10,3,1,953,15,0
1696319640,10,3,1,954,15,0
1696319700,10,3,1,955,15,0
1696319760,10,3,1,956,15,0
1696319820,10,3,1,957,15,0
1696319880,10,3,1,958,15,0
1696319940,10,3,1,959,15,0
1696320000,10,3,1,960,15,0
1696320120,10,3,1,962,15,0
1696320180,10,3,1,963,15,0
1696320240,10,3,1,964,15,0
1696320300,10,3,1,965,15,0
1696320360,10,3,1,966,15,1
1696320420,10,3,1,967,15,1
1696320480,10,3,1,968,15,1
1696320540,10,3,1,969,15,2
1696320600,10,3,1,970,15,2
1696320660,10,3,1,971,15,2
1696320720,10,3,1,972,15,2
1696320780,10,3,1,973,15,2
1696320840,10,3,1,974,15,2
1696320900,10,3,1,975,15,2
1696320960,10,3,1,976,15,2
1696321020,10,3,1,977,15,2
1696321080,10,3,1,978,15,3
1696321140,10,3,1,979,15,3
1696321260,10,3,1,981,15,2
1696321320,10,3,1,982,15,3
1696321380,10,3,1,983,15,3
1696321440,10,3,1,984,15,3
1696321500,10,3,1,985,15,3
1696321560,10,3,1,986,15,3
1696321620,10,3,1,987,15,3
1696321680,10,3,1,988,15,3
1696321740,10,3,1,989,15,3
1696321860,10,3,1,991,15,4
1696321920,10,3,1,992,15,4
1696321980,10,3,1,993,15,3
1696322040,10,3,1,994,15,3
1696322100,10,3,1,995,15,3
1696322160,10,3,1,996,15,3
1696322220,10,3,1,997,15,3
1696322280,10,3,1,998,15,4
1696322340,10,3,1,999,15,4
1696322400,10,3,1,1000,15,4
1696322460,10,3,1,1001,15,4
1696322520,10,3,1,1002,15,5
1696322580,10,3,1,1003,15,5
1696322640,10,3,1,1004,15,5
1696322700,10,3,1,1005,15,5
1696322760,10,3,1,1006,15,5
1696322820,10,3,1,1007,15,5
1696322880,10,3,1,1008,15,6
1696322940,10,3,1,1009,15,8
1696323000,10,3,1,1010,15,7
1696323060,10,3,1,1011,15,7
1696323120,10,3,1,1012,15,7
1696323180,10,3,1,1013,15,7
1696323240,10,3,1,1014,15,7
1696323300,10,3,1,1015,15,7
1696323360,10,3,1,1016,15,7
1696323420,10,3,1,1017,15,7
1696323480,10,3,1,1018,15,7
1696323540,10,3,1,1019,15,7
1696323660,10,3,1,1021,15,6
1696323720,10,3,1,1022,15,6
1696323780,10,3,1,1023,15,5
1696323840,10,3,1,1024,15,5
1696323900,10,3,1,1025,15,5
1696323960,10,3,1,1026,15,5
1696324020,10,3,1,1027,15,5
1696324080,10,3,1,1028,15,6
1696324140,10,3,1,1029,15,7
1696324200,10,3,1,1030,15,7
1696324260,10,3,1,1031,15,6
1696324320,10,3,1,1032,15,5
1696324380,10,3,1,1033,15,5
1696324440,10,3,1,1034,15,5
1696324500,10,3,1,1035,15,5
1696324560,10,3,1,1036,15,5
1696324620,10,3,1,1037,15,5
1696324680,10,3,1,1038,15,5
1696324740,10,3,1,1039,15,5
1696324860,10,3,1,1041,15,6
1696324920,10,3,1,1042,15,7
1696324980,10,3,1,1043,15,7
1696325040,10,3,1,1044,15,7
1696325100,10,3,1,1045,15,8
1696325160,10,3,1,1046,15,8
1696325220,10,3,1,1047,15,8
1696325280,10,3,1,1048,15,8
1696325340,10,3,1,1049,15,8
1696325460,10,3,1,1051,15,10
1696325520,10,3,1,1052,15,10
1696325580,10,3,1,1053,15,10
1696325640,10,3,1,1054,15,10
1696325700,10,3,1,1055,15,10
1696325760,10,3,1,1056,15,10
1696325820,10,3,1,1057,15,10
1696325880,10,3,1,1058,15,10
1696326000,10,3,1,1060,15,9
1696326060,10,3,1,1061,15,9
1696326120,10,3,1,1062,15,10
1696326180,10,3,1,1063,15,10
1696326240,10,3,1,1064,15,10
1696326300,10,3,1,1065,15,8
1696326360,10,3,1,1066,15,8
1696326420,10,3,1,1067,15,8
1696326480,10,3,1,1068,15,8
1696326540,10,3,1,1069,15,8
1696326600,10,3,1,1070,15,8
1696326660,10,3,1,1071,15,8
1696326720,10,3,1,1072,15,7
1696326780,10,3,1,1073,15,7
1696326840,10,3,1,1074,15,7
1696326900,10,3,1,1075,15,7
1696326960,10,3,1,1076,15,7
1696327020,10,3,1,1077,15,7
1696327080,10,3,1,1078,15,6
1696327140,10,3,1,1079,15,5
1696327260,10,3,1,1081,15,1
1696327320,10,3,1,1082,15,1
1696327380,10,3,1,1083,15,1
1696327440,10,3,1,1084,15,1
1696327500,10,3,1,1085,15,1
1696327560,10,3,1,1086,15,1
1696327620,10,3,1,1087,15,1
1696327680,10,3,1,1088,15,0
1696327740,10,3,1,1089,15,0
1696327800,10,3,1,1090,15,0
1696327860,10,3,1,1091,15,0
1696327920,10,3,1,1092,15,0
1696327980,10,3,1,1093,15,1
1696328040,10,3,1,1094,15,0
1696328100,10,3,1,1095,15,0
1696328160,10,3,1,1096,15,0
1696328220,10,3,1,1097,15,0
1696328280,10,3,1,1098,15,0
1696328340,10,3,1,1099,15,0
1696328460,10,3,1,1101,15,0
1696328520,10,3,1,1102,15,0
1696328580,10,3,1,1103,15,0
1696328640,10,3,1,1104,15,0
1696328700,10,3,1,1105,15,0
1696328760,10,3,1,1106,15,0
1696328820,10,3,1,1107,15,0
1696328880,10,3,1,1108,15,0
1696328940,10,3,1,1109,15,1
1696329060,10,3,1,1111,15,1
1696329120,10,3,1,1112,15,1
1696329180,10,3,1,1113,15,1
1696329240,10,3,1,1114,15,1
1696329300,10,3,1,1115,15,1
1696329360,10,3,1,1116,15,1
1696329420,10,3,1,1117,15,2
1696329480,10,3,1,1118,15,3
1696329540,10,3,1,1119,15,3
1696329600,10,3,1,1120,15,3
1696329660,10,3,1,1121,15,3
1696329720,10,3,1,1122,15,4
1696329780,10,3,1,1123,15,4
1696329840,10,3,1,1124,15,4
1696329900,10,3,1,1125,15,3
1696329960,10,3,1,1126,15,2
1696330020,10,3,1,1127,15,2
1696330080,10,3,1,1128,15,2
1696330140,10,3,1,1129,15,3
1696330200,10,3,1,1130,15,3
1696330260,10,3,1,1131,15,3
1696330320,10,3,1,1132,15,3
1696330380,10,3,1,1133,15,3
1696330440,10,3,1,1134,15,3
1696330500,10,3,1,1135,15,3
1696330560,10,3,1,1136,15,2
1696330620,10,3,1,1137,15,3
1696330680,10,3,1,1138,15,2
1696330740,10,3,1,1139,15,2
1696330860,10,3,1,1141,15,2
1696330920,10,3,1,1142,15,2
1696330980,10,3,1,1143,15,2
1696331040,10,3,1,1144,15,2
1696331100,10,3,1,1145,15,2
1696331160,10,3,1,1146,15,2
1696331220,10,3,1,1147,15,2
1696331280,10,3,1,1148,15,2
1696331340,10,3,1,1149,15,2
1696331400,10,3,1,1150,15,2
1696331460,10,3,1,1151,15,3
1696331520,10,3,1,1152,15,3
1696331580,10,3,1,1153,15,4
1696331640,10,3,1,1154,15,4
1696331700,10,3,1,1155,15,4
1696331760,10,3,1,1156,15,4
1696331820,10,3,1,1157,15,4
1696331880,10,3,1,1158,15,3
1696331940,10,3,1,1159,15,3
1696332060,10,3,1,1161,15,3
1696332120,10,3,1,1162,15,3
1696332180,10,3,1,1163,15,3
1696332240,10,3,1,1164,15,3
1696332300,10,3,1,1165,15,4
1696332360,10,3,1,1166,15,4
1696332420,10,3,1,1167,15,4
1696332480,10,3,1,1168,15,4
1696332540,10,3,1,1169,15,4
1696332660,10,3,1,1171,15,4
1696332720,10,3,1,1172,15,4
1696332780,10,3,1,1173,15,4
1696332840,10,3,1,1174,15,4
1696332900,10,3,1,1175,15,5
1696332960,10,3,1,1176,15,5
1696333020,10,3,1,1177,15,4
1696333080,10,3,1,1178,15,4
1696333140,10,3,1,1179,15,4
1696333200,10,3,1,1180,15,4
1696333260,10,3,1,1181,15,4
1696333320,10,3,1,1182,15,4
1696333380,10,3,1,1183,15,4
1696333440,10,3,1,1184,15,4
1696333500,10,3,1,1185,15,4
1696333560,10,3,1,1186,15,4
1696333620,10,3,1,1187,15,4
1696333680,10,3,1,1188,15,3
1696333740,10,3,1,1189,15,3
1696333800,10,3,1,1190,15,3
1696333860,10,3,1,1191,15,3
1696333920,10,3,1,1192,15,3
1696333980,10,3,1,1193,15,3
1696334040,10,3,1,1194,15,3
1696334100,10,3,1,1195,15,3
1696334160,10,3,1,1196,15,2
1696334220,10,3,1,1197,15,2
1696334280,10,3,1,1198,15,2
1696334340,10,3,1,1199,15,2
1696334400,10,3,1,1200,15,2
1696334520,10,3,1,1202,15,3
1696334580,10,3,1,1203,15,3
1696334640,10,3,1,1204,15,3
1696334700,10,3,1,1205,15,3
1696334760,10,3,1,1206,15,4
1696334820,10,3,1,1207,15,4
1696334880,10,3,1,1208,15,4
1696334940,10,3,1,1209,15,4
1696335000,10,3,1,1210,15,5
1696335060,10,3,1,1211,15,5
1696335120,10,3,1,1212,15,5
1696335180,10,3,1,1213,15,5
1696335240,10,3,1,1214,15,6
1696335300,10,3,1,1215,15,6
1696335360,10,3,1,1216,15,6
1696335420,10,3,1,1217,15,6
1696335480,10,3,1,1218,15,6
1696335540,10,3,1,1219,15,6
1696335660,10,3,1,1221,15,6
1696335720,10,3,1,1222,15,6
1696335780,10,3,1,1223,15,6
1696335840,10,3,1,1224,15,6
1696335900,10,3,1,1225,15,6
1696335960,10,3,1,1226,15,6
1696336020,10,3,1,1227,15,6
1696336080,10,3,1,1228,15,6
1696336140,10,3,1,1229,15,6
1696336200,10,3,1,1230,15,6
1696336260,10,3,1,1231,15,6
1696336320,10,3,1,1232,15,6
1696336380,10,3,1,1233,15,6
1696336440,10,3,1,1234,15,6
1696336500,10,3,1,1235,15,6
1696336560,10,3,1,1236,15,6
1696336620,10,3,1,1237,15,6
1696336680,10,3,1,1238,15,10
1696336740,10,3,1,1239,15,10
1696336800,10,3,1,1240,15,10
1696336860,10,3,1,1241,15,10
1696336920,10,3,1,1242,15,10
1696336980,10,3,1,1243,15,10
1696337040,10,3,1,1244,15,10
1696337100,10,3,1,1245,15,10
1696337160,10,3,1,1246,15,11
1696337220,10,3,1,1247,15,11
1696337280,10,3,1,1248,15,11
1696337340,10,3,1,1249,15,11
1696337400,10,3,1,1250,15,11
1696337460,10,3,1,1251,15,11
1696337520,10,3,1,1252,15,11
1696337580,10,3,1,1253,15,11
1696337640,10,3,1,1254,15,11
1696337700,10,3,1,1255,15,11
1696337760,10,3,1,1256,15,11
1696337820,10,3,1,1257,15,11
1696337880,10,3,1,1258,15,12
1696337940,10,3,1,1259,15,12
1696338060,10,3,1,1261,15,11
1696338120,10,3,1,1262,15,11
1696338180,10,3,1,1263,15,11
1696338240,10,3,1,1264,15,11
1696338300,10,3,1,1265,15,11
1696338360,10,3,1,1266,15,11
1696338420,10,3,1,1267,15,11
1696338480,10,3,1,1268,15,10
1696338540,10,3,1,1269,15,10
1696338600,10,3,1,1270,15,10
1696338660,10,3,1,1271,15,10
1696338720,10,3,1,1272,15,10
1696338780,10,3,1,1273,15,10
1696338840,10,3,1,1274,15,11
1696338900,10,3,1,1275,15,11
1696338960,10,3,1,1276,15,11
1696339020,10,3,1,1277,15,11
1696339080,10,3,1,1278,15,10
1696339140,10,3,1,1279,15,9
1696339260,10,3,1,1281,15,9
1696339320,10,3,1,1282,15,10
1696339380,10,3,1,1283,15,10
1696339440,10,3,1,1284,15,10
1696339500,10,3,1,1285,15,10
1696339560,10,3,1,1286,15,13
1696339620,10,3,1,1287,15,13
1696339680,10,3,1,1288,15,13
1696339740,10,3,1,1289,15,13
1696339800,10,3,1,1290,15,13
1696339860,10,3,1,1291,15,13
1696339920,10,3,1,1292,15,13
1696339980,10,3,1,1293,15,13
1696340040,10,3,1,1294,15,14
1696340100,10,3,1,1295,15,14
1696340160,10,3,1,1296,15,14
1696340220,10,3,1,1297,15,14
1696340280,10,3,1,1298,15,14
1696340340,10,3,1,1299,15,14
1696340400,10,3,1,1300,15,13
1696340460,10,3,1,1301,15,13
1696340520,10,3,1,1302,15,13
1696340580,10,3,1,1303,15,13
1696340640,10,3,1,1304,15,13
1696340700,10,3,1,1305,15,13
1696340760,10,3,1,1306,15,13
1696340820,10,3,1,1307,15,13
1696340880,10,3,1,1308,15,13
1696340940,10,3,1,1309,15,13
1696341000,10,3,1,1310,15,13
1696341060,10,3,1,1311,15,13
1696341120,10,3,1,1312,15,13
1696341180,10,3,1,1313,15,13
1696341240,10,3,1,1314,15,14
1696341300,10,3,1,1315,15,14
1696341360,10,3,1,1316,15,14
1696341420,10,3,1,1317,15,14
1696341480,10,3,1,1318,15,14
1696341540,10,3,1,1319,15,14
1696341660,10,3,1,1321,15,14
1696341720,10,3,1,1322,15,14
1696341780,10,3,1,1323,15,14
1696341840,10,3,1,1324,15,14
1696341900,10,3,1,1325,15,14
1696341960,10,3,1,1326,15,14
1696342020,10,3,1,1327,15,14
1696342080,10,3,1,1328,15,14
1696342140,10,3,1,1329,15,14
1696342200,10,3,1,1330,15,14
1696342260,10,3,1,1331,15,14
1696342320,10,3,1,1332,15,14
1696342380,10,3,1,1333,15,13
1696342440,10,3,1,1334,15,14
1696342500,10,3,1,1335,15,14
1696342560,10,3,1,1336,15,14
1696342620,10,3,1,1337,15,14
1696342680,10,3,1,1338,15,14
1696342740,10,3,1,1339,15,14
1696342860,10,3,1,1341,15,14
1696342920,10,3,1,1342,15,14
1696342980,10,3,1,1343,15,14
1696343040,10,3,1,1344,15,14
1696343100,10,3,1,1345,15,14
1696343160,10,3,1,1346,15,14
1696343220,10,3,1,1347,15,14
1696343280,10,3,1,1348,15,14
1696343340,10,3,1,1349,15,14
1696343400,10,3,1,1350,15,14
1696343520,10,3,1,1352,15,14
1696343580,10,3,1,1353,15,14
1696343640,10,3,1,1354,15,14
1696343700,10,3,1,1355,15,13
1696343760,10,3,1,1356,15,13
1696343820,10,3,1,1357,15,13
1696343880,10,3,1,1358,15,14
1696343940,10,3,1,1359,15,14
1696344000,10,3,1,1360,15,14
1696344060,10,3,1,1361,15,14
1696344120,10,3,1,1362,15,14
1696344180,10,3,1,1363,15,14
1696344240,10,3,1,1364,15,14
1696344300,10,3,1,1365,15,14
1696344360,10,3,1,1366,15,14
1696344420,10,3,1,1367,15,14
1696344480,10,3,1,1368,15,14
1696344540,10,3,1,1369,15,14
1696344600,10,3,1,1370,15,13
1696344660,10,3,1,1371,15,13
1696344720,10,3,1,1372,15,13
1696344780,10,3,1,1373,15,13
1696344840,10,3,1,1374,15,13
1696344900,10,3,1,1375,15,13
1696344960,10,3,1,1376,15,13
1696345020,10,3,1,1377,15,13
1696345080,10,3,1,1378,15,14
1696345140,10,3,1,1379,15,13
1696345260,10,3,1,1381,15,13
1696345320,10,3,1,1382,15,13
1696345380,10,3,1,1383,15,13
1696345440,10,3,1,1384,15,13
1696345500,10,3,1,1385,15,13
1696345560,10,3,1,1386,15,13
1696345620,10,3,1,1387,15,13
1696345680,10,3,1,1388,15,12
1696345740,10,3,1,1389,15,13
1696345800,10,3,1,1390,15,13
1696345860,10,3,1,1391,15,13
1696345920,10,3,1,1392,15,13
1696345980,10,3,1,1393,15,13
1696346040,10,3,1,1394,15,13
1696346100,10,3,1,1395,15,13
1696346160,10,3,1,1396,15,12
1696346220,10,3,1,1397,15,12
1696346280,10,3,1,1398,15,12
1696346340,10,3,1,1399,15,12
1696346460,10,3,1,1401,15,12
1696346520,10,3,1,1402,15,12
1696346580,10,3,1,1403,15,12
1696346640,10,3,1,1404,15,12
1696346700,10,3,1,1405,15,12
1696346760,10,3,1,1406,15,12
1696346820,10,3,1,1407,15,12
1696346880,10,3,1,1408,15,12
1696346940,10,3,1,1409,15,13
1696347000,10,3,1,1410,15,13
1696347060,10,3,1,1411,15,14
1696347120,10,3,1,1412,15,14
1696347180,10,3,1,1413,15,14
1696347240,10,3,1,1414,15,14
1696347300,10,3,1,1415,15,14
1696347360,10,3,1,1416,15,14
1696347420,10,3,1,1417,15,14
1696347480,10,3,1,1418,15,14
1696347540,10,3,1,1419,15,14
1696347600,10,3,1,1420,15,14
1696347660,10,3,1,1421,15,14
1696347720,10,3,1,1422,15,14
1696347780,10,3,1,1423,15,14
1696347840,10,3,1,1424,15,14
1696347900,10,3,1,1425,15,14
1696347960,10,3,1,1426,15,14
1696348020,10,3,1,1427,15,14
1696348080,10,3,1,1428,15,14
1696348140,10,3,1,1429,15,14
1696348200,10,3,1,1430,15,14
1696348260,10,3,1,1431,15,14
1696348320,10,3,1,1432,15,14
1696348380,10,3,1,1433,15,14
1696348440,10,3,1,1434,15,14
1696348500,10,3,1,1435,15,14
1696348560,10,3,1,1436,15,14
1696348620,10,3,1,1437,15,14
1696348680,10,3,1,1438,15,14
1696348740,10,3,1,1439,15,14
1696348860,10,4,2,1,15,14
1696348920,10,4,2,2,15,14
1696348980,10,4,2,3,15,14
1696349040,10,4,2,4,15,14
1696349100,10,4,2,5,15,14
1696349160,10,4,2,6,15,14
1696349220,10,4,2,7,15,14
1696349280,10,4,2,8,15,14
1696349340,10,4,2,9,15,13
1696349400,10,4,2,10,15,13
1696349460,10,4,2,11,15,13
1696349520,10,4,2,12,15,13
1696349580,10,4,2,13,15,13
1696349640,10,4,2,14,15,13
1696349700,10,4,2,15,15,13
1696349760,10,4,2,16,15,13
1696349820,10,4,2,17,15,13
1696349880,10,4,2,18,15,13
1696349940,10,4,2,19,15,13
1696350060,10,4,2,21,15,13
1696350120,10,4,2,22,15,13
1696350180,10,4,2,23,15,14
1696350240,10,4,2,24,15,14
1696350300,10,4,2,25,15,14
1696350360,10,4,2,26,15,14
1696350420,10,4,2,27,15,14
1696350480,10,4,2,28,15,14
1696350540,10,4,2,29,15,14
1696350600,10,4,2,30,15,14
1696350660,10,4,2,31,15,14
1696350720,10,4,2,32,15,14
1696350780,10,4,2,33,15,14
1696350840,10,4,2,34,15,14
1696350900,10,4,2,35,15,14
1696350960,10,4,2,36,15,14
1696351020,10,4,2,37,15,14
1696351080,10,4,2,38,15,14
1696351140,10,4,2,39,15,14
1696351200,10,4,2,40,15,14
1696351260,10,4,2,41,15,14
1696351320,10,4,2,42,15,14
1696351380,10,4,2,43,15,14
1696351440,10,4,2,44,15,14
1696351500,10,4,2,45,15,14
1696351560,10,4,2,46,15,14
1696351620,10,4,2,47,15,14
1696351680,10,4,2,48,15,14
1696351740,10,4,2,49,15,14
1696351800,10,4,2,50,15,14
1696351860,10,4,2,51,15,14
1696351920,10,4,2,52,15,14
1696351980,10,4,2,53,15,14
1696352040,10,4,2,54,15,14
1696352100,10,4,2,55,15,14
1696352160,10,4,2,56,15,14
1696352220,10,4,2,57,15,14
1696352280,10,4,2,58,15,14
1696352340,10,4,2,59,15,14
1696352400,10,4,2,60,15,14
1696352460,10,4,2,61,15,14
1696352520,10,4,2,62,15,14
1696352580,10,4,2,63,15,14
1696352640,10,4,2,64,15,14
1696352700,10,4,2,65,15,14
1696352760,10,4,2,66,15,14
1696352820,10,4,2,67,15,14
1696352880,10,4,2,68,15,14
1696352940,10,4,2,69,15,14
1696353000,10,4,2,70,15,14
1696353060,10,4,2,71,15,14
1696353120,10,4,2,72,15,14
1696353180,10,4,2,73,15,14
1696353240,10,4,2,74,15,14
1696353300,10,4,2,75,15,14
1696353360,10,4,2,76,15,14
1696353420,10,4,2,77,15,14
1696353480,10,4,2,78,15,14
1696353540,10,4,2,79,15,14
1696353660,10,4,2,81,15,14
1696353720,10,4,2,82,15,14
1696353780,10,4,2,83,15,14
1696353840,10,4,2,84,15,14
1696353900,10,4,2,85,15,14
1696353960,10,4,2,86,15,14
1696354020,10,4,2,87,15,14
1696354080,10,4,2,88,15,14
1696354140,10,4,2,89,15,14
1696354200,10,4,2,90,15,14
1696354260,10,4,2,91,15,14
1696354320,10,4,2,92,15,14
1696354380,10,4,2,93,15,14
1696354440,10,4,2,94,15,14
1696354500,10,4,2,95,15,14
1696354560,10,4,2,96,15,14
1696354620,10,4,2,97,15,14
1696354680,10,4,2,98,15,14
1696354740,10,4,2,99,15,14
1696354800,10,4,2,100,15,14
1696354860,10,4,2,101,15,14
1696354920,10,4,2,102,15,14
1696354980,10,4,2,103,15,14
1696355040,10,4,2,104,15,14
1696355100,10,4,2,105,15,14
1696355160,10,4,2,106,15,14
1696355220,10,4,2,107,15,14
1696355280,10,4,2,108,15,14
1696355340,10,4,2,109,15,14
1696355400,10,4,2,110,15,14
1696355460,10,4,2,111,15,14
1696355520,10,4,2,112,15,13
1696355580,10,4,2,113,15,13
1696355640,10,4,2,114,15,13
1696355700,10,4,2,115,15,13
1696355760,10,4,2,116,15,13
1696355820,10,4,2,117,15,13
1696355880,10,4,2,118,15,13
1696355940,10,4,2,119,15,13
1696356060,10,4,2,121,15,13
1696356120,10,4,2,122,15,13
1696356180,10,4,2,123,15,13
1696356240,10,4,2,124,15,13
1696356300,10,4,2,125,15,13
1696356360,10,4,2,126,15,13
1696356420,10,4,2,127,15,13
1696356480,10,4,2,128,15,13
1696356540,10,4,2,129,15,13
1696356600,10,4,2,130,15,13
1696356660,10,4,2,131,15,13
1696356720,10,4,2,132,15,13
1696356780,10,4,2,133,15,13
1696356840,10,4,2,134,15,13
1696356900,10,4,2,135,15,13
1696356960,10,4,2,136,15,13
1696357020,10,4,2,137,15,13
1696357080,10,4,2,138,15,13
1696357140,10,4,2,139,15,13
1696357260,10,4,2,141,15,13
1696357320,10,4,2,142,15,13
1696357380,10,4,2,143,15,13
1696357440,10,4,2,144,15,13
1696357500,10,4,2,145,15,13
1696357560,10,4,2,146,15,13
1696357620,10,4,2,147,15,13
1696357680,10,4,2,148,15,13
1696357740,10,4,2,149,15,13
1696357800,10,4,2,150,15,13
1696357860,10,4,2,151,15,14
1696357920,10,4,2,152,15,14
1696357980,10,4,2,153,15,14
1696358040,10,4,2,154,15,14
1696358100,10,4,2,155,15,14
1696358160,10,4,2,156,15,14
1696358220,10,4,2,157,15,14
1696358280,10,4,2,158,15,14
1696358340,10,4,2,159,15,14
1696358400,10,4,2,160,15,14
1696358460,10,4,2,161,15,14
1696358520,10,4,2,162,15,14
1696358580,10,4,2,163,15,14
1696358640,10,4,2,164,15,14
1696358700,10,4,2,165,15,14
1696358760,10,4,2,166,15,14
1696358820,10,4,2,167,15,14
1696358880,10,4,2,168,15,14
1696358940,10,4,2,169,15,14
1696359000,10,4,2,170,15,14
1696359060,10,4,2,171,15,14
1696359120,10,4,2,172,15,14
1696359180,10,4,2,173,15,14
1696359240,10,4,2,174,15,14
1696359300,10,4,2,175,15,14
1696359360,10,4,2,176,15,14
1696359420,10,4,2,177,15,14
1696359480,10,4,2,178,15,14
1696359540,10,4,2,179,15,14
1696359600,10,4,2,180,15,14
1696359660,10,4,2,181,15,14
1696359720,10,4,2,182,15,14
1696359780,10,4,2,183,15,14
1696359840,10,4,2,184,15,14
1696359900,10,4,2,185,15,14
1696359960,10,4,2,186,15,14
1696360020,10,4,2,187,15,14
1696360080,10,4,2,188,15,14
1696360140,10,4,2,189,15,14
1696360200,10,4,2,190,15,14
1696360260,10,4,2,191,15,14
1696360320,10,4,2,192,15,14
1696360380,10,4,2,193,15,14
1696360440,10,4,2,194,15,14
1696360500,10,4,2,195,15,14
1696360560,10,4,2,196,15,14
1696360620,10,4,2,197,15,14
1696360680,10,4,2,198,15,14
1696360740,10,4,2,199,15,14
1696360860,10,4,2,201,15,14
1696360920,10,4,2,202,15,14
1696360980,10,4,2,203,15,14
1696361040,10,4,2,204,15,14
1696361100,10,4,2,205,15,14
1696361160,10,4,2,206,15,14
1696361220,10,4,2,207,15,14
1696361280,10,4,2,208,15,14
1696361340,10,4,2,209,15,14
1696361400,10,4,2,210,15,14
1696361460,10,4,2,211,15,14
1696361520,10,4,2,212,15,14
1696361580,10,4,2,213,15,14
1696361640,10,4,2,214,15,14
1696361760,10,4,2,216,15,14
1696361820,10,4,2,217,15,14
1696361880,10,4,2,218,15,14
1696361940,10,4,2,219,15,14
1696362000,10,4,2,220,15,14
1696362060,10,4,2,221,15,14
1696362120,10,4,2,222,15,14
1696362180,10,4,2,223,15,14
1696362240,10,4,2,224,15,14
1696362300,10,4,2,225,15,14
1696362360,10,4,2,226,15,14
1696362420,10,4,2,227,15,14
1696362480,10,4,2,228,15,14
1696362540,10,4,2,229,15,14
1696362600,10,4,2,230,15,14
1696362660,10,4,2,231,15,14
1696362720,10,4,2,232,15,14
1696362780,10,4,2,233,15,14
1696362840,10,4,2,234,15,14
1696362900,10,4,2,235,15,14
1696362960,10,4,2,236,15,14
1696363020,10,4,2,237,15,14
1696363080,10,4,2,238,15,14
1696363140,10,4,2,239,15,14
1696363200,10,4,2,240,15,14
1696363260,10,4,2,241,15,14
1696363320,10,4,2,242,15,14
1696363380,10,4,2,243,15,14
1696363440,10,4,2,244,15,14
1696363500,10,4,2,245,15,14
1696363560,10,4,2,246,15,14
1696363620,10,4,2,247,15,14
1696363680,10,4,2,248,15,14
1696363740,10,4,2,249,15,14
1696363800,10,4,2,250,15,14
1696363860,10,4,2,251,15,14
1696363920,10,4,2,252,15,14
1696363980,10,4,2,253,15,14
1696364040,10,4,2,254,15,14
1696364100,10,4,2,255,15,14
1696364160,10,4,2,256,15,14
1696364220,10,4,2,257,15,14
1696364280,10,4,2,258,15,14
1696364340,10,4,2,259,15,14
1696364460,10,4,2,261,15,14
1696364520,10,4,2,262,15,14
1696364580,10,4,2,263,15,14
1696364640,10,4,2,264,15,14
1696364700,10,4,2,265,15,14
1696364760,10,4,2,266,15,14
1696364820,10,4,2,267,15,14
1696364880,10,4,2,268,15,14
1696364940,10,4,2,269,15,14
1696365000,10,4,2,270,15,14
1696365060,10,4,2,271,15,14
1696365120,10,4,2,272,15,14
1696365180,10,4,2,273,15,14
1696365240,10,4,2,274,15,14
1696365300,10,4,2,275,15,14
1696365360,10,4,2,276,15,14
1696365420,10,4,2,277,15,14
1696365480,10,4,2,278,15,14
1696365540,10,4,2,279,15,14
1696365600,10,4,2,280,15,14
1696365660,10,4,2,281,15,14
1696365720,10,4,2,282,15,14
1696365780,10,4,2,283,15,14
1696365840,10,4,2,284,15,14
1696365900,10,4,2,285,15,14
1696365960,10,4,2,286,15,14
1696366020,10,4,2,287,15,14
1696366080,10,4,2,288,15,14
1696366140,10,4,2,289,15,14
1696366200,10,4,2,290,15,14
1696366260,10,4,2,291,15,14
1696366320,10,4,2,292,15,14
1696366380,10,4,2,293,15,14
1696366440,10,4,2,294,15,14
1696366500,10,4,2,295,15,14
1696366560,10,4,2,296,15,14
1696366620,10,4,2,297,15,14
1696366680,10,4,2,298,15,14
1696366740,10,4,2,299,15,14
1696366800,10,4,2,300,15,14
1696366860,10,4,2,301,15,14
1696366920,10,4,2,302,15,14
1696366980,10,4,2,303,15,14
1696367040,10,4,2,304,15,14
1696367100,10,4,2,305,15,14
1696367160,10,4,2,306,15,14
1696367220,10,4,2,307,15,14
1696367280,10,4,2,308,15,14
1696367340,10,4,2,309,15,14
1696367400,10,4,2,310,15,14
1696367460,10,4,2,311,15,14
1696367520,10,4,2,312,15,14
1696367580,10,4,2,313,15,14
1696367640,10,4,2,314,15,14
1696367700,10,4,2,315,15,14
1696367760,10,4,2,316,15,14
1696367820,10,4,2,317,15,14
1696367880,10,4,2,318,15,14
1696367940,10,4,2,319,15,14
1696368060,10,4,2,321,15,14
1696368120,10,4,2,322,15,14
1696368180,10,4,2,323,15,14
1696368240,10,4,2,324,15,14
1696368300,10,4,2,325,15,14
1696368360,10,4,2,326,15,14
1696368420,10,4,2,327,15,14
1696368480,10,4,2,328,15,14
1696368540,10,4,2,329,15,14
1696368600,10,4,2,330,15,14
1696368660,10,4,2,331,15,14
1696368720,10,4,2,332,15,14
1696368780,10,4,2,333,15,14
1696368840,10,4,2,334,15,14
1696368900,10,4,2,335,15,14
1696368960,10,4,2,336,15,14
1696369020,10,4,2,337,15,14
1696369080,10,4,2,338,15,14
1696369140,10,4,2,339,15,14
1696369200,10,4,2,340,15,14
1696369260,10,4,2,341,15,14
1696369320,10,4,2,342,15,14
1696369380,10,4,2,343,15,14
1696369440,10,4,2,344,15,14
1696369500,10,4,2,345,15,14
1696369560,10,4,2,346,15,14
1696369620,10,4,2,347,15,14
1696369680,10,4,2,348,15,14
1696369740,10,4,2,349,15,14
1696369800,10,4,2,350,15,14
1696369860,10,4,2,351,15,14
1696369920,10,4,2,352,15,14
1696369980,10,4,2,353,15,14
1696370040,10,4,2,354,15,14
1696370100,10,4,2,355,15,14
1696370160,10,4,2,356,15,14
1696370220,10,4,2,357,15,14
1696370280,10,4,2,358,15,14
1696370340,10,4,2,359,15,14
1696370400,10,4,2,360,15,14
1696370460,10,4,2,361,15,14
1696370520,10,4,2,362,15,14
1696370580,10,4,2,363,15,14
1696370640,10,4,2,364,15,14
1696370700,10,4,2,365,15,14
1696370760,10,4,2,366,15,14
1696370820,10,4,2,367,15,14
1696370880,10,4,2,368,15,14
1696370940,10,4,2,369,15,14
1696371000,10,4,2,370,15,14
1696371060,10,4,2,371,15,14
1696371120,10,4,2,372,15,14
1696371180,10,4,2,373,15,14
1696371240,10,4,2,374,15,14
1696371300,10,4,2,375,15,14
1696371360,10,4,2,376,15,14
1696371420,10,4,2,377,15,14
1696371480,10,4,2,378,15,14
1696371540,10,4,2,379,15,14
1696371660,10,4,2,381,15,14
1696371720,10,4,2,382,15,14
1696371780,10,4,2,383,15,14
1696371840,10,4,2,384,15,14
1696371900,10,4,2,385,15,14
1696371960,10,4,2,386,15,14
1696372020,10,4,2,387,15,14
1696372080,10,4,2,388,15,14
1696372140,10,4,2,389,15,14
1696372200,10,4,2,390,15,14
1696372260,10,4,2,391,15,14
1696372320,10,4,2,392,15,14
1696372380,10,4,2,393,15,14
1696372440,10,4,2,394,15,14
1696372500,10,4,2,395,15,14
1696372560,10,4,2,396,15,14
1696372620,10,4,2,397,15,14
1696372680,10,4,2,398,15,14
1696372740,10,4,2,399,15,14
1696372800,10,4,2,400,15,14
1696372860,10,4,2,401,15,14
1696372920,10,4,2,402,15,14
1696372980,10,4,2,403,15,14
1696373040,10,4,2,404,15,14
1696373100,10,4,2,405,15,14
1696373160,10,4,2,406,15,14
1696373220,10,4,2,407,15,14
1696373280,10,4,2,408,15,14
1696373340,10,4,2,409,15,14
1696373400,10,4,2,410,15,13
1696373460,10,4,2,411,15,13
1696373520,10,4,2,412,15,13
1696373580,10,4,2,413,15,13
1696373640,10,4,2,414,15,13
1696373700,10,4,2,415,15,13
1696373760,10,4,2,416,15,14
1696373820,10,4,2,417,15,14
1696373880,10,4,2,418,15,14
1696373940,10,4,2,419,15,14
1696374060,10,4,2,421,15,14
1696374120,10,4,2,422,15,14
1696374180,10,4,2,423,15,14
1696374240,10,4,2,424,15,14
1696374300,10,4,2,425,15,14
1696374360,10,4,2,426,15,14
1696374420,10,4,2,427,15,14
1696374480,10,4,2,428,15,14
1696374540,10,4,2,429,15,14
1696374600,10,4,2,430,15,14
1696374660,10,4,2,431,15,14
1696374720,10,4,2,432,15,14
1696374780,10,4,2,433,15,14
1696374840,10,4,2,434,15,14
1696374900,10,4,2,435,15,14
1696374960,10,4,2,436,15,14
1696375020,10,4,2,437,15,14
1696375080,10,4,2,438,15,14
1696375140,10,4,2,439,15,14
1696375260,10,4,2,441,15,13
1696375320,10,4,2,442,15,13
1696375380,10,4,2,443,15,13
1696375440,10,4,2,444,15,14
1696375500,10,4,2,445,15,14
1696375560,10,4,2,446,15,14
1696375620,10,4,2,447,15,14
1696375680,10,4,2,448,15,14
1696375740,10,4,2,449,15,14
1696375860,10,4,2,451,15,13
1696375920,10,4,2,452,15,13
1696375980,10,4,2,453,15,14
1696376040,10,4,2,454,15,14
1696376100,10,4,2,455,15,14
1696376160,10,4,2,456,15,14
1696376220,10,4,2,457,15,14
1696376280,10,4,2,458,15,14
1696376340,10,4,2,459,15,13
1696376400,10,4,2,460,15,13
1696376460,10,4,2,461,15,13
1696376520,10,4,2,462,15,13
1696376580,10,4,2,463,15,12
1696376640,10,4,2,464,15,12
1696376700,10,4,2,465,15,12
1696376760,10,4,2,466,15,12
1696376820,10,4,2,467,15,12
1696376880,10,4,2,468,15,13
1696376940,10,4,2,469,15,13
1696377000,10,4,2,470,15,13
1696377060,10,4,2,471,15,13
1696377120,10,4,2,472,15,13
1696377180,10,4,2,473,15,13
1696377240,10,4,2,474,15,13
1696377300,10,4,2,475,15,13
1696377360,10,4,2,476,15,13
1696377420,10,4,2,477,15,13
1696377480,10,4,2,478,15,12
1696377540,10,4,2,479,15,12
1696377660,10,4,2,481,15,12
1696377720,10,4,2,482,15,12
1696377780,10,4,2,483,15,12
1696377840,10,4,2,484,15,12
1696377900,10,4,2,485,15,12
1696377960,10,4,2,486,15,12
1696378020,10,4,2,487,15,12
1696378080,10,4,2,488,15,12
1696378140,10,4,2,489,15,12
1696378200,10,4,2,490,15,12
1696378260,10,4,2,491,15,12
1696378320,10,4,2,492,15,11
1696378380,10,4,2,493,15,11
1696378440,10,4,2,494,15,10
1696378500,10,4,2,495,15,10
1696378560,10,4,2,496,15,10
1696378620,10,4,2,497,15,9
1696378740,10,4,2,499,15,10
1696378860,10,4,2,501,15,9
1696378920,10,4,2,502,15,10
1696378980,10,4,2,503,15,10
1696379040,10,4,2,504,15,10
1696379100,10,4,2,505,15,9
1696379160,10,4,2,506,15,9
1696379220,10,4,2,507,15,8
1696379280,10,4,2,508,15,9
1696379340,10,4,2,509,15,8
1696379400,10,4,2,510,15,8
1696379520,10,4,2,512,15,7
1696379580,10,4,2,513,15,7
1696379640,10,4,2,514,15,6
1696379700,10,4,2,515,15,6
1696379760,10,4,2,516,15,6
1696379820,10,4,2,517,15,4
1696379880,10,4,2,518,15,5
1696379940,10,4,2,519,15,4
1696380000,10,4,2,520,15,1
1696380060,10,4,2,521,15,1
1696380120,10,4,2,522,15,2
1696380180,10,4,2,523,15,2
1696380240,10,4,2,524,15,2
1696380300,10,4,2,525,15,2
1696380360,10,4,2,526,15,2
1696380420,10,4,2,527,15,2
1696380480,10,4,2,528,15,2
1696380540,10,4,2,529,15,0
1696380600,10,4,2,530,15,0
1696380660,10,4,2,531,15,0
1696380720,10,4,2,532,15,0
1696380780,10,4,2,533,15,0
1696380840,10,4,2,534,15,0
1696380900,10,4,2,535,15,3
1696380960,10,4,2,536,15,3
1696381020,10,4,2,537,15,2
1696381080,10,4,2,538,15,2
1696381140,10,4,2,539,15,2
1696381260,10,4,2,541,15,2
1696381320,10,4,2,542,15,0
1696381380,10,4,2,543,15,1
1696381440,10,4,2,544,15,1
1696381500,10,4,2,545,15,2
1696381560,10,4,2,546,15,2
1696381620,10,4,2,547,15,2
1696381680,10,4,2,548,15,2
1696381740,10,4,2,549,15,2
1696381800,10,4,2,550,15,1
1696381860,10,4,2,551,15,1
1696381920,10,4,2,552,15,2
1696381980,10,4,2,553,15,2
1696382040,10,4,2,554,15,2
1696382100,10,4,2,555,15,0
1696382160,10,4,2,556,15,0
1696382220,10,4,2,557,15,1
1696382280,10,4,2,558,15,0
1696382340,10,4,2,559,15,0
1696382460,10,4,2,561,15,0
1696382520,10,4,2,562,15,0
1696382580,10,4,2,563,15,0
1696382640,10,4,2,564,15,0
1696382700,10,4,2,565,15,1
1696382760,10,4,2,566,15,1
1696382820,10,4,2,567,15,0
1696382880,10,4,2,568,15,0
1696382940,10,4,2,569,15,1
1696383000,10,4,2,570,15,1
1696383060,10,4,2,571,15,2
1696383120,10,4,2,572,15,2
1696383180,10,4,2,573,15,3
1696383240,10,4,2,574,15,3
1696383300,10,4,2,575,15,2
1696383360,10,4,2,576,15,2
1696383420,10,4,2,577,15,3
1696383480,10,4,2,578,15,3
1696383540,10,4,2,579,15,3
1696383600,10,4,2,580,15,3
1696383660,10,4,2,581,15,3
1696383720,10,4,2,582,15,3
1696383780,10,4,2,583,15,2
1696383840,10,4,2,584,15,2
1696383900,10,4,2,585,15,2
1696383960,10,4,2,586,15,0
1696384020,10,4,2,587,15,0
1696384080,10,4,2,588,15,0
1696384140,10,4,2,589,15,0
1696384200,10,4,2,590,15,0
1696384260,10,4,2,591,15,0
1696384320,10,4,2,592,15,0
1696384380,10,4,2,593,15,0
1696384440,10,4,2,594,15,0
1696384500,10,4,2,595,15,0
1696384560,10,4,2,596,15,0
1696384620,10,4,2,597,15,0
1696384680,10,4,2,598,15,0
1696384740,10,4,2,599,15,0
1696384860,10,4,2,601,15,0
1696384920,10,4,2,602,15,0
1696384980,10,4,2,603,15,0
1696385040,10,4,2,604,15,0
1696385100,10,4,2,605,15,0
1696385160,10,4,2,606,15,0
1696385220,10,4,2,607,15,0
1696385280,10,4,2,608,15,0
1696385340,10,4,2,609,15,0
1696385400,10,4,2,610,15,0
1696385460,10,4,2,611,15,0
1696385520,10,4,2,612,15,0
1696385580,10,4,2,613,15,0
1696385640,10,4,2,614,15,0
1696385700,10,4,2,615,15,0
1696385760,10,4,2,616,15,0
1696385820,10,4,2,617,15,0
1696385880,10,4,2,618,15,0
1696385940,10,4,2,619,15,0
1696386060,10,4,2,621,15,0
1696386120,10,4,2,622,15,0
1696386180,10,4,2,623,15,0
1696386240,10,4,2,624,15,0
1696386300,10,4,2,625,15,0
1696386360,10,4,2,626,15,0
1696386420,10,4,2,627,15,0
1696386480,10,4,2,628,15,0
1696386540,10,4,2,629,15,0
1696386600,10,4,2,630,15,0
1696386660,10,4,2,631,15,0
1696386720,10,4,2,632,15,0
1696386780,10,4,2,633,15,0
1696386840,10,4,2,634,15,0
1696386900,10,4,2,635,15,1
1696386960,10,4,2,636,15,1
1696387020,10,4,2,637,15,1
1696387080,10,4,2,638,15,1
1696387140,10,4,2,639,15,0
1696387200,10,4,2,640,15,0
1696387260,10,4,2,641,15,0
1696387320,10,4,2,642,15,0
1696387380,10,4,2,643,15,0
1696387440,10,4,2,644,15,0
1696387500,10,4,2,645,15,0
1696387560,10,4,2,646,15,0
1696387620,10,4,2,647,15,0
1696387680,10,4,2,648,15,0
1696387740,10,4,2,649,15,0
1696387800,10,4,2,650,15,0
1696387860,10,4,2,651,15,0
1696387920,10,4,2,652,15,0
1696387980,10,4,2,653,15,0
1696388040,10,4,2,654,15,0
1696388100,10,4,2,655,15,0
1696388160,10,4,2,656,15,0
1696388220,10,4,2,657,15,0
1696388280,10,4,2,658,15,0
1696388340,10,4,2,659,15,0
1696388460,10,4,2,661,15,0
1696388520,10,4,2,662,15,0
1696388580,10,4,2,663,15,0
1696388640,10,4,2,664,15,0
1696388700,10,4,2,665,15,0
1696388760,10,4,2,666,15,0
1696388820,10,4,2,667,15,0
1696388880,10,4,2,668,15,0
1696388940,10,4,2,669,15,0
1696389000,10,4,2,670,15,1
1696389060,10,4,2,671,15,1
1696389120,10,4,2,672,15,1
1696389180,10,4,2,673,15,1
1696389240,10,4,2,674,15,1
1696389300,10,4,2,675,15,1
1696389360,10,4,2,676,15,0
1696389420,10,4,2,677,15,0
1696389480,10,4,2,678,15,0
1696389540,10,4,2,679,15,0
1696389660,10,4,2,681,15,0
1696389720,10,4,2,682,15,0
1696389780,10,4,2,683,15,0
1696389840,10,4,2,684,15,0
1696389900,10,4,2,685,15,0
1696389960,10,4,2,686,15,0
1696390020,10,4,2,687,15,0
1696390080,10,4,2,688,15,0
1696390140,10,4,2,689,15,0
1696390200,10,4,2,690,15,0
1696390260,10,4,2,691,15,0
1696390320,10,4,2,692,15,0
1696390380,10,4,2,693,15,0
1696390440,10,4,2,694,15,0
1696390500,10,4,2,695,15,0
1696390560,10,4,2,696,15,1
1696390620,10,4,2,697,15,1
1696390680,10,4,2,698,15,1
1696390740,10,4,2,699,15,0
1696390800,10,4,2,700,15,0
1696390860,10,4,2,701,15,0
1696390920,10,4,2,702,15,0
1696390980,10,4,2,703,15,0
1696391040,10,4,2,704,15,0
1696391100,10,4,2,705,15,0
1696391160,10,4,2,706,15,1
1696391220,10,4,2,707,15,0
1696391280,10,4,2,708,15,0
1696391340,10,4,2,709,15,0
1696391400,10,4,2,710,15,0
1696391460,10,4,2,711,15,0
1696391520,10,4,2,712,15,0
1696391580,10,4,2,713,15,0
1696391640,10,4,2,714,15,0
1696391700,10,4,2,715,15,0
1696391760,10,4,2,716,15,1
1696391820,10,4,2,717,15,0
1696391880,10,4,2,718,15,0
1696391940,10,4,2,719,15,0
1696392060,10,4,2,721,15,0
1696392120,10,4,2,722,15,0
1696392180,10,4,2,723,15,0
1696392240,10,4,2,724,15,0
1696392300,10,4,2,725,15,0
1696392360,10,4,2,726,15,0
1696392420,10,4,2,727,15,0
1696392480,10,4,2,728,15,0
1696392540,10,4,2,729,15,0
1696392600,10,4,2,730,15,0
1696392660,10,4,2,731,15,0
1696392720,10,4,2,732,15,1
1696392780,10,4,2,733,15,1
1696392840,10,4,2,734,15,1
1696392900,10,4,2,735,15,2
1696392960,10,4,2,736,15,2
1696393020,10,4,2,737,15,2
1696393080,10,4,2,738,15,2
1696393140,10,4,2,739,15,2
1696393260,10,4,2,741,15,2
1696393320,10,4,2,742,15,2
1696393380,10,4,2,743,15,2
1696393440,10,4,2,744,15,2
1696393500,10,4,2,745,15,2
1696393560,10,4,2,746,15,2
1696393620,10,4,2,747,15,2
1696393680,10,4,2,748,15,2
1696393740,10,4,2,749,15,2
1696393800,10,4,2,750,15,2
1696393860,10,4,2,751,15,2
1696393920,10,4,2,752,15,2
1696393980,10,4,2,753,15,2
1696394040,10,4,2,754,15,2
1696394100,10,4,2,755,15,4
1696394160,10,4,2,756,15,4
1696394220,10,4,2,757,15,4
1696394280,10,4,2,758,15,4
1696394340,10,4,2,759,15,4
1696394400,10,4,2,760,15,4
1696394460,10,4,2,761,15,3
1696394520,10,4,2,762,15,2
1696394580,10,4,2,763,15,2
1696394640,10,4,2,764,15,2
1696394700,10,4,2,765,15,2
1696394760,10,4,2,766,15,3
1696394820,10,4,2,767,15,2
1696394880,10,4,2,768,15,2
1696394940,10,4,2,769,15,2
1696395000,10,4,2,770,15,2
1696395060,10,4,2,771,15,2
1696395120,10,4,2,772,15,2
1696395180,10,4,2,773,15,2
1696395240,10,4,2,774,15,1
1696395300,10,4,2,775,15,1
1696395360,10,4,2,776,15,1
1696395420,10,4,2,777,15,1
1696395480,10,4,2,778,15,0
1696395540,10,4,2,779,15,1
1696395660,10,4,2,781,15,0
1696395720,10,4,2,782,15,0
1696395780,10,4,2,783,15,0
1696395840,10,4,2,784,15,0
1696395900,10,4,2,785,15,0
1696395960,10,4,2,786,15,0
1696396020,10,4,2,787,15,0
1696396080,10,4,2,788,15,0
1696396140,10,4,2,789,15,0
1696396200,10,4,2,790,15,0
1696396260,10,4,2,791,15,0
1696396320,10,4,2,792,15,0
1696396380,10,4,2,793,15,0
1696396440,10,4,2,794,15,0
1696396500,10,4,2,795,15,0
1696396560,10,4,2,796,15,0
1696396620,10,4,2,797,15,0
1696396740,10,4,2,799,15,0
1696396860,10,4,2,801,15,0
1696396920,10,4,2,802,15,1
1696396980,10,4,2,803,15,1
1696397040,10,4,2,804,15,0
1696397100,10,4,2,805,15,0
1696397160,10,4,2,806,15,3
1696397220,10,4,2,807,15,1
1696397280,10,4,2,808,15,1
1696397340,10,4,2,809,15,0
1696397400,10,4,2,810,15,0
1696397460,10,4,2,811,15,0
1696397520,10,4,2,812,15,0
1696397580,10,4,2,813,15,0
1696397640,10,4,2,814,15,0
1696397700,10,4,2,815,15,0
1696397760,10,4,2,816,15,0
1696397820,10,4,2,817,15,0
1696397880,10,4,2,818,15,0
1696397940,10,4,2,819,15,0
1696398000,10,4,2,820,15,1
1696398060,10,4,2,821,15,1
1696398120,10,4,2,822,15,1
1696398180,10,4,2,823,15,1
1696398240,10,4,2,824,15,0
1696398300,10,4,2,825,15,0
1696398360,10,4,2,826,15,0
1696398420,10,4,2,827,15,0
1696398480,10,4,2,828,15,0
1696398540,10,4,2,829,15,0
1696398600,10,4,2,830,15,0
1696398660,10,4,2,831,15,0
1696398720,10,4,2,832,15,0
1696398780,10,4,2,833,15,0
1696398840,10,4,2,834,15,0
1696398900,10,4,2,835,15,0
1696398960,10,4,2,836,15,0
1696399020,10,4,2,837,15,0
1696399080,10,4,2,838,15,0
1696399140,10,4,2,839,15,0
1696399200,10,4,2,840,15,0
1696399260,10,4,2,841,15,0
1696399320,10,4,2,842,15,0
1696399380,10,4,2,843,15,0
1696399440,10,4,2,844,15,0
1696399500,10,4,2,845,15,0
1696399560,10,4,2,846,15,0
1696399620,10,4,2,847,15,0
1696399680,10,4,2,848,15,0
1696399740,10,4,2,849,15,0
1696399800,10,4,2,850,15,0
1696399860,10,4,2,851,15,0
1696399920,10,4,2,852,15,0
1696399980,10,4,2,853,15,0
1696400040,10,4,2,854,15,0
1696400100,10,4,2,855,15,0
1696400160,10,4,2,856,15,0
1696400220,10,4,2,857,15,0
1696400280,10,4,2,858,15,2
1696400340,10,4,2,859,15,1
1696400460,10,4,2,861,15,1
1696400520,10,4,2,862,15,2
1696400580,10,4,2,863,15,2
1696400640,10,4,2,864,15,1
1696400700,10,4,2,865,15,1
1696400760,10,4,2,866,15,1
1696400820,10,4,2,867,15,1
1696400880,10,4,2,868,15,1
1696400940,10,4,2,869,15,1
1696401000,10,4,2,870,15,1
1696401060,10,4,2,871,15,1
1696401120,10,4,2,872,15,1
1696401180,10,4,2,873,15,1
1696401240,10,4,2,874,15,1
1696401300,10,4,2,875,15,0
1696401360,10,4,2,876,15,0
1696401420,10,4,2,877,15,0
1696401480,10,4,2,878,15,0
1696401540,10,4,2,879,15,0
1696401600,10,4,2,880,15,0
1696401660,10,4,2,881,15,0
1696401720,10,4,2,882,15,0
1696401780,10,4,2,883,15,0
1696401840,10,4,2,884,15,0
1696401900,10,4,2,885,15,0
1696401960,10,4,2,886,15,0
1696402020,10,4,2,887,15,0
1696402080,10,4,2,888,15,1
1696402140,10,4,2,889,15,1
1696402200,10,4,2,890,15,3
1696402260,10,4,2,891,15,3
1696402320,10,4,2,892,15,3
1696402380,10,4,2,893,15,3
1696402440,10,4,2,894,15,2
1696402500,10,4,2,895,15,2
1696402560,10,4,2,896,15,2
1696402620,10,4,2,897,15,2
1696402680,10,4,2,898,15,3
1696402740,10,4,2,899,15,2
1696402860,10,4,2,901,15,1
1696402920,10,4,2,902,15,2
1696402980,10,4,2,903,15,2
1696403040,10,4,2,904,15,2
1696403100,10,4,2,905,15,2
1696403160,10,4,2,906,15,2
1696403220,10,4,2,907,15,2
1696403280,10,4,2,908,15,1
1696403340,10,4,2,909,15,0
1696403400,10,4,2,910,15,0
1696403460,10,4,2,911,15,0
1696403520,10,4,2,912,15,0
1696403580,10,4,2,913,15,0
1696403640,10,4,2,914,15,0
1696403700,10,4,2,915,15,0
1696403760,10,4,2,916,15,0
1696403820,10,4,2,917,15,0
1696403880,10,4,2,918,15,0
1696403940,10,4,2,919,15,0
1696404060,10,4,2,921,15,0
1696404120,10,4,2,922,15,1
1696404180,10,4,2,923,15,0
1696404240,10,4,2,924,15,0
1696404300,10,4,2,925,15,0
1696404360,10,4,2,926,15,0
1696404420,10,4,2,927,15,0
1696404480,10,4,2,928,15,0
1696404540,10,4,2,929,15,0
1696404600,10,4,2,930,15,0
1696404660,10,4,2,931,15,0
1696404720,10,4,2,932,15,0
1696404780,10,4,2,933,15,0
1696404840,10,4,2,934,15,0
1696404900,10,4,2,935,15,0
1696404960,10,4,2,936,15,0
1696405020,10,4,2,937,15,0
1696405080,10,4,2,938,15,0
1696405140,10,4,2,939,15,0
1696405200,10,4,2,940,15,0
1696405260,10,4,2,941,15,0
1696405320,10,4,2,942,15,1
1696405380,10,4,2,943,15,1
1696405440,10,4,2,944,15,1
1696405500,10,4,2,945,15,0
1696405560,10,4,2,946,15,0
1696405620,10,4,2,947,15,0
1696405680,10,4,2,948,15,0
1696405740,10,4,2,949,15,0
1696405800,10,4,2,950,15,0
1696405860,10,4,2,951,15,0
1696405920,10,4,2,952,15,0
1696405980,10,4,2,953,15,0
1696406040,10,4,2,954,15,1
1696406100,10,4,2,955,15,1
1696406160,10,4,2,956,15,1
1696406220,10,4,2,957,15,1
1696406280,10,4,2,958,15,1
1696406340,10,4,2,959,15,1
1696406460,10,4,2,961,15,1
1696406520,10,4,2,962,15,1
1696406580,10,4,2,963,15,1
1696406640,10,4,2,964,15,1
1696406700,10,4,2,965,15,1
1696406760,10,4,2,966,15,1
1696406820,10,4,2,967,15,1
1696406880,10,4,2,968,15,1
1696406940,10,4,2,969,15,1
1696407000,10,4,2,970,15,1
1696407060,10,4,2,971,15,1
1696407120,10,4,2,972,15,1
1696407180,10,4,2,973,15,0
1696407240,10,4,2,974,15,2
1696407300,10,4,2,975,15,2
1696407360,10,4,2,976,15,2
1696407420,10,4,2,977,15,2
1696407480,10,4,2,978,15,3
1696407540,10,4,2,979,15,3
1696407660,10,4,2,981,15,2
1696407720,10,4,2,982,15,2
1696407780,10,4,2,983,15,2
1696407840,10,4,2,984,15,2
1696407900,10,4,2,985,15,2
1696407960,10,4,2,986,15,2
1696408020,10,4,2,987,15,2
1696408080,10,4,2,988,15,2
1696408140,10,4,2,989,15,2
1696408200,10,4,2,990,15,2
1696408260,10,4,2,991,15,2
1696408320,10,4,2,992,15,2
1696408380,10,4,2,993,15,2
1696408440,10,4,2,994,15,1
1696408500,10,4,2,995,15,1
1696408560,10,4,2,996,15,1
1696408620,10,4,2,997,15,1
1696408680,10,4,2,998,15,1
1696408740,10,4,2,999,15,1
1696408800,10,4,2,1000,15,1
1696408860,10,4,2,1001,15,0
1696408920,10,4,2,1002,15,0
1696408980,10,4,2,1003,15,0
1696409040,10,4,2,1004,15,0
1696409100,10,4,2,1005,15,0
1696409160,10,4,2,1006,15,1
1696409220,10,4,2,1007,15,1
1696409280,10,4,2,1008,15,1
1696409340,10,4,2,1009,15,1
1696409400,10,4,2,1010,15,1
1696409460,10,4,2,1011,15,1
1696409520,10,4,2,1012,15,1
1696409580,10,4,2,1013,15,1
1696409640,10,4,2,1014,15,1
1696409700,10,4,2,1015,15,1
1696409760,10,4,2,1016,15,1
1696409820,10,4,2,1017,15,1
1696409880,10,4,2,1018,15,1
1696409940,10,4,2,1019,15,1
1696410060,10,4,2,1021,15,1
1696410120,10,4,2,1022,15,1
1696410180,10,4,2,1023,15,1
1696410240,10,4,2,1024,15,1
1696410300,10,4,2,1025,15,1
1696410360,10,4,2,1026,15,1
1696410420,10,4,2,1027,15,1
1696410480,10,4,2,1028,15,1
1696410540,10,4,2,1029,15,3
1696410600,10,4,2,1030,15,3
1696410660,10,4,2,1031,15,3
1696410720,10,4,2,1032,15,3
1696410780,10,4,2,1033,15,3
1696410840,10,4,2,1034,15,2
1696410900,10,4,2,1035,15,0
1696410960,10,4,2,1036,15,0
1696411020,10,4,2,1037,15,0
1696411080,10,4,2,1038,15,1
1696411140,10,4,2,1039,15,0
1696411260,10,4,2,1041,15,0
1696411320,10,4,2,1042,15,0
1696411380,10,4,2,1043,15,0
1696411440,10,4,2,1044,15,0
1696411500,10,4,2,1045,15,1
1696411560,10,4,2,1046,15,1
1696411620,10,4,2,1047,15,1
1696411680,10,4,2,1048,15,0
1696411740,10,4,2,1049,15,0
1696411800,10,4,2,1050,15,1
1696411920,10,4,2,1052,15,0
1696411980,10,4,2,1053,15,2
1696412040,10,4,2,1054,15,3
1696412100,10,4,2,1055,15,3
1696412160,10,4,2,1056,15,3
1696412220,10,4,2,1057,15,3
1696412280,10,4,2,1058,15,2
1696412340,10,4,2,1059,15,2
1696412400,10,4,2,1060,15,0
1696412460,10,4,2,1061,15,1
1696412520,10,4,2,1062,15,0
1696412580,10,4,2,1063,15,0
1696412640,10,4,2,1064,15,0
1696412700,10,4,2,1065,15,0
1696412760,10,4,2,1066,15,0
1696412820,10,4,2,1067,15,0
1696412880,10,4,2,1068,15,0
1696412940,10,4,2,1069,15,1
1696413000,10,4,2,1070,15,0
1696413060,10,4,2,1071,15,0
1696413120,10,4,2,1072,15,0
1696413180,10,4,2,1073,15,0
1696413240,10,4,2,1074,15,1
1696413300,10,4,2,1075,15,1
1696413360,10,4,2,1076,15,0
1696413420,10,4,2,1077,15,0
1696413480,10,4,2,1078,15,0
1696413540,10,4,2,1079,15,0
1696413660,10,4,2,1081,15,0
1696413720,10,4,2,1082,15,0
1696413840,10,4,2,1084,15,0
1696413900,10,4,2,1085,15,1
1696413960,10,4,2,1086,15,0
1696414020,10,4,2,1087,15,0
1696414080,10,4,2,1088,15,0
1696414140,10,4,2,1089,15,0
1696414200,10,4,2,1090,15,1
1696414260,10,4,2,1091,15,1
1696414320,10,4,2,1092,15,1
1696414380,10,4,2,1093,15,1
1696414440,10,4,2,1094,15,0
1696414500,10,4,2,1095,15,0
1696414560,10,4,2,1096,15,0
1696414620,10,4,2,1097,15,0
1696414680,10,4,2,1098,15,0
1696414740,10,4,2,1099,15,0
1696414860,10,4,2,1101,15,0
1696414920,10,4,2,1102,15,0
1696414980,10,4,2,1103,15,0
1696415040,10,4,2,1104,15,0
1696415100,10,4,2,1105,15,1
1696415160,10,4,2,1106,15,1
1696415220,10,4,2,1107,15,0
1696415280,10,4,2,1108,15,0
1696415340,10,4,2,1109,15,2
1696415460,10,4,2,1111,15,0
1696415520,10,4,2,1112,15,0
1696415580,10,4,2,1113,15,0
1696415640,10,4,2,1114,15,0
1696415700,10,4,2,1115,15,0
1696415760,10,4,2,1116,15,0
1696415820,10,4,2,1117,15,1
1696415880,10,4,2,1118,15,1
1696415940,10,4,2,1119,15,1
1696416000,10,4,2,1120,15,1
1696416060,10,4,2,1121,15,1
1696416120,10,4,2,1122,15,1
1696416180,10,4,2,1123,15,1
1696416240,10,4,2,1124,15,1
1696416300,10,4,2,1125,15,1
1696416360,10,4,2,1126,15,1
1696416420,10,4,2,1127,15,1
1696416480,10,4,2,1128,15,1
1696416540,10,4,2,1129,15,1
1696416600,10,4,2,1130,15,1
1696416660,10,4,2,1131,15,1
1696416720,10,4,2,1132,15,2
1696416780,10,4,2,1133,15,2
1696416840,10,4,2,1134,15,3
1696416900,10,4,2,1135,15,3
1696416960,10,4,2,1136,15,3
1696417020,10,4,2,1137,15,3
1696417080,10,4,2,1138,15,2
1696417140,10,4,2,1139,15,2
1696417260,10,4,2,1141,15,2
1696417320,10,4,2,1142,15,2
1696417380,10,4,2,1143,15,2
1696417440,10,4,2,1144,15,1
1696417500,10,4,2,1145,15,1
1696417560,10,4,2,1146,15,1
1696417620,10,4,2,1147,15,1
1696417680,10,4,2,1148,15,1
1696417740,10,4,2,1149,15,1
1696417800,10,4,2,1150,15,1
1696417860,10,4,2,1151,15,1
1696417920,10,4,2,1152,15,1
1696417980,10,4,2,1153,15,1
1696418040,10,4,2,1154,15,2
1696418100,10,4,2,1155,15,2
1696418160,10,4,2,1156,15,2
1696418220,10,4,2,1157,15,3
1696418280,10,4,2,1158,15,3
1696418340,10,4,2,1159,15,3
1696418460,10,4,2,1161,15,3
1696418520,10,4,2,1162,15,3
1696418580,10,4,2,1163,15,3
1696418640,10,4,2,1164,15,3
1696418700,10,4,2,1165,15,3
1696418760,10,4,2,1166,15,3
1696418820,10,4,2,1167,15,3
1696418880,10,4,2,1168,15,3
1696418940,10,4,2,1169,15,3
1696419000,10,4,2,1170,15,3
1696419060,10,4,2,1171,15,3
1696419120,10,4,2,1172,15,3
1696419180,10,4,2,1173,15,4
1696419240,10,4,2,1174,15,5
1696419300,10,4,2,1175,15,5
1696419360,10,4,2,1176,15,5
1696419420,10,4,2,1177,15,5
1696419480,10,4,2,1178,15,6
1696419540,10,4,2,1179,15,6
1696419600,10,4,2,1180,15,6
1696419660,10,4,2,1181,15,6
1696419720,10,4,2,1182,15,7
1696419780,10,4,2,1183,15,7
1696419840,10,4,2,1184,15,7
1696419900,10,4,2,1185,15,7
1696419960,10,4,2,1186,15,7
1696420020,10,4,2,1187,15,7
1696420080,10,4,2,1188,15,7
1696420140,10,4,2,1189,15,7
1696420200,10,4,2,1190,15,8
1696420260,10,4,2,1191,15,8
1696420320,10,4,2,1192,15,8
1696420380,10,4,2,1193,15,8
1696420440,10,4,2,1194,15,8
1696420500,10,4,2,1195,15,8
1696420560,10,4,2,1196,15,7
1696420620,10,4,2,1197,15,7
1696420680,10,4,2,1198,15,7
1696420740,10,4,2,1199,15,7
1696420860,10,4,2,1201,15,7
1696420920,10,4,2,1202,15,7
1696420980,10,4,2,1203,15,7
1696421040,10,4,2,1204,15,7
1696421100,10,4,2,1205,15,7
1696421160,10,4,2,1206,15,7
1696421220,10,4,2,1207,15,7
1696421280,10,4,2,1208,15,7
1696421340,10,4,2,1209,15,7
1696421400,10,4,2,1210,15,7
1696421460,10,4,2,1211,15,6
1696421520,10,4,2,1212,15,6
1696421580,10,4,2,1213,15,6
1696421640,10,4,2,1214,15,6
1696421700,10,4,2,1215,15,6
1696421760,10,4,2,1216,15,6
1696421820,10,4,2,1217,15,7
1696421880,10,4,2,1218,15,7
1696421940,10,4,2,1219,15,7
1696422060,10,4,2,1221,15,6
1696422120,10,4,2,1222,15,7
1696422180,10,4,2,1223,15,7
1696422240,10,4,2,1224,15,7
1696422300,10,4,2,1225,15,7
1696422360,10,4,2,1226,15,7
1696422420,10,4,2,1227,15,7
1696422480,10,4,2,1228,15,7
1696422540,10,4,2,1229,15,7
1696422600,10,4,2,1230,15,7
1696422660,10,4,2,1231,15,7
1696422720,10,4,2,1232,15,7
1696422780,10,4,2,1233,15,7
1696422840,10,4,2,1234,15,8
1696422900,10,4,2,1235,15,8
1696422960,10,4,2,1236,15,8
1696423020,10,4,2,1237,15,8
1696423080,10,4,2,1238,15,8
1696423140,10,4,2,1239,15,8
1696423200,10,4,2,1240,15,8
1696423260,10,4,2,1241,15,8
1696423320,10,4,2,1242,15,8
1696423380,10,4,2,1243,15,8
1696423440,10,4,2,1244,15,8
1696423500,10,4,2,1245,15,8
1696423560,10,4,2,1246,15,8
1696423620,10,4,2,1247,15,8
1696423680,10,4,2,1248,15,8
1696423740,10,4,2,1249,15,8
1696423800,10,4,2,1250,15,10
1696423860,10,4,2,1251,15,10
1696423920,10,4,2,1252,15,10
1696423980,10,4,2,1253,15,10
1696424040,10,4,2,1254,15,11
1696424100,10,4,2,1255,15,11
1696424160,10,4,2,1256,15,12
1696424220,10,4,2,1257,15,12
1696424280,10,4,2,1258,15,13
1696424340,10,4,2,1259,15,13
1696424460,10,4,2,1261,15,13
1696424520,10,4,2,1262,15,13
1696424580,10,4,2,1263,15,13
1696424640,10,4,2,1264,15,13
1696424700,10,4,2,1265,15,13
1696424760,10,4,2,1266,15,13
1696424820,10,4,2,1267,15,13
1696424880,10,4,2,1268,15,12
1696424940,10,4,2,1269,15,12
1696425000,10,4,2,1270,15,12
1696425060,10,4,2,1271,15,12
1696425120,10,4,2,1272,15,12
1696425180,10,4,2,1273,15,12
1696425240,10,4,2,1274,15,13
1696425300,10,4,2,1275,15,13
1696425360,10,4,2,1276,15,13
1696425420,10,4,2,1277,15,13
1696425480,10,4,2,1278,15,13
1696425540,10,4,2,1279,15,13
1696425660,10,4,2,1281,15,13
1696425720,10,4,2,1282,15,13
1696425780,10,4,2,1283,15,13
1696425840,10,4,2,1284,15,13
1696425900,10,4,2,1285,15,13
1696425960,10,4,2,1286,15,14
1696426020,10,4,2,1287,15,14
1696426080,10,4,2,1288,15,14
1696426140,10,4,2,1289,15,14
1696426200,10,4,2,1290,15,14
1696426260,10,4,2,1291,15,14
1696426320,10,4,2,1292,15,14
1696426380,10,4,2,1293,15,14
1696426440,10,4,2,1294,15,14
1696426500,10,4,2,1295,15,14
1696426560,10,4,2,1296,15,14
1696426620,10,4,2,1297,15,14
1696426680,10,4,2,1298,15,14
1696426740,10,4,2,1299,15,14
1696426800,10,4,2,1300,15,14
1696426860,10,4,2,1301,15,14
1696426920,10,4,2,1302,15,14
1696426980,10,4,2,1303,15,14
1696427040,10,4,2,1304,15,14
1696427100,10,4,2,1305,15,14
1696427160,10,4,2,1306,15,14
1696427220,10,4,2,1307,15,14
1696427280,10,4,2,1308,15,14
1696427340,10,4,2,1309,15,15
1696427400,10,4,2,1310,15,15
1696427460,10,4,2,1311,15,14
1696427520,10,4,2,1312,15,14
1696427580,10,4,2,1313,15,14
1696427640,10,4,2,1314,15,14
1696427700,10,4,2,1315,15,14
1696427760,10,4,2,1316,15,14
1696427820,10,4,2,1317,15,14
1696427880,10,4,2,1318,15,14
1696427940,10,4,2,1319,15,14
1696428060,10,4,2,1321,15,14
1696428120,10,4,2,1322,15,14
1696428180,10,4,2,1323,15,14
1696428240,10,4,2,1324,15,14
1696428300,10,4,2,1325,15,14
1696428360,10,4,2,1326,15,15
1696428420,10,4,2,1327,15,15
1696428480,10,4,2,1328,15,15
1696428540,10,4,2,1329,15,15
1696428600,10,4,2,1330,15,15
1696428660,10,4,2,1331,15,15
1696428720,10,4,2,1332,15,14
1696428780,10,4,2,1333,15,14
1696428840,10,4,2,1334,15,14
1696428900,10,4,2,1335,15,14
1696428960,10,4,2,1336,15,14
1696429020,10,4,2,1337,15,14
1696429080,10,4,2,1338,15,14
1696429140,10,4,2,1339,15,14
1696429260,10,4,2,1341,15,14
1696429320,10,4,2,1342,15,15
1696429380,10,4,2,1343,15,15
1696429440,10,4,2,1344,15,15
1696429500,10,4,2,1345,15,15
1696429560,10,4,2,1346,15,15
1696429620,10,4,2,1347,15,14
1696429680,10,4,2,1348,15,15
1696429740,10,4,2,1349,15,15
1696429800,10,4,2,1350,15,15
1696429860,10,4,2,1351,15,15
1696429920,10,4,2,1352,15,15
1696429980,10,4,2,1353,15,15
1696430040,10,4,2,1354,15,15
1696430100,10,4,2,1355,15,14
1696430160,10,4,2,1356,15,14
1696430220,10,4,2,1357,15,14
1696430280,10,4,2,1358,15,15
1696430340,10,4,2,1359,15,15
1696430400,10,4,2,1360,15,15
1696430460,10,4,2,1361,15,14
1696430520,10,4,2,1362,15,14
1696430580,10,4,2,1363,15,14
1696430640,10,4,2,1364,15,14
1696430700,10,4,2,1365,15,14
1696430760,10,4,2,1366,15,14
1696430820,10,4,2,1367,15,14
1696430880,10,4,2,1368,15,14
1696430940,10,4,2,1369,15,14
1696431060,10,4,2,1371,15,15
1696431120,10,4,2,1372,15,15
1696431180,10,4,2,1373,15,15
1696431240,10,4,2,1374,15,15
1696431300,10,4,2,1375,15,15
1696431360,10,4,2,1376,15,15
1696431420,10,4,2,1377,15,15
1696431480,10,4,2,1378,15,15
1696431540,10,4,2,1379,15,15
1696431660,10,4,2,1381,15,15
1696431720,10,4,2,1382,15,15
1696431780,10,4,2,1383,15,15
1696431840,10,4,2,1384,15,15
1696431900,10,4,2,1385,15,14
1696431960,10,4,2,1386,15,14
1696432020,10,4,2,1387,15,14
1696432080,10,4,2,1388,15,14
1696432140,10,4,2,1389,15,14
1696432200,10,4,2,1390,15,14
1696432260,10,4,2,1391,15,15
1696432320,10,4,2,1392,15,15
1696432380,10,4,2,1393,15,15
1696432440,10,4,2,1394,15,15
1696432500,10,4,2,1395,15,15
1696432560,10,4,2,1396,15,15
1696432620,10,4,2,1397,15,15
1696432680,10,4,2,1398,15,15
1696432740,10,4,2,1399,15,15
1696432860,10,4,2,1401,15,15
1696432920,10,4,2,1402,15,15
1696432980,10,4,2,1403,15,15
1696433040,10,4,2,1404,15,15
1696433100,10,4,2,1405,15,15
1696433160,10,4,2,1406,15,15
1696433220,10,4,2,1407,15,15
1696433280,10,4,2,1408,15,15
1696433340,10,4,2,1409,15,15
1696433400,10,4,2,1410,15,15
1696433460,10,4,2,1411,15,15
1696433520,10,4,2,1412,15,15
1696433580,10,4,2,1413,15,15
1696433640,10,4,2,1414,15,15
1696433700,10,4,2,1415,15,15
1696433760,10,4,2,1416,15,15
1696433820,10,4,2,1417,15,15
1696433880,10,4,2,1418,15,15
1696433940,10,4,2,1419,15,15
1696434000,10,4,2,1420,15,15
1696434060,10,4,2,1421,15,15
1696434120,10,4,2,1422,15,15
1696434180,10,4,2,1423,15,15
1696434240,10,4,2,1424,15,14
1696434300,10,4,2,1425,15,14
1696434360,10,4,2,1426,15,14
1696434420,10,4,2,1427,15,14
1696434480,10,4,2,1428,15,14
1696434540,10,4,2,1429,15,14
1696434600,10,4,2,1430,15,14
1696434660,10,4,2,1431,15,14
1696434720,10,4,2,1432,15,14
1696434780,10,4,2,1433,15,14
1696434840,10,4,2,1434,15,14
1696434900,10,4,2,1435,15,14
1696434960,10,4,2,1436,15,14
1696435020,10,4,2,1437,15,14
1696435080,10,4,2,1438,15,14
1696435140,10,4,2,1439,15,14
1696435260,10,5,3,1,15,15
1696435320,10,5,3,2,15,15
1696435380,10,5,3,3,15,15
1696435440,10,5,3,4,15,15
1696435500,10,5,3,5,15,15
1696435560,10,5,3,6,15,15
1696435620,10,5,3,7,15,15
1696435680,10,5,3,8,15,15
1696435740,10,5,3,9,15,15
1696435800,10,5,3,10,15,15
1696435860,10,5,3,11,15,15
1696435920,10,5,3,12,15,15
1696435980,10,5,3,13,15,15
1696436040,10,5,3,14,15,15
1696436100,10,5,3,15,15,15
1696436160,10,5,3,16,15,15
1696436220,10,5,3,17,15,15
1696436280,10,5,3,18,15,15
1696436340,10,5,3,19,15,15
1696436460,10,5,3,21,15,15
1696436520,10,5,3,22,15,15
1696436580,10,5,3,23,15,15
1696436640,10,5,3,24,15,15
1696436700,10,5,3,25,15,15
1696436760,10,5,3,26,15,15
1696436820,10,5,3,27,15,15
1696436880,10,5,3,28,15,15
1696436940,10,5,3,29,15,15
1696437000,10,5,3,30,15,15
1696437060,10,5,3,31,15,15
1696437120,10,5,3,32,15,14
1696437180,10,5,3,33,15,14
1696437240,10,5,3,34,15,14
1696437300,10,5,3,35,15,14
1696437360,10,5,3,36,15,14
1696437420,10,5,3,37,15,14
1696437480,10,5,3,38,15,14
1696437540,10,5,3,39,15,14
1696437600,10,5,3,40,15,14
1696437660,10,5,3,41,15,14
1696437720,10,5,3,42,15,14
1696437780,10,5,3,43,15,14
1696437840,10,5,3,44,15,14
1696437900,10,5,3,45,15,14
1696437960,10,5,3,46,15,14
1696438020,10,5,3,47,15,14
1696438080,10,5,3,48,15,14
1696438140,10,5,3,49,15,14
1696438200,10,5,3,50,15,14
1696438260,10,5,3,51,15,14
1696438320,10,5,3,52,15,14
1696438380,10,5,3,53,15,14
1696438440,10,5,3,54,15,14
1696438500,10,5,3,55,15,14
1696438560,10,5,3,56,15,14
1696438620,10,5,3,57,15,14
1696438680,10,5,3,58,15,14
1696438740,10,5,3,59,15,14
1696438860,10,5,3,61,15,14
1696438920,10,5,3,62,15,14
1696438980,10,5,3,63,15,14
1696439040,10,5,3,64,15,14
1696439100,10,5,3,65,15,14
1696439160,10,5,3,66,15,14
1696439220,10,5,3,67,15,14
1696439280,10,5,3,68,15,14
1696439340,10,5,3,69,15,14
1696439400,10,5,3,70,15,14
1696439460,10,5,3,71,15,14
1696439520,10,5,3,72,15,14
1696439580,10,5,3,73,15,14
1696439640,10,5,3,74,15,14
1696439700,10,5,3,75,15,14
1696439760,10,5,3,76,15,14
1696439820,10,5,3,77,15,14
1696439880,10,5,3,78,15,14
1696439940,10,5,3,79,15,14
1696440060,10,5,3,81,15,14
1696440120,10,5,3,82,15,14
1696440180,10,5,3,83,15,14
1696440240,10,5,3,84,15,14
1696440300,10,5,3,85,15,14
1696440360,10,5,3,86,15,14
1696440420,10,5,3,87,15,14
1696440480,10,5,3,88,15,14
1696440540,10,5,3,89,15,14
1696440600,10,5,3,90,15,14
1696440660,10,5,3,91,15,14
1696440720,10,5,3,92,15,14
1696440780,10,5,3,93,15,14
1696440840,10,5,3,94,15,14
1696440900,10,5,3,95,15,14
1696440960,10,5,3,96,15,14
1696441020,10,5,3,97,15,14
1696441080,10,5,3,98,15,14
1696441140,10,5,3,99,15,14
1696441200,10,5,3,100,15,14
1696441260,10,5,3,101,15,14
1696441320,10,5,3,102,15,14
1696441380,10,5,3,103,15,14
1696441440,10,5,3,104,15,14
1696441500,10,5,3,105,15,14
1696441560,10,5,3,106,15,14
1696441620,10,5,3,107,15,14
1696441680,10,5,3,108,15,14
1696441740,10,5,3,109,15,14
1696441800,10,5,3,110,15,14
1696441860,10,5,3,111,15,14
1696441920,10,5,3,112,15,14
1696441980,10,5,3,113,15,14
1696442040,10,5,3,114,15,14
1696442100,10,5,3,115,15,14
1696442160,10,5,3,116,15,14
1696442220,10,5,3,117,15,14
1696442280,10,5,3,118,15,14
1696442340,10,5,3,119,15,14
1696442460,10,5,3,121,15,14
1696442520,10,5,3,122,15,14
1696442580,10,5,3,123,15,14
1696442640,10,5,3,124,15,14
1696442700,10,5,3,125,15,14
1696442760,10,5,3,126,15,14
1696442820,10,5,3,127,15,14
1696442880,10,5,3,128,15,14
1696442940,10,5,3,129,15,14
1696443000,10,5,3,130,15,14
1696443060,10,5,3,131,15,14
1696443120,10,5,3,132,15,14
1696443180,10,5,3,133,15,14
1696443240,10,5,3,134,15,14
1696443300,10,5,3,135,15,14
1696443360,10,5,3,136,15,14
1696443420,10,5,3,137,15,14
1696443480,10,5,3,138,15,14
1696443540,10,5,3,139,15,14
1696443660,10,5,3,141,15,14
1696443720,10,5,3,142,15,14
1696443780,10,5,3,143,15,14
1696443840,10,5,3,144,15,14
1696443900,10,5,3,145,15,14
1696443960,10,5,3,146,15,14
1696444020,10,5,3,147,15,14
1696444080,10,5,3,148,15,14
1696444140,10,5,3,149,15,14
1696444200,10,5,3,150,15,14
1696444260,10,5,3,151,15,14
1696444320,10,5,3,152,15,14
1696444380,10,5,3,153,15,14
1696444440,10,5,3,154,15,14
1696444500,10,5,3,155,15,14
1696444560,10,5,3,156,15,14
1696444620,10,5,3,157,15,14
1696444680,10,5,3,158,15,14
1696444740,10,5,3,159,15,14
1696444800,10,5,3,160,15,14
1696444860,10,5,3,161,15,14
1696444920,10,5,3,162,15,14
1696444980,10,5,3,163,15,14
1696445040,10,5,3,164,15,14
1696445100,10,5,3,165,15,14
1696445160,10,5,3,166,15,14
1696445220,10,5,3,167,15,14
1696445280,10,5,3,168,15,14
1696445340,10,5,3,169,15,14
1696445400,10,5,3,170,15,14
1696445460,10,5,3,171,15,14
1696445520,10,5,3,172,15,14
1696445580,10,5,3,173,15,14
1696445640,10,5,3,174,15,14
1696445700,10,5,3,175,15,14
1696445760,10,5,3,176,15,14
1696445820,10,5,3,177,15,14
1696445880,10,5,3,178,15,14
1696445940,10,5,3,179,15,14
1696446000,10,5,3,180,15,14
1696446060,10,5,3,181,15,14
1696446120,10,5,3,182,15,14
1696446180,10,5,3,183,15,14
1696446240,10,5,3,184,15,14
1696446300,10,5,3,185,15,14
1696446360,10,5,3,186,15,14
1696446420,10,5,3,187,15,14
1696446480,10,5,3,188,15,14
1696446540,10,5,3,189,15,14
1696446600,10,5,3,190,15,14
1696446660,10,5,3,191,15,14
1696446720,10,5,3,192,15,14
1696446780,10,5,3,193,15,14
1696446840,10,5,3,194,15,14
1696446900,10,5,3,195,15,14
1696446960,10,5,3,196,15,14
1696447020,10,5,3,197,15,14
1696447080,10,5,3,198,15,14
1696447140,10,5,3,199,15,14
1696447260,10,5,3,201,15,14
1696447320,10,5,3,202,15,14
1696447380,10,5,3,203,15,14
1696447440,10,5,3,204,15,14
1696447500,10,5,3,205,15,14
1696447560,10,5,3,206,15,14
1696447620,10,5,3,207,15,14
1696447680,10,5,3,208,15,14
1696447740,10,5,3,209,15,14
1696447800,10,5,3,210,15,14
1696447860,10,5,3,211,15,14
1696447920,10,5,3,212,15,14
1696447980,10,5,3,213,15,14
1696448040,10,5,3,214,15,14
1696448100,10,5,3,215,15,14
1696448160,10,5,3,216,15,14
1696448220,10,5,3,217,15,14
1696448280,10,5,3,218,15,14
1696448400,10,5,3,220,15,14
1696448460,10,5,3,221,15,14
1696448520,10,5,3,222,15,14
1696448580,10,5,3,223,15,14
1696448640,10,5,3,224,15,14
1696448700,10,5,3,225,15,14
1696448760,10,5,3,226,15,14
1696448820,10,5,3,227,15,14
1696448880,10,5,3,228,15,14
1696448940,10,5,3,229,15,14
1696449000,10,5,3,230,15,14
1696449060,10,5,3,231,15,14
1696449120,10,5,3,232,15,14
1696449180,10,5,3,233,15,14
1696449240,10,5,3,234,15,14
1696449300,10,5,3,235,15,14
1696449360,10,5,3,236,15,14
1696449420,10,5,3,237,15,14
1696449480,10,5,3,238,15,14
1696449540,10,5,3,239,15,14
1696449600,10,5,3,240,15,14
1696449660,10,5,3,241,15,14
1696449720,10,5,3,242,15,14
1696449780,10,5,3,243,15,14
1696449840,10,5,3,244,15,14
1696449900,10,5,3,245,15,14
1696449960,10,5,3,246,15,14
1696450020,10,5,3,247,15,14
1696450080,10,5,3,248,15,14
1696450140,10,5,3,249,15,14
1696450200,10,5,3,250,15,14
1696450260,10,5,3,251,15,15
1696450320,10,5,3,252,15,15
1696450380,10,5,3,253,15,15
1696450440,10,5,3,254,15,15
1696450500,10,5,3,255,15,15
1696450560,10,5,3,256,15,15
1696450620,10,5,3,257,15,15
1696450680,10,5,3,258,15,15
1696450740,10,5,3,259,15,15
1696450860,10,5,3,261,15,15
1696450920,10,5,3,262,15,15
1696450980,10,5,3,263,15,15
1696451040,10,5,3,264,15,15
1696451100,10,5,3,265,15,15
1696451160,10,5,3,266,15,15
1696451220,10,5,3,267,15,15
1696451280,10,5,3,268,15,15
1696451340,10,5,3,269,15,15
1696451400,10,5,3,270,15,15
1696451460,10,5,3,271,15,15
1696451520,10,5,3,272,15,15
1696451580,10,5,3,273,15,15
1696451640,10,5,3,274,15,15
1696451700,10,5,3,275,15,15
1696451760,10,5,3,276,15,15
1696451820,10,5,3,277,15,15
1696451880,10,5,3,278,15,15
1696451940,10,5,3,279,15,15
1696452000,10,5,3,280,15,15
1696452060,10,5,3,281,15,15
1696452120,10,5,3,282,15,15
1696452180,10,5,3,283,15,15
1696452240,10,5,3,284,15,15
1696452300,10,5,3,285,15,15
1696452360,10,5,3,286,15,15
1696452420,10,5,3,287,15,15
1696452480,10,5,3,288,15,15
1696452540,10,5,3,289,15,15
1696452600,10,5,3,290,15,15
1696452660,10,5,3,291,15,15
1696452720,10,5,3,292,15,15
1696452780,10,5,3,293,15,15
1696452840,10,5,3,294,15,15
1696452900,10,5,3,295,15,15
1696452960,10,5,3,296,15,15
1696453020,10,5,3,297,15,15
1696453080,10,5,3,298,15,15
1696453140,10,5,3,299,15,15
1696453200,10,5,3,300,15,15
1696453260,10,5,3,301,15,15
1696453320,10,5,3,302,15,15
1696453380,10,5,3,303,15,15
1696453440,10,5,3,304,15,15
1696453500,10,5,3,305,15,15
1696453560,10,5,3,306,15,15
1696453620,10,5,3,307,15,15
1696453680,10,5,3,308,15,15
1696453740,10,5,3,309,15,15
1696453800,10,5,3,310,15,15
1696453860,10,5,3,311,15,15
1696453920,10,5,3,312,15,15
1696453980,10,5,3,313,15,15
1696454040,10,5,3,314,15,15
1696454100,10,5,3,315,15,15
1696454160,10,5,3,316,15,15
1696454220,10,5,3,317,15,15
1696454280,10,5,3,318,15,15
1696454340,10,5,3,319,15,15
1696454460,10,5,3,321,15,15
1696454520,10,5,3,322,15,15
1696454580,10,5,3,323,15,15
1696454640,10,5,3,324,15,15
1696454700,10,5,3,325,15,15
1696454760,10,5,3,326,15,15
1696454820,10,5,3,327,15,15
1696454880,10,5,3,328,15,15
1696454940,10,5,3,329,15,15
1696455000,10,5,3,330,15,15
1696455060,10,5,3,331,15,15
1696455120,10,5,3,332,15,15
1696455180,10,5,3,333,15,15
1696455240,10,5,3,334,15,15
1696455300,10,5,3,335,15,15
1696455360,10,5,3,336,15,15
1696455420,10,5,3,337,15,15
1696455480,10,5,3,338,15,15
1696455540,10,5,3,339,15,15
1696455600,10,5,3,340,15,15
1696455660,10,5,3,341,15,15
1696455720,10,5,3,342,15,15
1696455780,10,5,3,343,15,15
1696455840,10,5,3,344,15,15
1696455900,10,5,3,345,15,15
1696455960,10,5,3,346,15,15
1696456020,10,5,3,347,15,15
1696456080,10,5,3,348,15,15
1696456140,10,5,3,349,15,15
1696456200,10,5,3,350,15,15
1696456260,10,5,3,351,15,15
1696456320,10,5,3,352,15,15
1696456380,10,5,3,353,15,15
1696456440,10,5,3,354,15,15
1696456500,10,5,3,355,15,15
1696456560,10,5,3,356,15,15
1696456620,10,5,3,357,15,15
1696456680,10,5,3,358,15,15
1696456740,10,5,3,359,15,15
1696456800,10,5,3,360,15,15
1696456860,10,5,3,361,15,15
1696456920,10,5,3,362,15,15
1696456980,10,5,3,363,15,15
1696457040,10,5,3,364,15,15
1696457100,10,5,3,365,15,15
1696457160,10,5,3,366,15,15
1696457220,10,5,3,367,15,15
1696457280,10,5,3,368,15,15
1696457340,10,5,3,369,15,15
1696457400,10,5,3,370,15,15
1696457460,10,5,3,371,15,15
1696457520,10,5,3,372,15,15
1696457580,10,5,3,373,15,15
1696457640,10,5,3,374,15,15
1696457700,10,5,3,375,15,15
1696457760,10,5,3,376,15,15
1696457820,10,5,3,377,15,15
1696457880,10,5,3,378,15,15
1696457940,10,5,3,379,15,15
1696458060,10,5,3,381,15,15
1696458120,10,5,3,382,15,15
1696458180,10,5,3,383,15,15
1696458240,10,5,3,384,15,15
1696458300,10,5,3,385,15,15
1696458360,10,5,3,386,15,15
1696458420,10,5,3,387,15,15
1696458480,10,5,3,388,15,15
1696458540,10,5,3,389,15,15
1696458600,10,5,3,390,15,15
1696458660,10,5,3,391,15,15
1696458720,10,5,3,392,15,15
1696458780,10,5,3,393,15,15
1696458840,10,5,3,394,15,15
1696458900,10,5,3,395,15,15
1696458960,10,5,3,396,15,15
1696459020,10,5,3,397,15,15
1696459080,10,5,3,398,15,15
1696459140,10,5,3,399,15,15
1696459200,10,5,3,400,15,15
1696459260,10,5,3,401,15,15
1696459320,10,5,3,402,15,15
1696459380,10,5,3,403,15,15
1696459440,10,5,3,404,15,15
1696459500,10,5,3,405,15,15
1696459560,10,5,3,406,15,15
1696459620,10,5,3,407,15,15
1696459680,10,5,3,408,15,15
1696459740,10,5,3,409,15,15
1696459800,10,5,3,410,15,15
1696459860,10,5,3,411,15,15
1696459920,10,5,3,412,15,15
1696459980,10,5,3,413,15,15
1696460040,10,5,3,414,15,15
1696460100,10,5,3,415,15,15
1696460160,10,5,3,416,15,15
1696460220,10,5,3,417,15,15
1696460280,10,5,3,418,15,15
1696460340,10,5,3,419,15,14
1696460460,10,5,3,421,15,14
1696460520,10,5,3,422,15,14
1696460580,10,5,3,423,15,15
1696460640,10,5,3,424,15,15
1696460700,10,5,3,425,15,15
1696460760,10,5,3,426,15,15
1696460820,10,5,3,427,15,15
1696460880,10,5,3,428,15,15
1696460940,10,5,3,429,15,15
1696461000,10,5,3,430,15,15
1696461060,10,5,3,431,15,15
1696461120,10,5,3,432,15,15
1696461180,10,5,3,433,15,15
1696461240,10,5,3,434,15,15
1696461300,10,5,3,435,15,15
1696461360,10,5,3,436,15,15
1696461420,10,5,3,437,15,15
1696461480,10,5,3,438,15,15
1696461540,10,5,3,439,15,15
1696461660,10,5,3,441,15,15
1696461720,10,5,3,442,15,15
1696461780,10,5,3,443,15,15
1696461840,10,5,3,444,15,15
1696461900,10,5,3,445,15,15
1696461960,10,5,3,446,15,15
1696462020,10,5,3,447,15,15
1696462080,10,5,3,448,15,14
1696462140,10,5,3,449,15,14
1696462200,10,5,3,450,15,14
1696462260,10,5,3,451,15,15
1696462320,10,5,3,452,15,15
1696462380,10,5,3,453,15,14
1696462440,10,5,3,454,15,14
1696462500,10,5,3,455,15,14
1696462560,10,5,3,456,15,14
1696462620,10,5,3,457,15,14
1696462680,10,5,3,458,15,14
1696462740,10,5,3,459,15,14
1696462800,10,5,3,460,15,14
1696462860,10,5,3,461,15,14
1696462920,10,5,3,462,15,14
1696462980,10,5,3,463,15,14
1696463040,10,5,3,464,15,14
1696463100,10,5,3,465,15,14
1696463160,10,5,3,466,15,14
1696463220,10,5,3,467,15,13
1696463280,10,5,3,468,15,12
1696463340,10,5,3,469,15,11
1696463400,10,5,3,470,15,11
1696463460,10,5,3,471,15,11
1696463520,10,5,3,472,15,12
1696463580,10,5,3,473,15,12
1696463640,10,5,3,474,15,12
1696463700,10,5,3,475,15,12
1696463760,10,5,3,476,15,12
1696463820,10,5,3,477,15,12
1696463880,10,5,3,478,15,12
1696463940,10,5,3,479,15,12
1696464060,10,5,3,481,15,12
1696464120,10,5,3,482,15,13
1696464180,10,5,3,483,15,13
1696464240,10,5,3,484,15,13
1696464300,10,5,3,485,15,12
1696464360,10,5,3,486,15,12
1696464420,10,5,3,487,15,12
1696464480,10,5,3,488,15,14
1696464540,10,5,3,489,15,15
1696464600,10,5,3,490,15,15
1696464660,10,5,3,491,15,15
1696464720,10,5,3,492,15,14
1696464780,10,5,3,493,15,13
1696464840,10,5,3,494,15,13
1696464900,10,5,3,495,15,13
1696464960,10,5,3,496,15,13
1696465020,10,5,3,497,15,13
1696465080,10,5,3,498,15,13
1696465140,10,5,3,499,15,12
1696465260,10,5,3,501,15,12
1696465320,10,5,3,502,15,12
1696465380,10,5,3,503,15,12
1696465440,10,5,3,504,15,12
1696465500,10,5,3,505,15,11
1696465560,10,5,3,506,15,11
1696465620,10,5,3,507,15,11
1696465680,10,5,3,508,15,12
1696465740,10,5,3,509,15,12
1696465800,10,5,3,510,15,12
1696465920,10,5,3,512,15,10
1696465980,10,5,3,513,15,10
1696466040,10,5,3,514,15,10
1696466100,10,5,3,515,15,10
1696466160,10,5,3,516,15,10
1696466220,10,5,3,517,15,10
1696466280,10,5,3,518,15,10
1696466340,10,5,3,519,15,11
1696466400,10,5,3,520,15,10
1696466460,10,5,3,521,15,10
1696466520,10,5,3,522,15,10
1696466580,10,5,3,523,15,10
1696466640,10,5,3,524,15,10
1696466700,10,5,3,525,15,10
1696466760,10,5,3,526,15,10
1696466820,10,5,3,527,15,10
1696466880,10,5,3,528,15,10
1696466940,10,5,3,529,15,10
1696467000,10,5,3,530,15,10
1696467060,10,5,3,531,15,9
1696467120,10,5,3,532,15,9
1696467180,10,5,3,533,15,8
1696467240,10,5,3,534,15,8
1696467300,10,5,3,535,15,8
1696467360,10,5,3,536,15,8
1696467420,10,5,3,537,15,8
1696467480,10,5,3,538,15,8
1696467540,10,5,3,539,15,8
1696467660,10,5,3,541,15,7
1696467720,10,5,3,542,15,7
1696467780,10,5,3,543,15,7
1696467840,10,5,3,544,15,7
1696467900,10,5,3,545,15,8
1696467960,10,5,3,546,15,5
1696468020,10,5,3,547,15,5
1696468080,10,5,3,548,15,5
1696468140,10,5,3,549,15,3
1696468200,10,5,3,550,15,3
1696468260,10,5,3,551,15,1
1696468320,10,5,3,552,15,2
1696468380,10,5,3,553,15,1
1696468440,10,5,3,554,15,1
1696468500,10,5,3,555,15,1
1696468560,10,5,3,556,15,1
1696468620,10,5,3,557,15,1
1696468680,10,5,3,558,15,2
1696468740,10,5,3,559,15,1
1696468860,10,5,3,561,15,0
1696468920,10,5,3,562,15,0
1696468980,10,5,3,563,15,0
1696469040,10,5,3,564,15,0
1696469100,10,5,3,565,15,0
1696469160,10,5,3,566,15,0
1696469220,10,5,3,567,15,0
1696469280,10,5,3,568,15,0
1696469340,10,5,3,569,15,0
1696469400,10,5,3,570,15,0
1696469460,10,5,3,571,15,0
1696469520,10,5,3,572,15,0
1696469580,10,5,3,573,15,0
1696469640,10,5,3,574,15,0
1696469700,10,5,3,575,15,0
1696469760,10,5,3,576,15,1
1696469820,10,5,3,577,15,1
1696469880,10,5,3,578,15,0
1696469940,10,5,3,579,15,0
1696470000,10,5,3,580,15,0
1696470060,10,5,3,581,15,0
1696470120,10,5,3,582,15,2
1696470180,10,5,3,583,15,2
1696470240,10,5,3,584,15,2
1696470300,10,5,3,585,15,2
1696470360,10,5,3,586,15,3
1696470420,10,5,3,587,15,3
1696470480,10,5,3,588,15,1
1696470540,10,5,3,589,15,1
1696470600,10,5,3,590,15,1
1696470660,10,5,3,591,15,0
1696470720,10,5,3,592,15,0
1696470780,10,5,3,593,15,0
1696470840,10,5,3,594,15,0
1696470900,10,5,3,595,15,0
1696470960,10,5,3,596,15,1
1696471020,10,5,3,597,15,0
1696471140,10,5,3,599,15,0
1696471260,10,5,3,601,15,0
1696471320,10,5,3,602,15,0
1696471380,10,5,3,603,15,0
1696471440,10,5,3,604,15,0
1696471500,10,5,3,605,15,0
1696471560,10,5,3,606,15,0
1696471620,10,5,3,607,15,0
1696471680,10,5,3,608,15,0
1696471740,10,5,3,609,15,0
1696471800,10,5,3,610,15,0
1696471860,10,5,3,611,15,0
1696471920,10,5,3,612,15,1
1696471980,10,5,3,613,15,1
1696472040,10,5,3,614,15,1
1696472100,10,5,3,615,15,0
1696472160,10,5,3,616,15,0
1696472220,10,5,3,617,15,0
1696472280,10,5,3,618,15,0
1696472340,10,5,3,619,15,0
1696472460,10,5,3,621,15,0
1696472520,10,5,3,622,15,0
1696472580,10,5,3,623,15,0
1696472640,10,5,3,624,15,0
1696472700,10,5,3,625,15,0
1696472760,10,5,3,626,15,0
1696472820,10,5,3,627,15,0
1696472880,10,5,3,628,15,0
1696472940,10,5,3,629,15,0
1696473000,10,5,3,630,15,0
1696473060,10,5,3,631,15,0
1696473120,10,5,3,632,15,0
1696473180,10,5,3,633,15,0
1696473240,10,5,3,634,15,0
1696473300,10,5,3,635,15,0
1696473360,10,5,3,636,15,0
1696473420,10,5,3,637,15,0
1696473480,10,5,3,638,15,0
1696473540,10,5,3,639,15,0
1696473600,10,5,3,640,15,0
1696473660,10,5,3,641,15,0
1696473720,10,5,3,642,15,0
1696473780,10,5,3,643,15,0
1696473840,10,5,3,644,15,1
1696473900,10,5,3,645,15,1
1696473960,10,5,3,646,15,1
1696474020,10,5,3,647,15,1
1696474080,10,5,3,648,15,0
1696474140,10,5,3,649,15,1
1696474200,10,5,3,650,15,1
1696474260,10,5,3,651,15,0
1696474320,10,5,3,652,15,0
1696474380,10,5,3,653,15,0
1696474440,10,5,3,654,15,0
1696474500,10,5,3,655,15,0
1696474560,10,5,3,656,15,0
1696474620,10,5,3,657,15,0
1696474680,10,5,3,658,15,0
1696474740,10,5,3,659,15,0
1696474860,10,5,3,661,15,0
1696474920,10,5,3,662,15,0
1696474980,10,5,3,663,15,0
1696475040,10,5,3,664,15,0
1696475100,10,5,3,665,15,0
1696475160,10,5,3,666,15,0
1696475220,10,5,3,667,15,0
1696475280,10,5,3,668,15,0
1696475340,10,5,3,669,15,0
1696475400,10,5,3,670,15,0
1696475460,10,5,3,671,15,0
1696475520,10,5,3,672,15,0
1696475580,10,5,3,673,15,0
1696475640,10,5,3,674,15,0
1696475700,10,5,3,675,15,0
1696475760,10,5,3,676,15,0
1696475820,10,5,3,677,15,0
1696475880,10,5,3,678,15,0
1696475940,10,5,3,679,15,0
1696476060,10,5,3,681,15,0
1696476120,10,5,3,682,15,1
1696476180,10,5,3,683,15,1
1696476240,10,5,3,684,15,1
1696476300,10,5,3,685,15,1
1696476360,10,5,3,686,15,2
1696476420,10,5,3,687,15,2
1696476480,10,5,3,688,15,1
1696476540,10,5,3,689,15,2
1696476600,10,5,3,690,15,2
1696476660,10,5,3,691,15,2
1696476720,10,5,3,692,15,1
1696476780,10,5,3,693,15,2
1696476840,10,5,3,694,15,2
1696476900,10,5,3,695,15,0
1696476960,10,5,3,696,15,0
1696477020,10,5,3,697,15,0
1696477080,10,5,3,698,15,0
1696477140,10,5,3,699,15,0
1696477200,10,5,3,700,15,0
1696477260,10,5,3,701,15,0
1696477320,10,5,3,702,15,1
1696477380,10,5,3,703,15,1
1696477440,10,5,3,704,15,1
1696477500,10,5,3,705,15,1
1696477560,10,5,3,706,15,1
1696477620,10,5,3,707,15,1
1696477680,10,5,3,708,15,1
1696477740,10,5,3,709,15,0
1696477800,10,5,3,710,15,0
1696477860,10,5,3,711,15,0
1696477920,10,5,3,712,15,1
1696477980,10,5,3,713,15,1
1696478040,10,5,3,714,15,0
1696478100,10,5,3,715,15,0
1696478160,10,5,3,716,15,1
1696478220,10,5,3,717,15,2
1696478280,10,5,3,718,15,2
1696478340,10,5,3,719,15,2
1696478460,10,5,3,721,15,0
1696478520,10,5,3,722,15,0
1696478580,10,5,3,723,15,0
1696478640,10,5,3,724,15,0
1696478700,10,5,3,725,15,0
1696478760,10,5,3,726,15,0
1696478820,10,5,3,727,15,0
1696478880,10,5,3,728,15,0
1696478940,10,5,3,729,15,0
1696479000,10,5,3,730,15,0
1696479060,10,5,3,731,15,0
1696479120,10,5,3,732,15,0
1696479180,10,5,3,733,15,0
1696479240,10,5,3,734,15,0
1696479300,10,5,3,735,15,0
1696479360,10,5,3,736,15,0
1696479420,10,5,3,737,15,0
1696479480,10,5,3,738,15,0
1696479540,10,5,3,739,15,0
1696479660,10,5,3,741,15,0
1696479720,10,5,3,742,15,0
1696479780,10,5,3,743,15,0
1696479840,10,5,3,744,15,0
1696479900,10,5,3,745,15,0
1696479960,10,5,3,746,15,1
1696480020,10,5,3,747,15,0
1696480080,10,5,3,748,15,0
1696480140,10,5,3,749,15,1
1696480200,10,5,3,750,15,1
1696480260,10,5,3,751,15,1
1696480320,10,5,3,752,15,4
1696480380,10,5,3,753,15,4
1696480440,10,5,3,754,15,3
1696480500,10,5,3,755,15,2
1696480560,10,5,3,756,15,2
1696480620,10,5,3,757,15,2
1696480680,10,5,3,758,15,2
1696480740,10,5,3,759,15,5
1696480800,10,5,3,760,15,2
1696480860,10,5,3,761,15,2
1696480920,10,5,3,762,15,2
1696480980,10,5,3,763,15,2
1696481040,10,5,3,764,15,1
1696481100,10,5,3,765,15,0
1696481160,10,5,3,766,15,0
1696481220,10,5,3,767,15,0
1696481280,10,5,3,768,15,0
1696481340,10,5,3,769,15,0
1696481400,10,5,3,770,15,0
1696481460,10,5,3,771,15,0
1696481520,10,5,3,772,15,0
1696481580,10,5,3,773,15,0
1696481640,10,5,3,774,15,0
1696481700,10,5,3,775,15,0
1696481760,10,5,3,776,15,0
1696481820,10,5,3,777,15,0
1696481880,10,5,3,778,15,0
1696481940,10,5,3,779,15,0
1696482060,10,5,3,781,15,0
1696482120,10,5,3,782,15,0
1696482180,10,5,3,783,15,0
1696482240,10,5,3,784,15,0
1696482300,10,5,3,785,15,0
1696482360,10,5,3,786,15,0
1696482420,10,5,3,787,15,0
1696482480,10,5,3,788,15,0
1696482540,10,5,3,789,15,0
1696482600,10,5,3,790,15,0
1696482660,10,5,3,791,15,0
1696482720,10,5,3,792,15,0
1696482780,10,5,3,793,15,0
1696482840,10,5,3,794,15,2
1696482900,10,5,3,795,15,0
1696482960,10,5,3,796,15,0
1696483020,10,5,3,797,15,0
1696483080,10,5,3,798,15,0
1696483140,10,5,3,799,15,0
1696483260,10,5,3,801,15,0
1696483320,10,5,3,802,15,0
1696483380,10,5,3,803,15,0
1696483440,10,5,3,804,15,1
1696483500,10,5,3,805,15,1
1696483560,10,5,3,806,15,0
1696483620,10,5,3,807,15,0
1696483680,10,5,3,808,15,0
1696483740,10,5,3,809,15,0
1696483800,10,5,3,810,15,0
1696483860,10,5,3,811,15,0
1696483920,10,5,3,812,15,0
1696484040,10,5,3,814,15,0
1696484100,10,5,3,815,15,0
1696484160,10,5,3,816,15,0
1696484220,10,5,3,817,15,0
1696484280,10,5,3,818,15,0
1696484340,10,5,3,819,15,1
1696484400,10,5,3,820,15,1
1696484460,10,5,3,821,15,1
1696484520,10,5,3,822,15,1
1696484580,10,5,3,823,15,0
1696484640,10,5,3,824,15,0
1696484700,10,5,3,825,15,0
1696484760,10,5,3,826,15,0
1696484820,10,5,3,827,15,0
1696484880,10,5,3,828,15,0
1696484940,10,5,3,829,15,0
1696485000,10,5,3,830,15,0
1696485060,10,5,3,831,15,0
1696485120,10,5,3,832,15,0
1696485180,10,5,3,833,15,0
1696485240,10,5,3,834,15,1
1696485300,10,5,3,835,15,1
1696485360,10,5,3,836,15,0
1696485420,10,5,3,837,15,0
1696485480,10,5,3,838,15,0
1696485540,10,5,3,839,15,0
1696485660,10,5,3,841,15,0
1696485720,10,5,3,842,15,0
1696485780,10,5,3,843,15,0
1696485840,10,5,3,844,15,0
1696485900,10,5,3,845,15,0
1696485960,10,5,3,846,15,1
1696486020,10,5,3,847,15,1
1696486080,10,5,3,848,15,1
1696486140,10,5,3,849,15,1
1696486200,10,5,3,850,15,1
1696486260,10,5,3,851,15,1
1696486320,10,5,3,852,15,1
1696486380,10,5,3,853,15,1
1696486440,10,5,3,854,15,2
1696486500,10,5,3,855,15,0
1696486560,10,5,3,856,15,0
1696486620,10,5,3,857,15,0
1696486680,10,5,3,858,15,0
1696486740,10,5,3,859,15,0
1696486860,10,5,3,861,15,0
1696486920,10,5,3,862,15,0
1696486980,10,5,3,863,15,0
1696487040,10,5,3,864,15,0
1696487100,10,5,3,865,15,0
1696487160,10,5,3,866,15,0
1696487220,10,5,3,867,15,0
1696487280,10,5,3,868,15,0
1696487340,10,5,3,869,15,0
1696487400,10,5,3,870,15,2
1696487460,10,5,3,871,15,2
1696487520,10,5,3,872,15,2
1696487580,10,5,3,873,15,2
1696487640,10,5,3,874,15,2
1696487700,10,5,3,875,15,2
1696487760,10,5,3,876,15,2
1696487820,10,5,3,877,15,2
1696487880,10,5,3,878,15,2
1696487940,10,5,3,879,15,2
1696488000,10,5,3,880,15,2
1696488060,10,5,3,881,15,2
1696488120,10,5,3,882,15,2
1696488180,10,5,3,883,15,2
1696488240,10,5,3,884,15,2
1696488300,10,5,3,885,15,2
1696488360,10,5,3,886,15,2
1696488420,10,5,3,887,15,2
1696488480,10,5,3,888,15,2
1696488540,10,5,3,889,15,2
1696488600,10,5,3,890,15,2
1696488660,10,5,3,891,15,2
1696488720,10,5,3,892,15,2
1696488780,10,5,3,893,15,2
1696488840,10,5,3,894,15,3
1696488900,10,5,3,895,15,3
1696488960,10,5,3,896,15,2
1696489020,10,5,3,897,15,2
1696489080,10,5,3,898,15,2
1696489140,10,5,3,899,15,2
1696489260,10,5,3,901,15,2
1696489320,10,5,3,902,15,2
1696489380,10,5,3,903,15,1
1696489440,10,5,3,904,15,1
1696489500,10,5,3,905,15,1
1696489560,10,5,3,906,15,0
1696489620,10,5,3,907,15,0
1696489680,10,5,3,908,15,0
1696489740,10,5,3,909,15,0
1696489800,10,5,3,910,15,2
1696489860,10,5,3,911,15,2
1696489920,10,5,3,912,15,2
1696489980,10,5,3,913,15,2
1696490040,10,5,3,914,15,4
1696490100,10,5,3,915,15,4
1696490160,10,5,3,916,15,4
1696490220,10,5,3,917,15,4
1696490280,10,5,3,918,15,4
1696490340,10,5,3,919,15,3
1696490460,10,5,3,921,15,0
1696490520,10,5,3,922,15,0
1696490580,10,5,3,923,15,0
1696490640,10,5,3,924,15,0
1696490700,10,5,3,925,15,0
1696490760,10,5,3,926,15,0
1696490820,10,5,3,927,15,0
1696490880,10,5,3,928,15,0
1696490940,10,5,3,929,15,0
1696491000,10,5,3,930,15,0
1696491060,10,5,3,931,15,0
1696491120,10,5,3,932,15,0
1696491180,10,5,3,933,15,0
1696491240,10,5,3,934,15,1
1696491300,10,5,3,935,15,2
1696491360,10,5,3,936,15,2
1696491420,10,5,3,937,15,2
1696491480,10,5,3,938,15,2
1696491540,10,5,3,939,15,1
1696491600,10,5,3,940,15,1
1696491660,10,5,3,941,15,1
1696491720,10,5,3,942,15,1
1696491780,10,5,3,943,15,0
1696491840,10,5,3,944,15,0
1696491900,10,5,3,945,15,0
1696491960,10,5,3,946,15,0
1696492020,10,5,3,947,15,0
1696492080,10,5,3,948,15,0
1696492140,10,5,3,949,15,1
1696492200,10,5,3,950,15,1
1696492260,10,5,3,951,15,1
1696492320,10,5,3,952,15,1
1696492380,10,5,3,953,15,2
1696492440,10,5,3,954,15,1
1696492500,10,5,3,955,15,1
1696492560,10,5,3,956,15,1
1696492620,10,5,3,957,15,1
1696492680,10,5,3,958,15,1
1696492740,10,5,3,959,15,1
1696492800,10,5,3,960,15,1
1696492920,10,5,3,962,15,2
1696492980,10,5,3,963,15,2
1696493040,10,5,3,964,15,2
1696493100,10,5,3,965,15,3
1696493160,10,5,3,966,15,3
1696493220,10,5,3,967,15,3
1696493280,10,5,3,968,15,3
1696493340,10,5,3,969,15,2
1696493400,10,5,3,970,15,2
1696493460,10,5,3,971,15,2
1696493520,10,5,3,972,15,1
1696493580,10,5,3,973,15,1
1696493640,10,5,3,974,15,2
1696493700,10,5,3,975,15,2
1696493760,10,5,3,976,15,2
1696493820,10,5,3,977,15,2
1696493880,10,5,3,978,15,2
1696493940,10,5,3,979,15,2
1696494060,10,5,3,981,15,0
1696494120,10,5,3,982,15,0
1696494180,10,5,3,983,15,0
1696494240,10,5,3,984,15,0
1696494300,10,5,3,985,15,0
1696494360,10,5,3,986,15,1
1696494420,10,5,3,987,15,1
1696494480,10,5,3,988,15,0
1696494540,10,5,3,989,15,0
1696494600,10,5,3,990,15,0
1696494660,10,5,3,991,15,0
1696494720,10,5,3,992,15,0
1696494780,10,5,3,993,15,0
1696494840,10,5,3,994,15,0
1696494900,10,5,3,995,15,0
1696494960,10,5,3,996,15,0
1696495020,10,5,3,997,15,0
1696495080,10,5,3,998,15,0
1696495140,10,5,3,999,15,0
1696495200,10,5,3,1000,15,0
1696495260,10,5,3,1001,15,0
1696495320,10,5,3,1002,15,0
1696495380,10,5,3,1003,15,0
1696495440,10,5,3,1004,15,0
1696495500,10,5,3,1005,15,0
1696495560,10,5,3,1006,15,1
1696495620,10,5,3,1007,15,0
1696495680,10,5,3,1008,15,1
1696495740,10,5,3,1009,15,2
1696495800,10,5,3,1010,15,3
1696495860,10,5,3,1011,15,3
1696495920,10,5,3,1012,15,3
1696495980,10,5,3,1013,15,3
1696496040,10,5,3,1014,15,3
1696496100,10,5,3,1015,15,3
1696496160,10,5,3,1016,15,3
1696496220,10,5,3,1017,15,3
1696496280,10,5,3,1018,15,3
1696496340,10,5,3,1019,15,3
1696496460,10,5,3,1021,15,2
1696496520,10,5,3,1022,15,2
1696496580,10,5,3,1023,15,2
1696496640,10,5,3,1024,15,2
1696496700,10,5,3,1025,15,3
1696496760,10,5,3,1026,15,4
1696496820,10,5,3,1027,15,3
1696496880,10,5,3,1028,15,3
1696496940,10,5,3,1029,15,3
1696497000,10,5,3,1030,15,4
1696497060,10,5,3,1031,15,4
1696497120,10,5,3,1032,15,4
1696497180,10,5,3,1033,15,2
1696497240,10,5,3,1034,15,0
1696497300,10,5,3,1035,15,0
1696497360,10,5,3,1036,15,0
1696497420,10,5,3,1037,15,0
1696497480,10,5,3,1038,15,1
1696497540,10,5,3,1039,15,1
1696497660,10,5,3,1041,15,2
1696497720,10,5,3,1042,15,2
1696497780,10,5,3,1043,15,1
1696497840,10,5,3,1044,15,1
1696497900,10,5,3,1045,15,1
1696497960,10,5,3,1046,15,2
1696498020,10,5,3,1047,15,3
1696498080,10,5,3,1048,15,3
1696498140,10,5,3,1049,15,4
1696498260,10,5,3,1051,15,6
1696498320,10,5,3,1052,15,6
1696498380,10,5,3,1053,15,6
1696498440,10,5,3,1054,15,5
1696498500,10,5,3,1055,15,5
1696498560,10,5,3,1056,15,5
1696498620,10,5,3,1057,15,5
1696498680,10,5,3,1058,15,5
1696498740,10,5,3,1059,15,5
1696498800,10,5,3,1060,15,5
1696498860,10,5,3,1061,15,5
1696498920,10,5,3,1062,15,5
1696498980,10,5,3,1063,15,5
1696499040,10,5,3,1064,15,5
1696499100,10,5,3,1065,15,5
1696499160,10,5,3,1066,15,5
1696499220,10,5,3,1067,15,6
1696499280,10,5,3,1068,15,6
1696499340,10,5,3,1069,15,6
1696499400,10,5,3,1070,15,6
1696499460,10,5,3,1071,15,6
1696499520,10,5,3,1072,15,6
1696499580,10,5,3,1073,15,7
1696499640,10,5,3,1074,15,6
1696499700,10,5,3,1075,15,6
1696499760,10,5,3,1076,15,6
1696499820,10,5,3,1077,15,7
1696499880,10,5,3,1078,15,7
1696499940,10,5,3,1079,15,7
1696500060,10,5,3,1081,15,7
1696500120,10,5,3,1082,15,7
1696500180,10,5,3,1083,15,6
1696500240,10,5,3,1084,15,5
1696500300,10,5,3,1085,15,5
1696500360,10,5,3,1086,15,6
1696500420,10,5,3,1087,15,3
1696500480,10,5,3,1088,15,3
1696500540,10,5,3,1089,15,2
1696500600,10,5,3,1090,15,1
1696500660,10,5,3,1091,15,1
1696500720,10,5,3,1092,15,2
1696500780,10,5,3,1093,15,2
1696500840,10,5,3,1094,15,1
1696500900,10,5,3,1095,15,1
1696500960,10,5,3,1096,15,0
1696501020,10,5,3,1097,15,0
1696501080,10,5,3,1098,15,0
1696501140,10,5,3,1099,15,0
1696501260,10,5,3,1101,15,0
1696501320,10,5,3,1102,15,0
1696501440,10,5,3,1104,15,0
1696501500,10,5,3,1105,15,0
1696501560,10,5,3,1106,15,0
1696501620,10,5,3,1107,15,1
1696501680,10,5,3,1108,15,1
1696501740,10,5,3,1109,15,0
1696501800,10,5,3,1110,15,0
1696501860,10,5,3,1111,15,0
1696501920,10,5,3,1112,15,0
1696501980,10,5,3,1113,15,3
1696502040,10,5,3,1114,15,3
1696502100,10,5,3,1115,15,2
1696502160,10,5,3,1116,15,1
1696502220,10,5,3,1117,15,1
1696502280,10,5,3,1118,15,1
1696502340,10,5,3,1119,15,1
1696502400,10,5,3,1120,15,1
1696502460,10,5,3,1121,15,2
1696502520,10,5,3,1122,15,2
1696502580,10,5,3,1123,15,2
1696502640,10,5,3,1124,15,2
1696502700,10,5,3,1125,15,0
1696502760,10,5,3,1126,15,0
1696502820,10,5,3,1127,15,0
1696502880,10,5,3,1128,15,0
1696502940,10,5,3,1129,15,1
1696503000,10,5,3,1130,15,0
1696503060,10,5,3,1131,15,0
1696503120,10,5,3,1132,15,0
1696503180,10,5,3,1133,15,0
1696503240,10,5,3,1134,15,0
1696503300,10,5,3,1135,15,0
1696503360,10,5,3,1136,15,0
1696503420,10,5,3,1137,15,0
1696503480,10,5,3,1138,15,0
1696503540,10,5,3,1139,15,0
1696503660,10,5,3,1141,15,0
1696503720,10,5,3,1142,15,0
1696503780,10,5,3,1143,15,0
1696503840,10,5,3,1144,15,0
1696503900,10,5,3,1145,15,1
1696503960,10,5,3,1146,15,1
1696504020,10,5,3,1147,15,1
1696504080,10,5,3,1148,15,1
1696504140,10,5,3,1149,15,2
1696504200,10,5,3,1150,15,2
1696504260,10,5,3,1151,15,2
1696504320,10,5,3,1152,15,2
1696504380,10,5,3,1153,15,2
1696504440,10,5,3,1154,15,2
1696504500,10,5,3,1155,15,1
1696504560,10,5,3,1156,15,1
1696504620,10,5,3,1157,15,2
1696504680,10,5,3,1158,15,2
1696504740,10,5,3,1159,15,2
1696504860,10,5,3,1161,15,2
1696504920,10,5,3,1162,15,1
1696504980,10,5,3,1163,15,1
1696505040,10,5,3,1164,15,1
1696505100,10,5,3,1165,15,2
1696505160,10,5,3,1166,15,2
1696505220,10,5,3,1167,15,2
1696505280,10,5,3,1168,15,2
1696505340,10,5,3,1169,15,2
1696505400,10,5,3,1170,15,2
1696505460,10,5,3,1171,15,2
1696505520,10,5,3,1172,15,2
1696505580,10,5,3,1173,15,2
1696505640,10,5,3,1174,15,2
1696505700,10,5,3,1175,15,2
1696505760,10,5,3,1176,15,2
1696505820,10,5,3,1177,15,2
1696505880,10,5,3,1178,15,3
1696505940,10,5,3,1179,15,3
1696506000,10,5,3,1180,15,2
1696506060,10,5,3,1181,15,2
1696506120,10,5,3,1182,15,2
1696506180,10,5,3,1183,15,2
1696506240,10,5,3,1184,15,2
1696506300,10,5,3,1185,15,2
1696506360,10,5,3,1186,15,2
1696506420,10,5,3,1187,15,2
1696506480,10,5,3,1188,15,2
1696506540,10,5,3,1189,15,2
1696506600,10,5,3,1190,15,2
1696506660,10,5,3,1191,15,2
1696506720,10,5,3,1192,15,2
1696506780,10,5,3,1193,15,1
1696506840,10,5,3,1194,15,1
1696506900,10,5,3,1195,15,1
1696506960,10,5,3,1196,15,1
1696507020,10,5,3,1197,15,1
1696507080,10,5,3,1198,15,2
1696507140,10,5,3,1199,15,2
1696507260,10,5,3,1201,15,2
1696507320,10,5,3,1202,15,3
1696507380,10,5,3,1203,15,3
1696507440,10,5,3,1204,15,2
1696507500,10,5,3,1205,15,2
1696507560,10,5,3,1206,15,2
1696507620,10,5,3,1207,15,2
1696507680,10,5,3,1208,15,2
1696507740,10,5,3,1209,15,2
1696507800,10,5,3,1210,15,2
1696507860,10,5,3,1211,15,1
1696507920,10,5,3,1212,15,1
1696507980,10,5,3,1213,15,1
1696508040,10,5,3,1214,15,1
1696508100,10,5,3,1215,15,1
1696508160,10,5,3,1216,15,1
1696508220,10,5,3,1217,15,1
1696508280,10,5,3,1218,15,1
1696508340,10,5,3,1219,15,1
1696508460,10,5,3,1221,15,1
1696508520,10,5,3,1222,15,1
1696508580,10,5,3,1223,15,1
1696508640,10,5,3,1224,15,1
1696508700,10,5,3,1225,15,1
1696508760,10,5,3,1226,15,1
1696508820,10,5,3,1227,15,1
1696508880,10,5,3,1228,15,1
1696508940,10,5,3,1229,15,1
1696509000,10,5,3,1230,15,1
1696509060,10,5,3,1231,15,1
1696509120,10,5,3,1232,15,1
1696509180,10,5,3,1233,15,1
1696509240,10,5,3,1234,15,1
1696509300,10,5,3,1235,15,1
1696509360,10,5,3,1236,15,1
1696509420,10,5,3,1237,15,1
1696509480,10,5,3,1238,15,2
1696509540,10,5,3,1239,15,2
1696509600,10,5,3,1240,15,2
1696509660,10,5,3,1241,15,2
1696509720,10,5,3,1242,15,2
1696509780,10,5,3,1243,15,2
1696509840,10,5,3,1244,15,2
1696509900,10,5,3,1245,15,2
1696509960,10,5,3,1246,15,3
1696510020,10,5,3,1247,15,3
1696510080,10,5,3,1248,15,3
1696510140,10,5,3,1249,15,3
1696510200,10,5,3,1250,15,3
1696510260,10,5,3,1251,15,3
1696510320,10,5,3,1252,15,3
1696510380,10,5,3,1253,15,3
1696510440,10,5,3,1254,15,5
1696510500,10,5,3,1255,15,5
1696510560,10,5,3,1256,15,5
1696510620,10,5,3,1257,15,5
1696510680,10,5,3,1258,15,5
1696510740,10,5,3,1259,15,5
1696510860,10,5,3,1261,15,5
1696510920,10,5,3,1262,15,5
1696510980,10,5,3,1263,15,5
1696511040,10,5,3,1264,15,5
1696511100,10,5,3,1265,15,5
1696511160,10,5,3,1266,15,5
1696511220,10,5,3,1267,15,5
1696511280,10,5,3,1268,15,5
1696511340,10,5,3,1269,15,5
1696511400,10,5,3,1270,15,6
1696511460,10,5,3,1271,15,7
1696511520,10,5,3,1272,15,7
1696511580,10,5,3,1273,15,7
1696511640,10,5,3,1274,15,7
1696511700,10,5,3,1275,15,7
1696511760,10,5,3,1276,15,6
1696511820,10,5,3,1277,15,6
1696511880,10,5,3,1278,15,7
1696511940,10,5,3,1279,15,7
1696512060,10,5,3,1281,15,7
1696512120,10,5,3,1282,15,7
1696512180,10,5,3,1283,15,7
1696512240,10,5,3,1284,15,7
1696512300,10,5,3,1285,15,7
1696512360,10,5,3,1286,15,7
1696512420,10,5,3,1287,15,7
1696512480,10,5,3,1288,15,7
1696512540,10,5,3,1289,15,7
1696512600,10,5,3,1290,15,9
1696512660,10,5,3,1291,15,10
1696512720,10,5,3,1292,15,10
1696512780,10,5,3,1293,15,10
1696512840,10,5,3,1294,15,10
1696512900,10,5,3,1295,15,10
1696512960,10,5,3,1296,15,10
1696513020,10,5,3,1297,15,10
1696513080,10,5,3,1298,15,11
1696513140,10,5,3,1299,15,11
1696513200,10,5,3,1300,15,11
1696513260,10,5,3,1301,15,11
1696513320,10,5,3,1302,15,12
1696513380,10,5,3,1303,15,12
1696513440,10,5,3,1304,15,12
1696513500,10,5,3,1305,15,12
1696513560,10,5,3,1306,15,13
1696513620,10,5,3,1307,15,13
1696513680,10,5,3,1308,15,13
1696513740,10,5,3,1309,15,13
1696513800,10,5,3,1310,15,13
1696513860,10,5,3,1311,15,12
1696513920,10,5,3,1312,15,12
1696513980,10,5,3,1313,15,11
1696514040,10,5,3,1314,15,11
1696514100,10,5,3,1315,15,13
1696514160,10,5,3,1316,15,13
1696514220,10,5,3,1317,15,13
1696514280,10,5,3,1318,15,14
1696514340,10,5,3,1319,15,15
1696514460,10,5,3,1321,15,15
1696514520,10,5,3,1322,15,15
1696514580,10,5,3,1323,15,15
1696514640,10,5,3,1324,15,14
1696514700,10,5,3,1325,15,14
1696514760,10,5,3,1326,15,15
1696514820,10,5,3,1327,15,15
1696514880,10,5,3,1328,15,15
1696514940,10,5,3,1329,15,15
1696515000,10,5,3,1330,15,15
1696515060,10,5,3,1331,15,15
1696515120,10,5,3,1332,15,15
1696515180,10,5,3,1333,15,15
1696515240,10,5,3,1334,15,14
1696515300,10,5,3,1335,15,13
1696515360,10,5,3,1336,15,12
1696515420,10,5,3,1337,15,12
1696515480,10,5,3,1338,15,12
1696515540,10,5,3,1339,15,12
1696515660,10,5,3,1341,15,11
1696515720,10,5,3,1342,15,12
1696515780,10,5,3,1343,15,12
1696515840,10,5,3,1344,15,12
1696515900,10,5,3,1345,15,12
1696515960,10,5,3,1346,15,13
1696516020,10,5,3,1347,15,13
1696516080,10,5,3,1348,15,13
1696516140,10,5,3,1349,15,13
1696516200,10,5,3,1350,15,12
1696516260,10,5,3,1351,15,13
1696516320,10,5,3,1352,15,13
1696516380,10,5,3,1353,15,13
1696516440,10,5,3,1354,15,12
1696516500,10,5,3,1355,15,11
1696516560,10,5,3,1356,15,11
1696516620,10,5,3,1357,15,11
1696516680,10,5,3,1358,15,13
1696516740,10,5,3,1359,15,13
1696516800,10,5,3,1360,15,13
1696516860,10,5,3,1361,15,13
1696516920,10,5,3,1362,15,13
1696516980,10,5,3,1363,15,13
1696517040,10,5,3,1364,15,13
1696517100,10,5,3,1365,15,13
1696517160,10,5,3,1366,15,13
1696517220,10,5,3,1367,15,13
1696517280,10,5,3,1368,15,13
1696517340,10,5,3,1369,15,13
1696517400,10,5,3,1370,15,14
1696517460,10,5,3,1371,15,14
1696517520,10,5,3,1372,15,14
1696517580,10,5,3,1373,15,14
1696517640,10,5,3,1374,15,13
1696517700,10,5,3,1375,15,13
1696517760,10,5,3,1376,15,13
1696517820,10,5,3,1377,15,13
1696517880,10,5,3,1378,15,13
1696517940,10,5,3,1379,15,13
1696518060,10,5,3,1381,15,13
1696518120,10,5,3,1382,15,13
1696518180,10,5,3,1383,15,13
1696518240,10,5,3,1384,15,12
1696518300,10,5,3,1385,15,12
1696518360,10,5,3,1386,15,12
1696518420,10,5,3,1387,15,12
1696518480,10,5,3,1388,15,12
1696518540,10,5,3,1389,15,12
1696518600,10,5,3,1390,15,12
1696518660,10,5,3,1391,15,12
1696518720,10,5,3,1392,15,12
1696518780,10,5,3,1393,15,12
1696518840,10,5,3,1394,15,12
1696518900,10,5,3,1395,15,12
1696518960,10,5,3,1396,15,12
1696519020,10,5,3,1397,15,13
1696519080,10,5,3,1398,15,13
1696519140,10,5,3,1399,15,14
1696519260,10,5,3,1401,15,14
1696519320,10,5,3,1402,15,14
1696519380,10,5,3,1403,15,15
1696519440,10,5,3,1404,15,15
1696519500,10,5,3,1405,15,15
1696519560,10,5,3,1406,15,13
1696519680,10,5,3,1408,15,13
1696519740,10,5,3,1409,15,13
1696519800,10,5,3,1410,15,13
1696519860,10,5,3,1411,15,13
1696519920,10,5,3,1412,15,13
1696519980,10,5,3,1413,15,13
1696520040,10,5,3,1414,15,13
1696520100,10,5,3,1415,15,13
1696520160,10,5,3,1416,15,13
1696520220,10,5,3,1417,15,13
1696520280,10,5,3,1418,15,13
1696520340,10,5,3,1419,15,13
1696520400,10,5,3,1420,15,13
1696520460,10,5,3,1421,15,14
1696520520,10,5,3,1422,15,14
1696520580,10,5,3,1423,15,14
1696520640,10,5,3,1424,15,14
1696520700,10,5,3,1425,15,14
1696520760,10,5,3,1426,15,12
1696520820,10,5,3,1427,15,11
1696520880,10,5,3,1428,15,11
1696520940,10,5,3,1429,15,11
1696521000,10,5,3,1430,15,11
1696521060,10,5,3,1431,15,11
1696521120,10,5,3,1432,15,11
1696521180,10,5,3,1433,15,11
1696521240,10,5,3,1434,15,12
1696521300,10,5,3,1435,15,13
1696521360,10,5,3,1436,15,13
1696521420,10,5,3,1437,15,13
1696521480,10,5,3,1438,15,13
1696521540,10,5,3,1439,15,13
1696521660,10,6,4,1,15,13
1696521720,10,6,4,2,15,13
1696521780,10,6,4,3,15,13
1696521840,10,6,4,4,15,13
1696521900,10,6,4,5,15,13
1696521960,10,6,4,6,15,12
1696522020,10,6,4,7,15,12
1696522080,10,6,4,8,15,12
1696522140,10,6,4,9,15,12
1696522200,10,6,4,10,15,12
1696522260,10,6,4,11,15,12
1696522320,10,6,4,12,15,12
1696522380,10,6,4,13,15,12
1696522440,10,6,4,14,15,12
1696522500,10,6,4,15,15,12
1696522560,10,6,4,16,15,12
1696522620,10,6,4,17,15,12
1696522680,10,6,4,18,15,11
1696522740,10,6,4,19,15,12
1696522860,10,6,4,21,15,12
1696522920,10,6,4,22,15,12
1696522980,10,6,4,23,15,12
1696523040,10,6,4,24,15,12
1696523100,10,6,4,25,15,12
1696523160,10,6,4,26,15,12
1696523220,10,6,4,27,15,12
1696523280,10,6,4,28,15,12
1696523340,10,6,4,29,15,12
1696523400,10,6,4,30,15,12
1696523460,10,6,4,31,15,12
1696523520,10,6,4,32,15,12
1696523580,10,6,4,33,15,12
1696523640,10,6,4,34,15,12
1696523700,10,6,4,35,15,12
1696523760,10,6,4,36,15,12
1696523820,10,6,4,37,15,12
1696523880,10,6,4,38,15,12
1696523940,10,6,4,39,15,12
1696524000,10,6,4,40,15,12
1696524060,10,6,4,41,15,12
1696524120,10,6,4,42,15,11
1696524180,10,6,4,43,15,10
1696524240,10,6,4,44,15,10
1696524300,10,6,4,45,15,10
1696524360,10,6,4,46,15,10
1696524420,10,6,4,47,15,10
1696524480,10,6,4,48,15,10
1696524540,10,6,4,49,15,10
1696524600,10,6,4,50,15,10
1696524660,10,6,4,51,15,10
1696524720,10,6,4,52,15,10
1696524780,10,6,4,53,15,11
1696524840,10,6,4,54,15,11
1696524900,10,6,4,55,15,11
1696524960,10,6,4,56,15,11
1696525020,10,6,4,57,15,11
1696525080,10,6,4,58,15,10
1696525140,10,6,4,59,15,10
1696525260,10,6,4,61,15,10
1696525320,10,6,4,62,15,10
1696525380,10,6,4,63,15,10
1696525440,10,6,4,64,15,10
1696525500,10,6,4,65,15,10
1696525560,10,6,4,66,15,10
1696525620,10,6,4,67,15,10
1696525680,10,6,4,68,15,10
1696525740,10,6,4,69,15,10
1696525800,10,6,4,70,15,10
1696525860,10,6,4,71,15,10
1696525920,10,6,4,72,15,10
1696525980,10,6,4,73,15,11
1696526040,10,6,4,74,15,11
1696526100,10,6,4,75,15,11
1696526160,10,6,4,76,15,12
1696526220,10,6,4,77,15,12
1696526280,10,6,4,78,15,12
1696526340,10,6,4,79,15,12
1696526460,10,6,4,81,15,12
1696526520,10,6,4,82,15,12
1696526580,10,6,4,83,15,12
1696526640,10,6,4,84,15,12
1696526700,10,6,4,85,15,12
1696526760,10,6,4,86,15,12
1696526820,10,6,4,87,15,12
1696526880,10,6,4,88,15,12
1696526940,10,6,4,89,15,12
1696527000,10,6,4,90,15,12
1696527060,10,6,4,91,15,12
1696527120,10,6,4,92,15,12
1696527180,10,6,4,93,15,12
1696527240,10,6,4,94,15,12
1696527300,10,6,4,95,15,12
1696527360,10,6,4,96,15,12
1696527420,10,6,4,97,15,12
1696527480,10,6,4,98,15,12
1696527540,10,6,4,99,15,12
1696527600,10,6,4,100,15,12
1696527660,10,6,4,101,15,12
1696527720,10,6,4,102,15,12
1696527780,10,6,4,103,15,12
1696527840,10,6,4,104,15,12
1696527900,10,6,4,105,15,12
1696527960,10,6,4,106,15,12
1696528020,10,6,4,107,15,12
1696528080,10,6,4,108,15,12
1696528140,10,6,4,109,15,12
1696528200,10,6,4,110,15,12
1696528260,10,6,4,111,15,12
1696528320,10,6,4,112,15,12
1696528380,10,6,4,113,15,12
1696528440,10,6,4,114,15,12
1696528500,10,6,4,115,15,12
1696528560,10,6,4,116,15,12
1696528620,10,6,4,117,15,12
1696528680,10,6,4,118,15,12
1696528740,10,6,4,119,15,12
1696528860,10,6,4,121,15,13
1696528920,10,6,4,122,15,13
1696528980,10,6,4,123,15,13
1696529040,10,6,4,124,15,13
1696529100,10,6,4,125,15,13
1696529160,10,6,4,126,15,13
1696529220,10,6,4,127,15,13
1696529280,10,6,4,128,15,13
1696529340,10,6,4,129,15,11
1696529400,10,6,4,130,15,11
1696529460,10,6,4,131,15,11
1696529520,10,6,4,132,15,11
1696529580,10,6,4,133,15,12
1696529640,10,6,4,134,15,12
1696529700,10,6,4,135,15,12
1696529760,10,6,4,136,15,12
1696529820,10,6,4,137,15,12
1696529880,10,6,4,138,15,12
1696529940,10,6,4,139,15,12
1696530060,10,6,4,141,15,12
1696530120,10,6,4,142,15,12
1696530180,10,6,4,143,15,12
1696530240,10,6,4,144,15,12
1696530300,10,6,4,145,15,12
1696530360,10,6,4,146,15,13
1696530420,10,6,4,147,15,13
1696530480,10,6,4,148,15,13
1696530540,10,6,4,149,15,13
1696530600,10,6,4,150,15,13
1696530660,10,6,4,151,15,13
1696530720,10,6,4,152,15,12
1696530780,10,6,4,153,15,12
1696530840,10,6,4,154,15,12
1696530900,10,6,4,155,15,12
1696530960,10,6,4,156,15,12
1696531020,10,6,4,157,15,12
1696531080,10,6,4,158,15,12
1696531140,10,6,4,159,15,12
1696531200,10,6,4,160,15,12
1696531260,10,6,4,161,15,12
1696531320,10,6,4,162,15,12
1696531380,10,6,4,163,15,11
1696531440,10,6,4,164,15,11
1696531500,10,6,4,165,15,11
1696531560,10,6,4,166,15,11
1696531620,10,6,4,167,15,11
1696531680,10,6,4,168,15,11
1696531740,10,6,4,169,15,11
1696531800,10,6,4,170,15,11
1696531860,10,6,4,171,15,11
1696531920,10,6,4,172,15,11
1696531980,10,6,4,173,15,11
1696532040,10,6,4,174,15,11
1696532100,10,6,4,175,15,11
1696532160,10,6,4,176,15,11
1696532220,10,6,4,177,15,10
1696532280,10,6,4,178,15,10
1696532340,10,6,4,179,15,10
1696532400,10,6,4,180,15,10
1696532460,10,6,4,181,15,10
1696532520,10,6,4,182,15,10
1696532580,10,6,4,183,15,10
1696532640,10,6,4,184,15,10
1696532700,10,6,4,185,15,10
1696532760,10,6,4,186,15,10
1696532820,10,6,4,187,15,10
1696532880,10,6,4,188,15,10
1696532940,10,6,4,189,15,10
1696533000,10,6,4,190,15,10
1696533060,10,6,4,191,15,10
1696533120,10,6,4,192,15,10
1696533180,10,6,4,193,15,10
1696533240,10,6,4,194,15,10
1696533300,10,6,4,195,15,10
1696533360,10,6,4,196,15,10
1696533420,10,6,4,197,15,10
1696533480,10,6,4,198,15,10
1696533540,10,6,4,199,15,10
1696533660,10,6,4,201,15,11
1696533720,10,6,4,202,15,11
1696533780,10,6,4,203,15,11
1696533840,10,6,4,204,15,11
1696533900,10,6,4,205,15,11
1696533960,10,6,4,206,15,11
1696534020,10,6,4,207,15,11
1696534080,10,6,4,208,15,11
1696534140,10,6,4,209,15,11
1696534200,10,6,4,210,15,11
1696534260,10,6,4,211,15,11
1696534320,10,6,4,212,15,11
1696534380,10,6,4,213,15,10
1696534440,10,6,4,214,15,10
1696534500,10,6,4,215,15,10
1696534560,10,6,4,216,15,10
1696534620,10,6,4,217,15,10
1696534680,10,6,4,218,15,10
1696534740,10,6,4,219,15,10
1696534800,10,6,4,220,15,10
1696534860,10,6,4,221,15,9
1696534920,10,6,4,222,15,9
1696534980,10,6,4,223,15,9
1696535040,10,6,4,224,15,8
1696535100,10,6,4,225,15,8
1696535160,10,6,4,226,15,8
1696535220,10,6,4,227,15,8
1696535280,10,6,4,228,15,8
1696535340,10,6,4,229,15,8
1696535400,10,6,4,230,15,8
1696535460,10,6,4,231,15,8
1696535520,10,6,4,232,15,8
1696535580,10,6,4,233,15,8
1696535640,10,6,4,234,15,8
1696535700,10,6,4,235,15,8
1696535760,10,6,4,236,15,8
1696535820,10,6,4,237,15,8
1696535880,10,6,4,238,15,8
1696535940,10,6,4,239,15,8
1696536060,10,6,4,241,15,8
1696536120,10,6,4,242,15,8
1696536180,10,6,4,243,15,8
1696536240,10,6,4,244,15,8
1696536300,10,6,4,245,15,8
1696536360,10,6,4,246,15,8
1696536420,10,6,4,247,15,8
1696536480,10,6,4,248,15,8
1696536540,10,6,4,249,15,8
1696536600,10,6,4,250,15,8
1696536660,10,6,4,251,15,8
1696536720,10,6,4,252,15,8
1696536780,10,6,4,253,15,8
1696536840,10,6,4,254,15,8
1696536900,10,6,4,255,15,8
1696536960,10,6,4,256,15,8
1696537020,10,6,4,257,15,8
1696537080,10,6,4,258,15,8
1696537140,10,6,4,259,15,8
1696537260,10,6,4,261,15,8
1696537320,10,6,4,262,15,8
1696537440,10,6,4,264,15,8
1696537500,10,6,4,265,15,8
1696537560,10,6,4,266,15,8
1696537620,10,6,4,267,15,8
1696537680,10,6,4,268,15,8
1696537740,10,6,4,269,15,8
1696537800,10,6,4,270,15,8
1696537860,10,6,4,271,15,8
1696537920,10,6,4,272,15,8
1696537980,10,6,4,273,15,8
1696538040,10,6,4,274,15,8
1696538100,10,6,4,275,15,8
1696538160,10,6,4,276,15,8
1696538220,10,6,4,277,15,8
1696538280,10,6,4,278,15,8
1696538340,10,6,4,279,15,8
1696538400,10,6,4,280,15,8
1696538460,10,6,4,281,15,8
1696538520,10,6,4,282,15,8
1696538580,10,6,4,283,15,8
1696538640,10,6,4,284,15,8
1696538700,10,6,4,285,15,8
1696538760,10,6,4,286,15,8
1696538820,10,6,4,287,15,8
1696538880,10,6,4,288,15,8
1696538940,10,6,4,289,15,8
1696539000,10,6,4,290,15,8
1696539060,10,6,4,291,15,8
1696539120,10,6,4,292,15,8
1696539180,10,6,4,293,15,8
1696539240,10,6,4,294,15,8
1696539300,10,6,4,295,15,8
1696539360,10,6,4,296,15,8
1696539420,10,6,4,297,15,8
1696539480,10,6,4,298,15,8
1696539540,10,6,4,299,15,8
1696539600,10,6,4,300,15,8
1696539660,10,6,4,301,15,8
1696539720,10,6,4,302,15,8
1696539780,10,6,4,303,15,8
1696539840,10,6,4,304,15,8
1696539900,10,6,4,305,15,8
1696539960,10,6,4,306,15,8
1696540020,10,6,4,307,15,8
1696540080,10,6,4,308,15,8
1696540140,10,6,4,309,15,8
1696540200,10,6,4,310,15,8
1696540260,10,6,4,311,15,8
1696540320,10,6,4,312,15,8
1696540380,10,6,4,313,15,8
1696540440,10,6,4,314,15,8
1696540500,10,6,4,315,15,8
1696540560,10,6,4,316,15,8
1696540620,10,6,4,317,15,8
1696540680,10,6,4,318,15,8
1696540740,10,6,4,319,15,8
1696540860,10,6,4,321,15,8
1696540920,10,6,4,322,15,8
1696540980,10,6,4,323,15,8
1696541040,10,6,4,324,15,8
1696541100,10,6,4,325,15,8
1696541160,10,6,4,326,15,8
1696541220,10,6,4,327,15,8
1696541280,10,6,4,328,15,8
1696541340,10,6,4,329,15,8
1696541400,10,6,4,330,15,8
1696541460,10,6,4,331,15,8
1696541520,10,6,4,332,15,8
1696541580,10,6,4,333,15,8
1696541640,10,6,4,334,15,8
1696541700,10,6,4,335,15,8
1696541760,10,6,4,336,15,8
1696541820,10,6,4,337,15,8
1696541880,10,6,4,338,15,8
1696541940,10,6,4,339,15,8
1696542000,10,6,4,340,15,8
1696542060,10,6,4,341,15,8
1696542120,10,6,4,342,15,8
1696542180,10,6,4,343,15,8
1696542240,10,6,4,344,15,8
1696542300,10,6,4,345,15,8
1696542360,10,6,4,346,15,8
1696542420,10,6,4,347,15,8
1696542480,10,6,4,348,15,8
1696542540,10,6,4,349,15,8
1696542600,10,6,4,350,15,8
1696542660,10,6,4,351,15,9
1696542720,10,6,4,352,15,9
1696542780,10,6,4,353,15,9
1696542840,10,6,4,354,15,9
1696542900,10,6,4,355,15,9
1696542960,10,6,4,356,15,9
1696543020,10,6,4,357,15,9
1696543080,10,6,4,358,15,9
1696543140,10,6,4,359,15,9
1696543200,10,6,4,360,15,9
1696543260,10,6,4,361,15,9
1696543320,10,6,4,362,15,9
1696543380,10,6,4,363,15,9
1696543440,10,6,4,364,15,9
1696543500,10,6,4,365,15,9
1696543560,10,6,4,366,15,9
1696543620,10,6,4,367,15,9
1696543680,10,6,4,368,15,9
1696543740,10,6,4,369,15,9
1696543800,10,6,4,370,15,9
1696543860,10,6,4,371,15,10
1696543920,10,6,4,372,15,10
1696543980,10,6,4,373,15,10
1696544040,10,6,4,374,15,10
1696544100,10,6,4,375,15,10
1696544160,10,6,4,376,15,10
1696544220,10,6,4,377,15,10
1696544280,10,6,4,378,15,10
1696544340,10,6,4,379,15,10
1696544460,10,6,4,381,15,10
1696544520,10,6,4,382,15,10
1696544580,10,6,4,383,15,10
1696544640,10,6,4,384,15,11
1696544700,10,6,4,385,15,11
1696544760,10,6,4,386,15,11
1696544820,10,6,4,387,15,11
1696544880,10,6,4,388,15,11
1696544940,10,6,4,389,15,11
1696545000,10,6,4,390,15,10
1696545060,10,6,4,391,15,10
1696545120,10,6,4,392,15,10
1696545180,10,6,4,393,15,10
1696545240,10,6,4,394,15,10
1696545300,10,6,4,395,15,10
1696545360,10,6,4,396,15,10
1696545420,10,6,4,397,15,10
1696545480,10,6,4,398,15,10
1696545540,10,6,4,399,15,10
1696545600,10,6,4,400,15,10
1696545660,10,6,4,401,15,10
1696545720,10,6,4,402,15,10
1696545780,10,6,4,403,15,10
1696545840,10,6,4,404,15,10
1696545900,10,6,4,405,15,10
1696545960,10,6,4,406,15,10
1696546020,10,6,4,407,15,10
1696546080,10,6,4,408,15,10
1696546140,10,6,4,409,15,10
1696546200,10,6,4,410,15,10
1696546260,10,6,4,411,15,10
1696546320,10,6,4,412,15,10
1696546380,10,6,4,413,15,10
1696546440,10,6,4,414,15,10
1696546500,10,6,4,415,15,10
1696546560,10,6,4,416,15,10
1696546620,10,6,4,417,15,10
1696546680,10,6,4,418,15,10
1696546740,10,6,4,419,15,10
1696546860,10,6,4,421,15,10
1696546920,10,6,4,422,15,10
1696546980,10,6,4,423,15,10
1696547040,10,6,4,424,15,10
1696547100,10,6,4,425,15,10
1696547160,10,6,4,426,15,10
1696547220,10,6,4,427,15,10
1696547280,10,6,4,428,15,10
1696547340,10,6,4,429,15,10
1696547400,10,6,4,430,15,10
1696547460,10,6,4,431,15,10
1696547520,10,6,4,432,15,10
1696547580,10,6,4,433,15,9
1696547640,10,6,4,434,15,9
1696547700,10,6,4,435,15,10
1696547760,10,6,4,436,15,10
1696547820,10,6,4,437,15,10
1696547880,10,6,4,438,15,10
1696547940,10,6,4,439,15,10
1696548060,10,6,4,441,15,10
1696548120,10,6,4,442,15,10
1696548180,10,6,4,443,15,10
1696548240,10,6,4,444,15,10
1696548300,10,6,4,445,15,10
1696548360,10,6,4,446,15,11
1696548420,10,6,4,447,15,11
1696548480,10,6,4,448,15,11
1696548540,10,6,4,449,15,11
1696548660,10,6,4,451,15,11
1696548720,10,6,4,452,15,11
1696548780,10,6,4,453,15,11
1696548840,10,6,4,454,15,11
1696548900,10,6,4,455,15,11
1696548960,10,6,4,456,15,11
1696549020,10,6,4,457,15,11
1696549080,10,6,4,458,15,11
1696549140,10,6,4,459,15,9
1696549200,10,6,4,460,15,9
1696549260,10,6,4,461,15,9
1696549320,10,6,4,462,15,10
1696549380,10,6,4,463,15,10
1696549440,10,6,4,464,15,10
1696549500,10,6,4,465,15,10
1696549560,10,6,4,466,15,10
1696549620,10,6,4,467,15,10
1696549680,10,6,4,468,15,11
1696549740,10,6,4,469,15,11
1696549800,10,6,4,470,15,11
1696549860,10,6,4,471,15,11
1696549920,10,6,4,472,15,12
1696549980,10,6,4,473,15,12
1696550040,10,6,4,474,15,11
1696550100,10,6,4,475,15,11
1696550160,10,6,4,476,15,11
1696550220,10,6,4,477,15,11
1696550280,10,6,4,478,15,10
1696550340,10,6,4,479,15,10
1696550460,10,6,4,481,15,9
1696550520,10,6,4,482,15,9
1696550640,10,6,4,484,15,9
1696550700,10,6,4,485,15,9
1696550760,10,6,4,486,15,9
1696550820,10,6,4,487,15,9
1696550880,10,6,4,488,15,10
1696550940,10,6,4,489,15,9
1696551000,10,6,4,490,15,9
1696551060,10,6,4,491,15,9
1696551120,10,6,4,492,15,10
1696551180,10,6,4,493,15,9
1696551240,10,6,4,494,15,8
1696551300,10,6,4,495,15,8
1696551360,10,6,4,496,15,6
1696551420,10,6,4,497,15,6
1696551480,10,6,4,498,15,6
1696551540,10,6,4,499,15,7
1696551660,10,6,4,501,15,6
1696551720,10,6,4,502,15,7
1696551780,10,6,4,503,15,5
1696551840,10,6,4,504,15,6
1696551900,10,6,4,505,15,6
1696551960,10,6,4,506,15,6
1696552020,10,6,4,507,15,5
1696552080,10,6,4,508,15,5
1696552140,10,6,4,509,15,5
1696552260,10,6,4,511,15,2
1696552320,10,6,4,512,15,2
1696552380,10,6,4,513,15,2
1696552440,10,6,4,514,15,2
1696552500,10,6,4,515,15,2
1696552560,10,6,4,516,15,2
1696552620,10,6,4,517,15,1
1696552680,10,6,4,518,15,1
1696552740,10,6,4,519,15,1
1696552800,10,6,4,520,15,1
1696552860,10,6,4,521,15,1
1696552920,10,6,4,522,15,2
1696552980,10,6,4,523,15,1
1696553040,10,6,4,524,15,1
1696553100,10,6,4,525,15,2
1696553160,10,6,4,526,15,2
1696553220,10,6,4,527,15,0
1696553280,10,6,4,528,15,1
1696553340,10,6,4,529,15,0
1696553400,10,6,4,530,15,0
1696553460,10,6,4,531,15,0
1696553520,10,6,4,532,15,0
1696553580,10,6,4,533,15,1
1696553640,10,6,4,534,15,0
1696553700,10,6,4,535,15,0
1696553760,10,6,4,536,15,0
1696553820,10,6,4,537,15,0
1696553880,10,6,4,538,15,0
1696553940,10,6,4,539,15,0
1696554060,10,6,4,541,15,0
1696554120,10,6,4,542,15,1
1696554180,10,6,4,543,15,2
1696554240,10,6,4,544,15,2
1696554300,10,6,4,545,15,2
1696554360,10,6,4,546,15,1
1696554420,10,6,4,547,15,1
1696554480,10,6,4,548,15,1
1696554540,10,6,4,549,15,1
1696554600,10,6,4,550,15,0
1696554660,10,6,4,551,15,0
1696554720,10,6,4,552,15,2
1696554780,10,6,4,553,15,1
1696554840,10,6,4,554,15,1
1696554900,10,6,4,555,15,2
1696554960,10,6,4,556,15,1
1696555020,10,6,4,557,15,0
1696555080,10,6,4,558,15,0
1696555140,10,6,4,559,15,0
1696555260,10,6,4,561,15,0
1696555320,10,6,4,562,15,2
1696555380,10,6,4,563,15,2
1696555440,10,6,4,564,15,0
1696555500,10,6,4,565,15,2
1696555560,10,6,4,566,15,0
1696555620,10,6,4,567,15,0
1696555680,10,6,4,568,15,0
1696555740,10,6,4,569,15,0
1696555860,10,6,4,571,15,0
1696555920,10,6,4,572,15,0
1696555980,10,6,4,573,15,0
1696556040,10,6,4,574,15,0
1696556100,10,6,4,575,15,1
1696556160,10,6,4,576,15,1
1696556220,10,6,4,577,15,0
1696556280,10,6,4,578,15,0
1696556340,10,6,4,579,15,0
1696556400,10,6,4,580,15,0
1696556460,10,6,4,581,15,0
1696556520,10,6,4,582,15,0
1696556580,10,6,4,583,15,0
1696556640,10,6,4,584,15,0
1696556700,10,6,4,585,15,0
1696556760,10,6,4,586,15,0
1696556820,10,6,4,587,15,1
1696556880,10,6,4,588,15,0
1696556940,10,6,4,589,15,0
1696557000,10,6,4,590,15,0
1696557060,10,6,4,591,15,0
1696557120,10,6,4,592,15,0
1696557180,10,6,4,593,15,0
1696557240,10,6,4,594,15,0
1696557300,10,6,4,595,15,0
1696557360,10,6,4,596,15,0
1696557420,10,6,4,597,15,0
1696557480,10,6,4,598,15,0
1696557540,10,6,4,599,15,0
1696557660,10,6,4,601,15,0
1696557720,10,6,4,602,15,0
1696557780,10,6,4,603,15,0
1696557840,10,6,4,604,15,0
1696557900,10,6,4,605,15,0
1696557960,10,6,4,606,15,0
1696558020,10,6,4,607,15,0
1696558080,10,6,4,608,15,0
1696558140,10,6,4,609,15,0
1696558200,10,6,4,610,15,0
1696558260,10,6,4,611,15,0
1696558320,10,6,4,612,15,1
1696558380,10,6,4,613,15,0
1696558440,10,6,4,614,15,0
1696558500,10,6,4,615,15,0
1696558560,10,6,4,616,15,0
1696558620,10,6,4,617,15,0
1696558680,10,6,4,618,15,0
1696558740,10,6,4,619,15,0
1696558860,10,6,4,621,15,0
1696558920,10,6,4,622,15,0
1696558980,10,6,4,623,15,0
1696559040,10,6,4,624,15,0
1696559100,10,6,4,625,15,0
1696559160,10,6,4,626,15,0
1696559220,10,6,4,627,15,0
1696559280,10,6,4,628,15,0
1696559340,10,6,4,629,15,2
1696559400,10,6,4,630,15,2
1696559460,10,6,4,631,15,1
1696559520,10,6,4,632,15,1
1696559580,10,6,4,633,15,1
1696559640,10,6,4,634,15,0
1696559700,10,6,4,635,15,0
1696559760,10,6,4,636,15,0
1696559820,10,6,4,637,15,1
1696559880,10,6,4,638,15,0
1696559940,10,6,4,639,15,0
1696560000,10,6,4,640,15,0
1696560060,10,6,4,641,15,0
1696560120,10,6,4,642,15,0
1696560180,10,6,4,643,15,0
1696560240,10,6,4,644,15,0
1696560300,10,6,4,645,15,0
1696560360,10,6,4,646,15,0
1696560420,10,6,4,647,15,0
1696560480,10,6,4,648,15,0
1696560540,10,6,4,649,15,0
1696560600,10,6,4,650,15,0
1696560660,10,6,4,651,15,0
1696560720,10,6,4,652,15,0
1696560780,10,6,4,653,15,0
1696560840,10,6,4,654,15,0
1696560900,10,6,4,655,15,0
1696560960,10,6,4,656,15,1
1696561020,10,6,4,657,15,1
1696561080,10,6,4,658,15,1
1696561140,10,6,4,659,15,1
1696561260,10,6,4,661,15,1
1696561320,10,6,4,662,15,1
1696561380,10,6,4,663,15,1
1696561440,10,6,4,664,15,1
1696561500,10,6,4,665,15,1
1696561560,10,6,4,666,15,1
1696561620,10,6,4,667,15,1
1696561680,10,6,4,668,15,1
1696561740,10,6,4,669,15,1
1696561800,10,6,4,670,15,1
1696561860,10,6,4,671,15,1
1696561920,10,6,4,672,15,1
1696561980,10,6,4,673,15,1
1696562040,10,6,4,674,15,1
1696562100,10,6,4,675,15,1
1696562160,10,6,4,676,15,1
1696562220,10,6,4,677,15,1
1696562280,10,6,4,678,15,1
1696562340,10,6,4,679,15,1
1696562460,10,6,4,681,15,2
1696562520,10,6,4,682,15,2
1696562580,10,6,4,683,15,2
1696562640,10,6,4,684,15,1
1696562700,10,6,4,685,15,1
1696562760,10,6,4,686,15,1
1696562820,10,6,4,687,15,1
1696562880,10,6,4,688,15,1
1696562940,10,6,4,689,15,2
1696563000,10,6,4,690,15,1
1696563060,10,6,4,691,15,1
1696563120,10,6,4,692,15,1
1696563180,10,6,4,693,15,1
1696563240,10,6,4,694,15,1
1696563300,10,6,4,695,15,2
1696563360,10,6,4,696,15,3
1696563420,10,6,4,697,15,3
1696563480,10,6,4,698,15,3
1696563540,10,6,4,699,15,3
1696563600,10,6,4,700,15,2
1696563660,10,6,4,701,15,2
1696563720,10,6,4,702,15,2
1696563780,10,6,4,703,15,2
1696563840,10,6,4,704,15,2
1696563900,10,6,4,705,15,1
1696563960,10,6,4,706,15,1
1696564020,10,6,4,707,15,1
1696564080,10,6,4,708,15,1
1696564140,10,6,4,709,15,1
1696564200,10,6,4,710,15,1
1696564260,10,6,4,711,15,1
1696564320,10,6,4,712,15,2
1696564380,10,6,4,713,15,2
1696564440,10,6,4,714,15,2
1696564500,10,6,4,715,15,2
1696564560,10,6,4,716,15,1
1696564620,10,6,4,717,15,1
1696564680,10,6,4,718,15,1
1696564740,10,6,4,719,15,2
1696564860,10,6,4,721,15,1
1696564920,10,6,4,722,15,3
1696564980,10,6,4,723,15,1
1696565040,10,6,4,724,15,1
1696565100,10,6,4,725,15,2
1696565160,10,6,4,726,15,1
1696565220,10,6,4,727,15,1
1696565280,10,6,4,728,15,1
1696565340,10,6,4,729,15,1
1696565400,10,6,4,730,15,1
1696565460,10,6,4,731,15,1
1696565520,10,6,4,732,15,3
1696565580,10,6,4,733,15,2
1696565640,10,6,4,734,15,1
1696565700,10,6,4,735,15,1
1696565760,10,6,4,736,15,1
1696565820,10,6,4,737,15,1
1696565880,10,6,4,738,15,1
1696565940,10,6,4,739,15,1
1696566060,10,6,4,741,15,1
1696566120,10,6,4,742,15,2
1696566180,10,6,4,743,15,3
1696566240,10,6,4,744,15,3
1696566300,10,6,4,745,15,3
1696566360,10,6,4,746,15,4
1696566420,10,6,4,747,15,1
1696566480,10,6,4,748,15,1
1696566540,10,6,4,749,15,2
1696566600,10,6,4,750,15,2
1696566660,10,6,4,751,15,1
1696566720,10,6,4,752,15,2
1696566780,10,6,4,753,15,2
1696566840,10,6,4,754,15,2
1696566900,10,6,4,755,15,2
1696566960,10,6,4,756,15,2
1696567020,10,6,4,757,15,1
1696567080,10,6,4,758,15,1
1696567140,10,6,4,759,15,1
1696567200,10,6,4,760,15,1
1696567260,10,6,4,761,15,1
1696567320,10,6,4,762,15,2
1696567380,10,6,4,763,15,1
1696567440,10,6,4,764,15,1
1696567500,10,6,4,765,15,1
1696567560,10,6,4,766,15,1
1696567620,10,6,4,767,15,1
1696567680,10,6,4,768,15,1
1696567740,10,6,4,769,15,1
1696567800,10,6,4,770,15,1
1696567860,10,6,4,771,15,1
1696567920,10,6,4,772,15,1
1696567980,10,6,4,773,15,1
1696568040,10,6,4,774,15,1
1696568100,10,6,4,775,15,2
1696568160,10,6,4,776,15,2
1696568220,10,6,4,777,15,2
1696568280,10,6,4,778,15,2
1696568340,10,6,4,779,15,2
1696568460,10,6,4,781,15,1
1696568520,10,6,4,782,15,1
1696568580,10,6,4,783,15,1
1696568640,10,6,4,784,15,1
1696568700,10,6,4,785,15,1
1696568760,10,6,4,786,15,1
1696568820,10,6,4,787,15,1
1696568880,10,6,4,788,15,1
1696568940,10,6,4,789,15,1
1696569000,10,6,4,790,15,2
1696569060,10,6,4,791,15,1
1696569120,10,6,4,792,15,1
1696569180,10,6,4,793,15,1
1696569240,10,6,4,794,15,2
1696569300,10,6,4,795,15,2
1696569360,10,6,4,796,15,1
1696569420,10,6,4,797,15,1
1696569480,10,6,4,798,15,1
1696569540,10,6,4,799,15,1
1696569660,10,6,4,801,15,2
1696569720,10,6,4,802,15,2
1696569780,10,6,4,803,15,2
1696569840,10,6,4,804,15,1
1696569900,10,6,4,805,15,1
1696569960,10,6,4,806,15,1
1696570020,10,6,4,807,15,2
1696570080,10,6,4,808,15,1
1696570140,10,6,4,809,15,1
1696570200,10,6,4,810,15,1
1696570260,10,6,4,811,15,4
1696570320,10,6,4,812,15,2
1696570380,10,6,4,813,15,1
1696570440,10,6,4,814,15,2
1696570500,10,6,4,815,15,1
1696570560,10,6,4,816,15,1
1696570620,10,6,4,817,15,0
1696570680,10,6,4,818,15,1
1696570740,10,6,4,819,15,0
1696570800,10,6,4,820,15,0
1696570860,10,6,4,821,15,0
1696570920,10,6,4,822,15,0
1696570980,10,6,4,823,15,0
1696571040,10,6,4,824,15,0
1696571100,10,6,4,825,15,0
1696571160,10,6,4,826,15,0
1696571220,10,6,4,827,15,0
1696571280,10,6,4,828,15,0
1696571340,10,6,4,829,15,0
1696571400,10,6,4,830,15,1
1696571460,10,6,4,831,15,1
1696571520,10,6,4,832,15,1
1696571580,10,6,4,833,15,1
1696571640,10,6,4,834,15,1
1696571700,10,6,4,835,15,1
1696571760,10,6,4,836,15,1
1696571820,10,6,4,837,15,0
1696571880,10,6,4,838,15,0
1696571940,10,6,4,839,15,0
1696572060,10,6,4,841,15,0
1696572120,10,6,4,842,15,0
1696572180,10,6,4,843,15,0
1696572240,10,6,4,844,15,0
1696572300,10,6,4,845,15,0
1696572360,10,6,4,846,15,0
1696572420,10,6,4,847,15,0
1696572480,10,6,4,848,15,0
1696572540,10,6,4,849,15,0
1696572600,10,6,4,850,15,2
1696572660,10,6,4,851,15,2
1696572720,10,6,4,852,15,2
1696572780,10,6,4,853,15,0
1696572840,10,6,4,854,15,1
1696572900,10,6,4,855,15,0
1696572960,10,6,4,856,15,0
1696573020,10,6,4,857,15,0
1696573080,10,6,4,858,15,1
1696573140,10,6,4,859,15,1
1696573260,10,6,4,861,15,0
1696573320,10,6,4,862,15,0
1696573380,10,6,4,863,15,0
1696573440,10,6,4,864,15,0
1696573500,10,6,4,865,15,0
1696573560,10,6,4,866,15,0
1696573680,10,6,4,868,15,0
1696573740,10,6,4,869,15,0
1696573800,10,6,4,870,15,0
1696573860,10,6,4,871,15,0
1696573920,10,6,4,872,15,0
1696573980,10,6,4,873,15,0
1696574040,10,6,4,874,15,2
1696574100,10,6,4,875,15,2
1696574160,10,6,4,876,15,2
1696574220,10,6,4,877,15,2
1696574280,10,6,4,878,15,1
1696574340,10,6,4,879,15,1
1696574400,10,6,4,880,15,0
1696574460,10,6,4,881,15,0
1696574520,10,6,4,882,15,0
1696574580,10,6,4,883,15,0
1696574640,10,6,4,884,15,0
1696574700,10,6,4,885,15,0
1696574760,10,6,4,886,15,0
1696574820,10,6,4,887,15,0
1696574880,10,6,4,888,15,0
1696574940,10,6,4,889,15,0
1696575000,10,6,4,890,15,0
1696575060,10,6,4,891,15,0
1696575120,10,6,4,892,15,0
1696575180,10,6,4,893,15,0
1696575240,10,6,4,894,15,0
1696575300,10,6,4,895,15,0
1696575360,10,6,4,896,15,0
1696575420,10,6,4,897,15,1
1696575480,10,6,4,898,15,1
1696575540,10,6,4,899,15,1
1696575660,10,6,4,901,15,0
1696575720,10,6,4,902,15,0
1696575780,10,6,4,903,15,0
1696575840,10,6,4,904,15,0
1696575900,10,6,4,905,15,0
1696575960,10,6,4,906,15,0
1696576020,10,6,4,907,15,1
1696576080,10,6,4,908,15,0
1696576140,10,6,4,909,15,0
1696576200,10,6,4,910,15,0
1696576260,10,6,4,911,15,0
1696576320,10,6,4,912,15,0
1696576380,10,6,4,913,15,0
1696576440,10,6,4,914,15,1
1696576500,10,6,4,915,15,0
1696576560,10,6,4,916,15,0
1696576620,10,6,4,917,15,0
1696576680,10,6,4,918,15,0
1696576740,10,6,4,919,15,0
1696576860,10,6,4,921,15,0
1696576920,10,6,4,922,15,0
1696576980,10,6,4,923,15,0
1696577040,10,6,4,924,15,0
1696577100,10,6,4,925,15,0
1696577160,10,6,4,926,15,1
1696577220,10,6,4,927,15,1
1696577280,10,6,4,928,15,0
1696577340,10,6,4,929,15,0
1696577460,10,6,4,931,15,0
1696577520,10,6,4,932,15,0
1696577580,10,6,4,933,15,0
1696577640,10,6,4,934,15,0
1696577700,10,6,4,935,15,0
1696577760,10,6,4,936,15,0
1696577820,10,6,4,937,15,0
1696577880,10,6,4,938,15,3
1696577940,10,6,4,939,15,3
1696578000,10,6,4,940,15,2
1696578060,10,6,4,941,15,2
1696578120,10,6,4,942,15,4
1696578180,10,6,4,943,15,4
1696578240,10,6,4,944,15,3
1696578300,10,6,4,945,15,3
1696578360,10,6,4,946,15,5
1696578420,10,6,4,947,15,3
1696578480,10,6,4,948,15,3
1696578540,10,6,4,949,15,3
1696578600,10,6,4,950,15,3
1696578660,10,6,4,951,15,3
1696578720,10,6,4,952,15,3
1696578780,10,6,4,953,15,2
1696578840,10,6,4,954,15,1
1696578900,10,6,4,955,15,1
1696578960,10,6,4,956,15,0
1696579020,10,6,4,957,15,0
1696579080,10,6,4,958,15,0
1696579140,10,6,4,959,15,0
1696579260,10,6,4,961,15,0
1696579320,10,6,4,962,15,0
1696579380,10,6,4,963,15,0
1696579440,10,6,4,964,15,0
1696579500,10,6,4,965,15,0
1696579560,10,6,4,966,15,0
1696579620,10,6,4,967,15,0
1696579680,10,6,4,968,15,0
1696579740,10,6,4,969,15,0
1696579800,10,6,4,970,15,0
1696579860,10,6,4,971,15,0
1696579920,10,6,4,972,15,0
1696579980,10,6,4,973,15,0
1696580040,10,6,4,974,15,0
1696580100,10,6,4,975,15,0
1696580160,10,6,4,976,15,0
1696580220,10,6,4,977,15,0
1696580280,10,6,4,978,15,2
1696580340,10,6,4,979,15,0
1696580460,10,6,4,981,15,0
1696580520,10,6,4,982,15,0
1696580580,10,6,4,983,15,0
1696580640,10,6,4,984,15,0
1696580700,10,6,4,985,15,0
1696580760,10,6,4,986,15,1
1696580820,10,6,4,987,15,0
1696580880,10,6,4,988,15,0
1696580940,10,6,4,989,15,0
1696581060,10,6,4,991,15,3
1696581120,10,6,4,992,15,2
1696581180,10,6,4,993,15,2
1696581240,10,6,4,994,15,2
1696581300,10,6,4,995,15,2
1696581360,10,6,4,996,15,2
1696581420,10,6,4,997,15,4
1696581480,10,6,4,998,15,4
1696581540,10,6,4,999,15,4
1696581600,10,6,4,1000,15,4
1696581660,10,6,4,1001,15,4
1696581720,10,6,4,1002,15,3
1696581780,10,6,4,1003,15,2
1696581840,10,6,4,1004,15,1
1696581900,10,6,4,1005,15,2
1696581960,10,6,4,1006,15,0
1696582020,10,6,4,1007,15,0
1696582080,10,6,4,1008,15,0
1696582140,10,6,4,1009,15,0
1696582200,10,6,4,1010,15,0
1696582260,10,6,4,1011,15,0
1696582320,10,6,4,1012,15,0
1696582380,10,6,4,1013,15,2
1696582440,10,6,4,1014,15,2
1696582500,10,6,4,1015,15,2
1696582560,10,6,4,1016,15,0
1696582620,10,6,4,1017,15,0
1696582680,10,6,4,1018,15,0
1696582740,10,6,4,1019,15,0
1696582860,10,6,4,1021,15,0
1696582980,10,6,4,1023,15,0
1696583040,10,6,4,1024,15,0
1696583100,10,6,4,1025,15,0
1696583160,10,6,4,1026,15,1
1696583220,10,6,4,1027,15,0
1696583280,10,6,4,1028,15,0
1696583340,10,6,4,1029,15,2
1696583400,10,6,4,1030,15,2
1696583460,10,6,4,1031,15,0
1696583520,10,6,4,1032,15,0
1696583580,10,6,4,1033,15,0
1696583640,10,6,4,1034,15,0
1696583700,10,6,4,1035,15,0
1696583760,10,6,4,1036,15,0
1696583820,10,6,4,1037,15,2
1696583880,10,6,4,1038,15,0
1696583940,10,6,4,1039,15,0
1696584060,10,6,4,1041,15,0
1696584120,10,6,4,1042,15,0
1696584180,10,6,4,1043,15,0
1696584240,10,6,4,1044,15,0
1696584300,10,6,4,1045,15,3
1696584360,10,6,4,1046,15,0
1696584420,10,6,4,1047,15,0
1696584480,10,6,4,1048,15,0
1696584540,10,6,4,1049,15,1
1696584660,10,6,4,1051,15,0
1696584720,10,6,4,1052,15,0
1696584780,10,6,4,1053,15,0
1696584840,10,6,4,1054,15,0
1696584900,10,6,4,1055,15,0
1696584960,10,6,4,1056,15,0
1696585020,10,6,4,1057,15,0
1696585080,10,6,4,1058,15,1
1696585140,10,6,4,1059,15,0
1696585200,10,6,4,1060,15,0
1696585260,10,6,4,1061,15,0
1696585320,10,6,4,1062,15,0
1696585380,10,6,4,1063,15,0
1696585440,10,6,4,1064,15,0
1696585500,10,6,4,1065,15,0
1696585560,10,6,4,1066,15,0
1696585620,10,6,4,1067,15,0
1696585680,10,6,4,1068,15,0
1696585740,10,6,4,1069,15,0
1696585800,10,6,4,1070,15,0
1696585860,10,6,4,1071,15,0
1696585920,10,6,4,1072,15,0
1696585980,10,6,4,1073,15,0
1696586040,10,6,4,1074,15,0
1696586100,10,6,4,1075,15,0
1696586160,10,6,4,1076,15,0
1696586220,10,6,4,1077,15,1
1696586280,10,6,4,1078,15,0
1696586340,10,6,4,1079,15,0
1696586460,10,6,4,1081,15,0
1696586520,10,6,4,1082,15,0
1696586580,10,6,4,1083,15,0
1696586640,10,6,4,1084,15,0
1696586700,10,6,4,1085,15,0
1696586760,10,6,4,1086,15,0
1696586820,10,6,4,1087,15,0
1696586880,10,6,4,1088,15,0
1696586940,10,6,4,1089,15,0
1696587000,10,6,4,1090,15,0
1696587060,10,6,4,1091,15,0
1696587120,10,6,4,1092,15,0
1696587180,10,6,4,1093,15,0
1696587240,10,6,4,1094,15,0
1696587300,10,6,4,1095,15,0
1696587360,10,6,4,1096,15,0
1696587420,10,6,4,1097,15,0
1696587480,10,6,4,1098,15,0
1696587540,10,6,4,1099,15,0
1696587660,10,6,4,1101,15,0
1696587720,10,6,4,1102,15,0
1696587780,10,6,4,1103,15,0
1696587840,10,6,4,1104,15,0
1696587900,10,6,4,1105,15,0
1696587960,10,6,4,1106,15,0
1696588020,10,6,4,1107,15,0
1696588080,10,6,4,1108,15,0
1696588140,10,6,4,1109,15,0
1696588260,10,6,4,1111,15,0
1696588320,10,6,4,1112,15,0
1696588380,10,6,4,1113,15,1
1696588440,10,6,4,1114,15,2
1696588500,10,6,4,1115,15,2
1696588560,10,6,4,1116,15,2
1696588620,10,6,4,1117,15,4
1696588680,10,6,4,1118,15,4
1696588740,10,6,4,1119,15,4
1696588800,10,6,4,1120,15,3
1696588860,10,6,4,1121,15,1
1696588920,10,6,4,1122,15,1
1696588980,10,6,4,1123,15,0
1696589040,10,6,4,1124,15,0
1696589100,10,6,4,1125,15,1
1696589160,10,6,4,1126,15,0
1696589220,10,6,4,1127,15,0
1696589280,10,6,4,1128,15,0
1696589340,10,6,4,1129,15,0
1696589400,10,6,4,1130,15,0
1696589460,10,6,4,1131,15,0
1696589520,10,6,4,1132,15,0
1696589580,10,6,4,1133,15,0
1696589640,10,6,4,1134,15,0
1696589700,10,6,4,1135,15,0
1696589760,10,6,4,1136,15,0
1696589820,10,6,4,1137,15,0
1696589880,10,6,4,1138,15,0
1696589940,10,6,4,1139,15,0
1696590060,10,6,4,1141,15,0
1696590120,10,6,4,1142,15,0
1696590180,10,6,4,1143,15,0
1696590240,10,6,4,1144,15,0
1696590300,10,6,4,1145,15,0
1696590360,10,6,4,1146,15,0
1696590420,10,6,4,1147,15,0
1696590480,10,6,4,1148,15,0
1696590540,10,6,4,1149,15,1
1696590600,10,6,4,1150,15,1
1696590660,10,6,4,1151,15,1
1696590720,10,6,4,1152,15,1
1696590780,10,6,4,1153,15,3
1696590840,10,6,4,1154,15,3
1696590900,10,6,4,1155,15,3
1696590960,10,6,4,1156,15,3
1696591020,10,6,4,1157,15,3
1696591080,10,6,4,1158,15,3
1696591140,10,6,4,1159,15,3
1696591260,10,6,4,1161,15,3
1696591320,10,6,4,1162,15,3
1696591380,10,6,4,1163,15,3
1696591440,10,6,4,1164,15,4
1696591500,10,6,4,1165,15,5
1696591560,10,6,4,1166,15,5
1696591620,10,6,4,1167,15,4
1696591680,10,6,4,1168,15,4
1696591740,10,6,4,1169,15,4
1696591920,10,6,4,1172,15,4
1696592040,10,6,4,1174,15,5
1696592100,10,6,4,1175,15,4
1696592160,10,6,4,1176,15,4
1696592220,10,6,4,1177,15,4
1696592280,10,6,4,1178,15,4
1696592340,10,6,4,1179,15,4
1696592400,10,6,4,1180,15,4
1696592460,10,6,4,1181,15,4
1696592520,10,6,4,1182,15,4
1696592580,10,6,4,1183,15,4
1696592640,10,6,4,1184,15,4
1696592700,10,6,4,1185,15,4
1696592760,10,6,4,1186,15,4
1696592820,10,6,4,1187,15,4
1696592880,10,6,4,1188,15,4
1696592940,10,6,4,1189,15,4
1696593000,10,6,4,1190,15,5
1696593060,10,6,4,1191,15,5
1696593120,10,6,4,1192,15,5
1696593180,10,6,4,1193,15,5
1696593240,10,6,4,1194,15,5
1696593300,10,6,4,1195,15,5
1696593360,10,6,4,1196,15,5
1696593420,10,6,4,1197,15,4
1696593480,10,6,4,1198,15,4
1696593540,10,6,4,1199,15,3
1696593600,10,6,4,1200,15,0
1696593720,10,6,4,1202,15,1
1696593780,10,6,4,1203,15,1
1696593840,10,6,4,1204,15,1
1696593900,10,6,4,1205,15,1
1696593960,10,6,4,1206,15,1
1696594020,10,6,4,1207,15,1
1696594080,10,6,4,1208,15,1
1696594140,10,6,4,1209,15,1
1696594200,10,6,4,1210,15,1
1696594260,10,6,4,1211,15,1
1696594320,10,6,4,1212,15,1
1696594380,10,6,4,1213,15,1
1696594440,10,6,4,1214,15,1
1696594500,10,6,4,1215,15,1
1696594560,10,6,4,1216,15,1
1696594620,10,6,4,1217,15,1
1696594680,10,6,4,1218,15,3
1696594740,10,6,4,1219,15,3
1696594860,10,6,4,1221,15,3
1696594920,10,6,4,1222,15,3
1696594980,10,6,4,1223,15,3
1696595040,10,6,4,1224,15,3
1696595100,10,6,4,1225,15,3
1696595160,10,6,4,1226,15,3
1696595220,10,6,4,1227,15,3
1696595280,10,6,4,1228,15,3
1696595340,10,6,4,1229,15,3
1696595400,10,6,4,1230,15,3
1696595460,10,6,4,1231,15,5
1696595520,10,6,4,1232,15,5
1696595580,10,6,4,1233,15,5
1696595640,10,6,4,1234,15,5
1696595700,10,6,4,1235,15,4
1696595760,10,6,4,1236,15,4
1696595820,10,6,4,1237,15,5
1696595880,10,6,4,1238,15,5
1696595940,10,6,4,1239,15,6
1696596000,10,6,4,1240,15,5
1696596060,10,6,4,1241,15,5
1696596120,10,6,4,1242,15,4
1696596180,10,6,4,1243,15,4
1696596240,10,6,4,1244,15,4
1696596300,10,6,4,1245,15,4
1696596360,10,6,4,1246,15,4
1696596420,10,6,4,1247,15,4
1696596480,10,6,4,1248,15,4
1696596540,10,6,4,1249,15,4
1696596600,10,6,4,1250,15,4
1696596660,10,6,4,1251,15,4
1696596720,10,6,4,1252,15,4
1696596780,10,6,4,1253,15,3
1696596840,10,6,4,1254,15,3
1696596900,10,6,4,1255,15,3
1696596960,10,6,4,1256,15,3
1696597020,10,6,4,1257,15,3
1696597080,10,6,4,1258,15,4
1696597140,10,6,4,1259,15,4
1696597260,10,6,4,1261,15,3
1696597320,10,6,4,1262,15,3
1696597380,10,6,4,1263,15,4
1696597440,10,6,4,1264,15,4
1696597500,10,6,4,1265,15,4
1696597560,10,6,4,1266,15,5
1696597620,10,6,4,1267,15,5
1696597680,10,6,4,1268,15,5
1696597740,10,6,4,1269,15,5
1696597800,10,6,4,1270,15,5
1696597860,10,6,4,1271,15,4
1696597920,10,6,4,1272,15,4
1696597980,10,6,4,1273,15,4
1696598040,10,6,4,1274,15,4
1696598100,10,6,4,1275,15,4
1696598160,10,6,4,1276,15,4
1696598220,10,6,4,1277,15,4
1696598280,10,6,4,1278,15,4
1696598340,10,6,4,1279,15,4
1696598460,10,6,4,1281,15,4
1696598520,10,6,4,1282,15,3
1696598580,10,6,4,1283,15,3
1696598640,10,6,4,1284,15,3
1696598700,10,6,4,1285,15,3
1696598760,10,6,4,1286,15,3
1696598820,10,6,4,1287,15,3
1696598880,10,6,4,1288,15,3
1696598940,10,6,4,1289,15,3
1696599000,10,6,4,1290,15,3
1696599060,10,6,4,1291,15,4
1696599120,10,6,4,1292,15,4
1696599180,10,6,4,1293,15,5
1696599240,10,6,4,1294,15,5
1696599300,10,6,4,1295,15,5
1696599360,10,6,4,1296,15,5
1696599420,10,6,4,1297,15,5
1696599480,10,6,4,1298,15,5
1696599540,10,6,4,1299,15,5
1696599600,10,6,4,1300,15,5
1696599660,10,6,4,1301,15,5
1696599720,10,6,4,1302,15,6
1696599780,10,6,4,1303,15,6
1696599840,10,6,4,1304,15,6
1696599900,10,6,4,1305,15,6
1696599960,10,6,4,1306,15,6
1696600020,10,6,4,1307,15,6
1696600080,10,6,4,1308,15,6
1696600140,10,6,4,1309,15,6
1696600200,10,6,4,1310,15,6
1696600260,10,6,4,1311,15,6
1696600320,10,6,4,1312,15,6
1696600380,10,6,4,1313,15,6
1696600440,10,6,4,1314,15,8
1696600500,10,6,4,1315,15,8
1696600560,10,6,4,1316,15,8
1696600620,10,6,4,1317,15,8
1696600680,10,6,4,1318,15,9
1696600740,10,6,4,1319,15,9
1696600860,10,6,4,1321,15,9
1696600920,10,6,4,1322,15,10
1696600980,10,6,4,1323,15,10
1696601040,10,6,4,1324,15,10
1696601100,10,6,4,1325,15,9
1696601160,10,6,4,1326,15,9
1696601220,10,6,4,1327,15,9
1696601280,10,6,4,1328,15,9
1696601340,10,6,4,1329,15,9
1696601400,10,6,4,1330,15,11
1696601460,10,6,4,1331,15,10
1696601520,10,6,4,1332,15,10
1696601580,10,6,4,1333,15,10
1696601640,10,6,4,1334,15,10
1696601700,10,6,4,1335,15,10
1696601760,10,6,4,1336,15,10
1696601820,10,6,4,1337,15,10
1696601880,10,6,4,1338,15,10
1696601940,10,6,4,1339,15,9
1696602060,10,6,4,1341,15,9
1696602120,10,6,4,1342,15,11
1696602180,10,6,4,1343,15,11
1696602240,10,6,4,1344,15,11
1696602300,10,6,4,1345,15,11
1696602360,10,6,4,1346,15,11
1696602420,10,6,4,1347,15,11
1696602480,10,6,4,1348,15,11
1696602540,10,6,4,1349,15,11
1696602600,10,6,4,1350,15,11
1696602660,10,6,4,1351,15,10
1696602720,10,6,4,1352,15,9
1696602780,10,6,4,1353,15,7
1696602840,10,6,4,1354,15,8
1696602900,10,6,4,1355,15,8
1696602960,10,6,4,1356,15,8
1696603020,10,6,4,1357,15,8
1696603080,10,6,4,1358,15,9
1696603140,10,6,4,1359,15,9
1696603200,10,6,4,1360,15,9
1696603260,10,6,4,1361,15,8
1696603320,10,6,4,1362,15,10
1696603380,10,6,4,1363,15,10
1696603440,10,6,4,1364,15,10
1696603500,10,6,4,1365,15,9
1696603560,10,6,4,1366,15,9
1696603620,10,6,4,1367,15,9
1696603680,10,6,4,1368,15,9
1696603740,10,6,4,1369,15,9
1696603800,10,6,4,1370,15,9
1696603860,10,6,4,1371,15,9
1696603920,10,6,4,1372,15,9
1696603980,10,6,4,1373,15,8
1696604040,10,6,4,1374,15,8
1696604100,10,6,4,1375,15,8
1696604160,10,6,4,1376,15,8
1696604220,10,6,4,1377,15,8
1696604280,10,6,4,1378,15,8
1696604340,10,6,4,1379,15,8
1696604460,10,6,4,1381,15,8
1696604520,10,6,4,1382,15,9
1696604580,10,6,4,1383,15,9
1696604640,10,6,4,1384,15,9
1696604700,10,6,4,1385,15,9
1696604760,10,6,4,1386,15,9
1696604820,10,6,4,1387,15,9
1696604880,10,6,4,1388,15,9
1696604940,10,6,4,1389,15,9
1696605000,10,6,4,1390,15,9
1696605060,10,6,4,1391,15,9
1696605120,10,6,4,1392,15,9
1696605180,10,6,4,1393,15,9
1696605240,10,6,4,1394,15,9
1696605300,10,6,4,1395,15,9
1696605360,10,6,4,1396,15,9
1696605420,10,6,4,1397,15,9
1696605480,10,6,4,1398,15,9
1696605540,10,6,4,1399,15,12
1696605660,10,6,4,1401,15,10
1696605720,10,6,4,1402,15,10
1696605780,10,6,4,1403,15,10
1696605840,10,6,4,1404,15,10
1696605900,10,6,4,1405,15,10
1696605960,10,6,4,1406,15,10
1696606020,10,6,4,1407,15,10
1696606080,10,6,4,1408,15,10
1696606140,10,6,4,1409,15,11
1696606200,10,6,4,1410,15,11
1696606260,10,6,4,1411,15,11
1696606320,10,6,4,1412,15,11
1696606380,10,6,4,1413,15,12
1696606440,10,6,4,1414,15,12
1696606500,10,6,4,1415,15,12
1696606560,10,6,4,1416,15,11
1696606620,10,6,4,1417,15,11
1696606680,10,6,4,1418,15,11
1696606740,10,6,4,1419,15,11
1696606800,10,6,4,1420,15,11
1696606860,10,6,4,1421,15,12
1696606920,10,6,4,1422,15,12
1696606980,10,6,4,1423,15,10
1696607040,10,6,4,1424,15,9
1696607100,10,6,4,1425,15,9
1696607160,10,6,4,1426,15,9
1696607220,10,6,4,1427,15,9
1696607280,10,6,4,1428,15,9
1696607340,10,6,4,1429,15,10
1696607400,10,6,4,1430,15,10
1696607460,10,6,4,1431,15,10
1696607520,10,6,4,1432,15,10
1696607580,10,6,4,1433,15,10
1696607640,10,6,4,1434,15,10
1696607700,10,6,4,1435,15,9
1696607760,10,6,4,1436,15,9
1696607820,10,6,4,1437,15,9
1696607880,10,6,4,1438,15,9
1696607940,10,6,4,1439,15,9
1696608060,10,7,5,1,15,10
1696608120,10,7,5,2,15,10
1696608180,10,7,5,3,15,10
1696608240,10,7,5,4,15,10
1696608300,10,7,5,5,15,10
1696608360,10,7,5,6,15,10
1696608420,10,7,5,7,15,11
1696608480,10,7,5,8,15,11
1696608540,10,7,5,9,15,11
1696608600,10,7,5,10,15,11
1696608660,10,7,5,11,15,13
1696608720,10,7,5,12,15,13
1696608780,10,7,5,13,15,14
1696608840,10,7,5,14,15,14
1696608900,10,7,5,15,15,14
1696608960,10,7,5,16,15,13
1696609020,10,7,5,17,15,13
1696609080,10,7,5,18,15,13
1696609140,10,7,5,19,15,14
1696609260,10,7,5,21,15,14
1696609320,10,7,5,22,15,14
1696609380,10,7,5,23,15,14
1696609440,10,7,5,24,15,14
1696609500,10,7,5,25,15,14
1696609560,10,7,5,26,15,14
1696609620,10,7,5,27,15,14
1696609680,10,7,5,28,15,14
1696609740,10,7,5,29,15,14
1696609800,10,7,5,30,15,14
1696609920,10,7,5,32,15,14
1696609980,10,7,5,33,15,14
1696610040,10,7,5,34,15,14
1696610100,10,7,5,35,15,14
1696610160,10,7,5,36,15,14
1696610220,10,7,5,37,15,14
1696610280,10,7,5,38,15,14
1696610340,10,7,5,39,15,15
1696610400,10,7,5,40,15,15
1696610460,10,7,5,41,15,15
1696610520,10,7,5,42,15,15
1696610580,10,7,5,43,15,15
1696610640,10,7,5,44,15,15
1696610700,10,7,5,45,15,15
1696610760,10,7,5,46,15,15
1696610820,10,7,5,47,15,15
1696610880,10,7,5,48,15,15
1696610940,10,7,5,49,15,15
1696611000,10,7,5,50,15,15
1696611120,10,7,5,52,15,15
1696611180,10,7,5,53,15,15
1696611240,10,7,5,54,15,15
1696611300,10,7,5,55,15,15
1696611360,10,7,5,56,15,15
1696611420,10,7,5,57,15,15
1696611480,10,7,5,58,15,15
1696611540,10,7,5,59,15,15
1696611600,10,7,5,60,15,15
1696611660,10,7,5,61,15,15
1696611720,10,7,5,62,15,15
1696611780,10,7,5,63,15,15
1696611840,10,7,5,64,15,15
1696611900,10,7,5,65,15,15
1696611960,10,7,5,66,15,15
1696612020,10,7,5,67,15,15
1696612080,10,7,5,68,15,15
1696612140,10,7,5,69,15,15
1696612200,10,7,5,70,15,15
1696612260,10,7,5,71,15,15
1696612320,10,7,5,72,15,15
1696612380,10,7,5,73,15,15
1696612440,10,7,5,74,15,15
1696612500,10,7,5,75,15,15
1696612560,10,7,5,76,15,15
1696612620,10,7,5,77,15,13
1696612680,10,7,5,78,15,13
1696612740,10,7,5,79,15,13
1696612860,10,7,5,81,15,13
1696612920,10,7,5,82,15,13
1696613040,10,7,5,84,15,13
1696613100,10,7,5,85,15,13
1696613160,10,7,5,86,15,13
1696613280,10,7,5,88,15,13
1696613340,10,7,5,89,15,13
1696613400,10,7,5,90,15,13
1696613460,10,7,5,91,15,13
1696613520,10,7,5,92,15,13
1696613580,10,7,5,93,15,12
1696613640,10,7,5,94,15,12
1696613700,10,7,5,95,15,12
1696613760,10,7,5,96,15,13
1696613820,10,7,5,97,15,13
1696613880,10,7,5,98,15,13
1696613940,10,7,5,99,15,12
1696614000,10,7,5,100,15,12
1696614060,10,7,5,101,15,12
1696614120,10,7,5,102,15,12
1696614180,10,7,5,103,15,12
1696614240,10,7,5,104,15,12
1696614300,10,7,5,105,15,12
1696614360,10,7,5,106,15,12
1696614420,10,7,5,107,15,12
1696614480,10,7,5,108,15,12
1696614540,10,7,5,109,15,12
1696614600,10,7,5,110,15,12
1696614660,10,7,5,111,15,12
1696614720,10,7,5,112,15,12
1696614780,10,7,5,113,15,12
1696614840,10,7,5,114,15,12
1696614900,10,7,5,115,15,12
1696614960,10,7,5,116,15,12
1696615020,10,7,5,117,15,12
1696615080,10,7,5,118,15,12
1696615140,10,7,5,119,15,12
1696615260,10,7,5,121,15,12
1696615320,10,7,5,122,15,12
1696615380,10,7,5,123,15,12
1696615440,10,7,5,124,15,12
1696615500,10,7,5,125,15,12
1696615560,10,7,5,126,15,12
1696615620,10,7,5,127,15,12
1696615680,10,7,5,128,15,12
1696615740,10,7,5,129,15,12
1696615800,10,7,5,130,15,12
1696615860,10,7,5,131,15,12
1696615920,10,7,5,132,15,12
1696615980,10,7,5,133,15,12
1696616040,10,7,5,134,15,12
1696616100,10,7,5,135,15,12
1696616220,10,7,5,137,15,12
1696616280,10,7,5,138,15,12
1696616340,10,7,5,139,15,12
1696616460,10,7,5,141,15,12
1696616520,10,7,5,142,15,12
1696616580,10,7,5,143,15,12
1696616640,10,7,5,144,15,12
1696616700,10,7,5,145,15,12
1696616760,10,7,5,146,15,12
1696616820,10,7,5,147,15,12
1696616880,10,7,5,148,15,12
1696616940,10,7,5,149,15,12
1696617000,10,7,5,150,15,12
1696617060,10,7,5,151,15,12
1696617120,10,7,5,152,15,12
1696617180,10,7,5,153,15,12
1696617240,10,7,5,154,15,12
1696617300,10,7,5,155,15,12
1696617360,10,7,5,156,15,14
1696617420,10,7,5,157,15,14
1696617480,10,7,5,158,15,14
1696617540,10,7,5,159,15,14
1696617600,10,7,5,160,15,14
1696617660,10,7,5,161,15,14
1696617720,10,7,5,162,15,14
1696617780,10,7,5,163,15,14
1696617840,10,7,5,164,15,14
1696617900,10,7,5,165,15,14
1696617960,10,7,5,166,15,14
1696618020,10,7,5,167,15,13
1696618080,10,7,5,168,15,13
1696618140,10,7,5,169,15,13
1696618200,10,7,5,170,15,13
1696618260,10,7,5,171,15,13
1696618320,10,7,5,172,15,13
1696618380,10,7,5,173,15,13
1696618440,10,7,5,174,15,13
1696618500,10,7,5,175,15,13
1696618560,10,7,5,176,15,13
1696618620,10,7,5,177,15,13
1696618680,10,7,5,178,15,13
1696618740,10,7,5,179,15,13
1696618800,10,7,5,180,15,13
1696618860,10,7,5,181,15,14
1696618920,10,7,5,182,15,14
1696618980,10,7,5,183,15,14
1696619040,10,7,5,184,15,14
1696619100,10,7,5,185,15,14
1696619160,10,7,5,186,15,14
1696619220,10,7,5,187,15,14
1696619280,10,7,5,188,15,14
1696619340,10,7,5,189,15,14
1696619400,10,7,5,190,15,14
1696619460,10,7,5,191,15,14
1696619520,10,7,5,192,15,14
1696619580,10,7,5,193,15,14
1696619640,10,7,5,194,15,14
1696619700,10,7,5,195,15,14
1696619760,10,7,5,196,15,14
1696619820,10,7,5,197,15,14
1696619880,10,7,5,198,15,14
1696619940,10,7,5,199,15,14
1696620060,10,7,5,201,15,14
1696620120,10,7,5,202,15,14
1696620180,10,7,5,203,15,14
1696620240,10,7,5,204,15,14
1696620300,10,7,5,205,15,14
1696620360,10,7,5,206,15,14
1696620420,10,7,5,207,15,14
1696620480,10,7,5,208,15,14
1696620540,10,7,5,209,15,14
1696620600,10,7,5,210,15,14
1696620660,10,7,5,211,15,14
1696620720,10,7,5,212,15,14
1696620780,10,7,5,213,15,14
1696620840,10,7,5,214,15,14
1696620900,10,7,5,215,15,14
1696620960,10,7,5,216,15,14
1696621020,10,7,5,217,15,14
1696621080,10,7,5,218,15,14
1696621140,10,7,5,219,15,14
1696621200,10,7,5,220,15,14
1696621260,10,7,5,221,15,14
1696621320,10,7,5,222,15,14
1696621380,10,7,5,223,15,14
1696621440,10,7,5,224,15,14
1696621500,10,7,5,225,15,14
1696621560,10,7,5,226,15,15
1696621620,10,7,5,227,15,15
1696621680,10,7,5,228,15,15
1696621740,10,7,5,229,15,15
1696621800,10,7,5,230,15,15
1696621860,10,7,5,231,15,15
1696621920,10,7,5,232,15,15
1696621980,10,7,5,233,15,15
1696622040,10,7,5,234,15,15
1696622100,10,7,5,235,15,15
1696622160,10,7,5,236,15,15
1696622220,10,7,5,237,15,15
1696622280,10,7,5,238,15,15
1696622340,10,7,5,239,15,15
1696622400,10,7,5,240,15,15
1696622460,10,7,5,241,15,15
1696622520,10,7,5,242,15,15
1696622580,10,7,5,243,15,15
1696622640,10,7,5,244,15,15
1696622700,10,7,5,245,15,15
1696622760,10,7,5,246,15,15
1696622820,10,7,5,247,15,15
1696622880,10,7,5,248,15,15
1696622940,10,7,5,249,15,15
1696623000,10,7,5,250,15,15
1696623060,10,7,5,251,15,15
1696623120,10,7,5,252,15,15
1696623180,10,7,5,253,15,15
1696623240,10,7,5,254,15,15
1696623300,10,7,5,255,15,15
1696623360,10,7,5,256,15,15
1696623420,10,7,5,257,15,15
1696623480,10,7,5,258,15,15
1696623540,10,7,5,259,15,15
1696623660,10,7,5,261,15,15
1696623720,10,7,5,262,15,15
1696623780,10,7,5,263,15,15
1696623840,10,7,5,264,15,14
1696623900,10,7,5,265,15,14
1696623960,10,7,5,266,15,14
1696624020,10,7,5,267,15,14
1696624080,10,7,5,268,15,14
1696624140,10,7,5,269,15,14
1696624200,10,7,5,270,15,14
1696624260,10,7,5,271,15,14
1696624320,10,7,5,272,15,14
1696624380,10,7,5,273,15,14
1696624440,10,7,5,274,15,14
1696624500,10,7,5,275,15,14
1696624560,10,7,5,276,15,15
1696624620,10,7,5,277,15,15
1696624680,10,7,5,278,15,15
1696624740,10,7,5,279,15,15
1696624800,10,7,5,280,15,15
1696624860,10,7,5,281,15,15
1696624920,10,7,5,282,15,15
1696624980,10,7,5,283,15,15
1696625040,10,7,5,284,15,15
1696625100,10,7,5,285,15,15
1696625160,10,7,5,286,15,15
1696625220,10,7,5,287,15,14
1696625280,10,7,5,288,15,14
1696625340,10,7,5,289,15,14
1696625400,10,7,5,290,15,14
1696625460,10,7,5,291,15,14
1696625520,10,7,5,292,15,14
1696625580,10,7,5,293,15,14
1696625640,10,7,5,294,15,14
1696625700,10,7,5,295,15,14
1696625760,10,7,5,296,15,14
1696625820,10,7,5,297,15,14
1696625880,10,7,5,298,15,14
1696625940,10,7,5,299,15,14
1696626000,10,7,5,300,15,14
1696626060,10,7,5,301,15,14
1696626120,10,7,5,302,15,14
1696626180,10,7,5,303,15,14
1696626240,10,7,5,304,15,14
1696626300,10,7,5,305,15,14
1696626360,10,7,5,306,15,14
1696626420,10,7,5,307,15,14
1696626480,10,7,5,308,15,14
1696626540,10,7,5,309,15,14
1696626600,10,7,5,310,15,14
1696626660,10,7,5,311,15,14
1696626720,10,7,5,312,15,13
1696626780,10,7,5,313,15,13
1696626840,10,7,5,314,15,13
1696626900,10,7,5,315,15,13
1696626960,10,7,5,316,15,13
1696627020,10,7,5,317,15,13
1696627080,10,7,5,318,15,13
1696627140,10,7,5,319,15,13
1696627260,10,7,5,321,15,13
1696627320,10,7,5,322,15,13
1696627380,10,7,5,323,15,13
1696627440,10,7,5,324,15,13
1696627500,10,7,5,325,15,13
1696627560,10,7,5,326,15,13
1696627620,10,7,5,327,15,13
1696627680,10,7,5,328,15,13
1696627740,10,7,5,329,15,13
1696627800,10,7,5,330,15,13
1696627860,10,7,5,331,15,13
1696627920,10,7,5,332,15,13
1696627980,10,7,5,333,15,13
1696628040,10,7,5,334,15,13
1696628100,10,7,5,335,15,13
1696628160,10,7,5,336,15,13
1696628220,10,7,5,337,15,13
1696628280,10,7,5,338,15,13
1696628340,10,7,5,339,15,13
1696628400,10,7,5,340,15,13
1696628460,10,7,5,341,15,13
1696628520,10,7,5,342,15,13
1696628580,10,7,5,343,15,13
1696628640,10,7,5,344,15,13
1696628700,10,7,5,345,15,13
1696628760,10,7,5,346,15,13
1696628820,10,7,5,347,15,13
1696628880,10,7,5,348,15,13
1696628940,10,7,5,349,15,13
1696629000,10,7,5,350,15,13
1696629060,10,7,5,351,15,13
1696629120,10,7,5,352,15,13
1696629180,10,7,5,353,15,13
1696629240,10,7,5,354,15,13
1696629300,10,7,5,355,15,13
1696629360,10,7,5,356,15,13
1696629420,10,7,5,357,15,13
1696629480,10,7,5,358,15,13
1696629540,10,7,5,359,15,13
1696629600,10,7,5,360,15,13
1696629660,10,7,5,361,15,13
1696629720,10,7,5,362,15,13
1696629780,10,7,5,363,15,13
1696629840,10,7,5,364,15,13
1696629900,10,7,5,365,15,13
1696629960,10,7,5,366,15,13
1696630020,10,7,5,367,15,13
1696630080,10,7,5,368,15,13
1696630140,10,7,5,369,15,13
1696630200,10,7,5,370,15,11
1696630260,10,7,5,371,15,11
1696630320,10,7,5,372,15,11
1696630380,10,7,5,373,15,11
1696630440,10,7,5,374,15,11
1696630500,10,7,5,375,15,11
1696630560,10,7,5,376,15,11
1696630620,10,7,5,377,15,11
1696630740,10,7,5,379,15,11
1696630860,10,7,5,381,15,11
1696630920,10,7,5,382,15,11
1696630980,10,7,5,383,15,12
1696631040,10,7,5,384,15,13
1696631100,10,7,5,385,15,13
1696631160,10,7,5,386,15,13
1696631220,10,7,5,387,15,13
1696631280,10,7,5,388,15,13
1696631340,10,7,5,389,15,13
1696631400,10,7,5,390,15,13
1696631460,10,7,5,391,15,13
1696631520,10,7,5,392,15,13
1696631580,10,7,5,393,15,13
1696631640,10,7,5,394,15,13
1696631700,10,7,5,395,15,13
1696631760,10,7,5,396,15,12
1696631820,10,7,5,397,15,12
1696631880,10,7,5,398,15,12
1696631940,10,7,5,399,15,12
1696632000,10,7,5,400,15,12
1696632060,10,7,5,401,15,12
1696632120,10,7,5,402,15,12
1696632180,10,7,5,403,15,12
1696632240,10,7,5,404,15,12
1696632300,10,7,5,405,15,12
1696632360,10,7,5,406,15,12
1696632420,10,7,5,407,15,12
1696632480,10,7,5,408,15,12
1696632540,10,7,5,409,15,12
1696632600,10,7,5,410,15,12
1696632660,10,7,5,411,15,12
1696632720,10,7,5,412,15,12
1696632780,10,7,5,413,15,12
1696632840,10,7,5,414,15,12
1696632900,10,7,5,415,15,12
1696632960,10,7,5,416,15,12
1696633020,10,7,5,417,15,12
1696633080,10,7,5,418,15,12
1696633140,10,7,5,419,15,12
1696633200,10,7,5,420,15,12
1696633260,10,7,5,421,15,12
1696633320,10,7,5,422,15,12
1696633380,10,7,5,423,15,12
1696633440,10,7,5,424,15,12
1696633500,10,7,5,425,15,12
1696633560,10,7,5,426,15,12
1696633620,10,7,5,427,15,12
1696633680,10,7,5,428,15,12
1696633740,10,7,5,429,15,12
1696633800,10,7,5,430,15,12
1696633860,10,7,5,431,15,12
1696633920,10,7,5,432,15,12
1696633980,10,7,5,433,15,12
1696634040,10,7,5,434,15,12
1696634100,10,7,5,435,15,12
1696634160,10,7,5,436,15,12
1696634220,10,7,5,437,15,12
1696634280,10,7,5,438,15,12
1696634340,10,7,5,439,15,12
1696634460,10,7,5,441,15,12
1696634520,10,7,5,442,15,12
1696634580,10,7,5,443,15,12
1696634640,10,7,5,444,15,12
1696634700,10,7,5,445,15,12
1696634760,10,7,5,446,15,12
1696634820,10,7,5,447,15,12
1696634880,10,7,5,448,15,11
1696634940,10,7,5,449,15,11
1696635000,10,7,5,450,15,11
1696635060,10,7,5,451,15,12
1696635120,10,7,5,452,15,12
1696635180,10,7,5,453,15,12
1696635240,10,7,5,454,15,13
1696635300,10,7,5,455,15,13
1696635360,10,7,5,456,15,13
1696635420,10,7,5,457,15,12
1696635480,10,7,5,458,15,12
1696635540,10,7,5,459,15,12
1696635600,10,7,5,460,15,12
1696635660,10,7,5,461,15,12
1696635720,10,7,5,462,15,12
1696635780,10,7,5,463,15,12
1696635840,10,7,5,464,15,12
1696635900,10,7,5,465,15,12
1696635960,10,7,5,466,15,12
1696636020,10,7,5,467,15,12
1696636080,10,7,5,468,15,12
1696636140,10,7,5,469,15,12
1696636200,10,7,5,470,15,12
1696636260,10,7,5,471,15,12
1696636320,10,7,5,472,15,12
1696636380,10,7,5,473,15,11
1696636440,10,7,5,474,15,11
1696636500,10,7,5,475,15,11
1696636560,10,7,5,476,15,11
1696636620,10,7,5,477,15,11
1696636680,10,7,5,478,15,11
1696636740,10,7,5,479,15,11
1696636860,10,7,5,481,15,11
1696636920,10,7,5,482,15,11
1696636980,10,7,5,483,15,11
1696637040,10,7,5,484,15,11
1696637100,10,7,5,485,15,10
1696637160,10,7,5,486,15,11
1696637220,10,7,5,487,15,11
1696637280,10,7,5,488,15,11
1696637340,10,7,5,489,15,11
1696637400,10,7,5,490,15,11
1696637460,10,7,5,491,15,11
1696637520,10,7,5,492,15,11
1696637580,10,7,5,493,15,11
1696637640,10,7,5,494,15,11
1696637700,10,7,5,495,15,11
1696637760,10,7,5,496,15,11
1696637820,10,7,5,497,15,11
1696637880,10,7,5,498,15,11
1696637940,10,7,5,499,15,11
1696638060,10,7,5,501,15,11
1696638120,10,7,5,502,15,11
1696638180,10,7,5,503,15,11
1696638240,10,7,5,504,15,11
1696638300,10,7,5,505,15,11
1696638360,10,7,5,506,15,10
1696638420,10,7,5,507,15,10
1696638480,10,7,5,508,15,9
1696638540,10,7,5,509,15,9
1696638660,10,7,5,511,15,10
1696638720,10,7,5,512,15,10
1696638780,10,7,5,513,15,10
1696638840,10,7,5,514,15,9
1696638900,10,7,5,515,15,9
1696638960,10,7,5,516,15,9
1696639020,10,7,5,517,15,7
1696639080,10,7,5,518,15,6
1696639140,10,7,5,519,15,6
1696639200,10,7,5,520,15,6
1696639260,10,7,5,521,15,6
1696639320,10,7,5,522,15,6
1696639380,10,7,5,523,15,6
1696639440,10,7,5,524,15,6
1696639500,10,7,5,525,15,6
1696639560,10,7,5,526,15,7
1696639620,10,7,5,527,15,6
1696639680,10,7,5,528,15,6
1696639740,10,7,5,529,15,6
1696639800,10,7,5,530,15,6
1696639860,10,7,5,531,15,6
1696639920,10,7,5,532,15,5
1696639980,10,7,5,533,15,5
1696640040,10,7,5,534,15,5
1696640100,10,7,5,535,15,5
1696640160,10,7,5,536,15,5
1696640220,10,7,5,537,15,5
1696640280,10,7,5,538,15,4
1696640340,10,7,5,539,15,4
1696640400,10,7,5,540,15,3
1696640520,10,7,5,542,15,3
1696640580,10,7,5,543,15,3
1696640640,10,7,5,544,15,3
1696640700,10,7,5,545,15,3
1696640760,10,7,5,546,15,2
1696640820,10,7,5,547,15,2
1696640880,10,7,5,548,15,2
1696640940,10,7,5,549,15,1
1696641000,10,7,5,550,15,1
1696641060,10,7,5,551,15,2
1696641120,10,7,5,552,15,2
1696641180,10,7,5,553,15,2
1696641240,10,7,5,554,15,2
1696641300,10,7,5,555,15,2
1696641360,10,7,5,556,15,2
1696641420,10,7,5,557,15,2
1696641480,10,7,5,558,15,2
1696641540,10,7,5,559,15,2
1696641660,10,7,5,561,15,2
1696641720,10,7,5,562,15,2
1696641780,10,7,5,563,15,2
1696641840,10,7,5,564,15,1
1696641900,10,7,5,565,15,2
1696641960,10,7,5,566,15,1
1696642020,10,7,5,567,15,1
1696642080,10,7,5,568,15,1
1696642140,10,7,5,569,15,1
1696642260,10,7,5,571,15,0
1696642320,10,7,5,572,15,0
1696642380,10,7,5,573,15,0
1696642440,10,7,5,574,15,0
1696642500,10,7,5,575,15,0
1696642560,10,7,5,576,15,0
1696642620,10,7,5,577,15,0
1696642680,10,7,5,578,15,0
1696642740,10,7,5,579,15,0
1696642800,10,7,5,580,15,0
1696642860,10,7,5,581,15,0
1696642920,10,7,5,582,15,0
1696642980,10,7,5,583,15,0
1696643040,10,7,5,584,15,0
1696643100,10,7,5,585,15,0
1696643160,10,7,5,586,15,0
1696643220,10,7,5,587,15,0
1696643280,10,7,5,588,15,0
1696643340,10,7,5,589,15,0
1696643400,10,7,5,590,15,0
1696643460,10,7,5,591,15,1
1696643520,10,7,5,592,15,0
1696643580,10,7,5,593,15,0
1696643640,10,7,5,594,15,1
1696643700,10,7,5,595,15,1
1696643760,10,7,5,596,15,2
1696643820,10,7,5,597,15,2
1696643880,10,7,5,598,15,2
1696643940,10,7,5,599,15,2
1696644060,10,7,5,601,15,0
1696644120,10,7,5,602,15,0
1696644180,10,7,5,603,15,0
1696644240,10,7,5,604,15,0
1696644300,10,7,5,605,15,0
1696644360,10,7,5,606,15,0
1696644420,10,7,5,607,15,0
1696644480,10,7,5,608,15,0
1696644540,10,7,5,609,15,0
1696644600,10,7,5,610,15,0
1696644660,10,7,5,611,15,0
1696644720,10,7,5,612,15,0
1696644780,10,7,5,613,15,0
1696644840,10,7,5,614,15,0
1696644900,10,7,5,615,15,0
1696644960,10,7,5,616,15,0
1696645020,10,7,5,617,15,0
1696645080,10,7,5,618,15,0
1696645140,10,7,5,619,15,0
1696645260,10,7,5,621,15,0
1696645320,10,7,5,622,15,0
1696645380,10,7,5,623,15,0
1696645440,10,7,5,624,15,0
1696645500,10,7,5,625,15,0
1696645560,10,7,5,626,15,0
1696645620,10,7,5,627,15,0
1696645680,10,7,5,628,15,0
1696645740,10,7,5,629,15,0
1696645800,10,7,5,630,15,0
1696645920,10,7,5,632,15,0
1696645980,10,7,5,633,15,0
1696646040,10,7,5,634,15,0
1696646100,10,7,5,635,15,0
1696646160,10,7,5,636,15,0
1696646220,10,7,5,637,15,0
1696646280,10,7,5,638,15,0
1696646340,10,7,5,639,15,0
1696646400,10,7,5,640,15,0
1696646460,10,7,5,641,15,0
1696646520,10,7,5,642,15,0
1696646580,10,7,5,643,15,0
1696646640,10,7,5,644,15,0
1696646700,10,7,5,645,15,0
1696646760,10,7,5,646,15,0
1696646820,10,7,5,647,15,0
1696646880,10,7,5,648,15,0
1696646940,10,7,5,649,15,0
1696647000,10,7,5,650,15,0
1696647060,10,7,5,651,15,0
1696647120,10,7,5,652,15,0
1696647180,10,7,5,653,15,0
1696647240,10,7,5,654,15,0
1696647300,10,7,5,655,15,0
1696647360,10,7,5,656,15,0
1696647420,10,7,5,657,15,0
1696647480,10,7,5,658,15,0
1696647540,10,7,5,659,15,1
1696647660,10,7,5,661,15,1
1696647720,10,7,5,662,15,0
1696647780,10,7,5,663,15,0
1696647840,10,7,5,664,15,0
1696647900,10,7,5,665,15,0
1696647960,10,7,5,666,15,0
1696648020,10,7,5,667,15,0
1696648080,10,7,5,668,15,0
1696648140,10,7,5,669,15,0
1696648200,10,7,5,670,15,0
1696648260,10,7,5,671,15,0
1696648320,10,7,5,672,15,0
1696648380,10,7,5,673,15,0
1696648440,10,7,5,674,15,0
1696648500,10,7,5,675,15,0
1696648560,10,7,5,676,15,0
1696648620,10,7,5,677,15,0
1696648680,10,7,5,678,15,0
1696648740,10,7,5,679,15,0
1696648860,10,7,5,681,15,2
1696648920,10,7,5,682,15,2
1696648980,10,7,5,683,15,1
1696649040,10,7,5,684,15,1
1696649100,10,7,5,685,15,1
1696649160,10,7,5,686,15,1
1696649220,10,7,5,687,15,1
1696649280,10,7,5,688,15,1
1696649340,10,7,5,689,15,1
1696649460,10,7,5,691,15,1
1696649520,10,7,5,692,15,1
1696649580,10,7,5,693,15,0
1696649640,10,7,5,694,15,0
1696649700,10,7,5,695,15,0
1696649760,10,7,5,696,15,0
1696649820,10,7,5,697,15,1
1696649880,10,7,5,698,15,1
1696649940,10,7,5,699,15,1
1696650060,10,7,5,701,15,2
1696650120,10,7,5,702,15,2
1696650180,10,7,5,703,15,1
1696650240,10,7,5,704,15,0
1696650300,10,7,5,705,15,0
1696650360,10,7,5,706,15,0
1696650420,10,7,5,707,15,0
1696650480,10,7,5,708,15,0
1696650540,10,7,5,709,15,0
1696650600,10,7,5,710,15,0
1696650660,10,7,5,711,15,0
1696650720,10,7,5,712,15,0
1696650780,10,7,5,713,15,0
1696650840,10,7,5,714,15,0
1696650900,10,7,5,715,15,0
1696650960,10,7,5,716,15,0
1696651020,10,7,5,717,15,0
1696651080,10,7,5,718,15,0
1696651140,10,7,5,719,15,0
1696651320,10,7,5,722,15,1
1696651380,10,7,5,723,15,1
1696651440,10,7,5,724,15,1
1696651500,10,7,5,725,15,1
1696651560,10,7,5,726,15,1
1696651620,10,7,5,727,15,1
1696651680,10,7,5,728,15,1
1696651740,10,7,5,729,15,1
1696651800,10,7,5,730,15,1
1696651860,10,7,5,731,15,0
1696651920,10,7,5,732,15,0
1696651980,10,7,5,733,15,0
1696652040,10,7,5,734,15,0
1696652100,10,7,5,735,15,0
1696652160,10,7,5,736,15,0
1696652220,10,7,5,737,15,1
1696652280,10,7,5,738,15,1
1696652340,10,7,5,739,15,0
1696652460,10,7,5,741,15,0
1696652520,10,7,5,742,15,0
1696652580,10,7,5,743,15,0
1696652640,10,7,5,744,15,0
1696652700,10,7,5,745,15,0
1696652760,10,7,5,746,15,0
1696652820,10,7,5,747,15,0
1696652880,10,7,5,748,15,0
1696652940,10,7,5,749,15,0
1696653060,10,7,5,751,15,1
1696653120,10,7,5,752,15,2
1696653180,10,7,5,753,15,2
1696653240,10,7,5,754,15,2
1696653300,10,7,5,755,15,2
1696653360,10,7,5,756,15,1
1696653420,10,7,5,757,15,0
1696653480,10,7,5,758,15,0
1696653540,10,7,5,759,15,0
1696653600,10,7,5,760,15,0
1696653660,10,7,5,761,15,0
1696653720,10,7,5,762,15,0
1696653780,10,7,5,763,15,0
1696653840,10,7,5,764,15,1
1696653900,10,7,5,765,15,1
1696653960,10,7,5,766,15,1
1696654020,10,7,5,767,15,1
1696654080,10,7,5,768,15,0
1696654140,10,7,5,769,15,0
1696654200,10,7,5,770,15,0
1696654260,10,7,5,771,15,0
1696654320,10,7,5,772,15,0
1696654380,10,7,5,773,15,0
1696654440,10,7,5,774,15,1
1696654500,10,7,5,775,15,1
1696654560,10,7,5,776,15,1
1696654620,10,7,5,777,15,0
1696654680,10,7,5,778,15,0
1696654740,10,7,5,779,15,0
1696654860,10,7,5,781,15,0
1696654920,10,7,5,782,15,0
1696654980,10,7,5,783,15,0
1696655040,10,7,5,784,15,0
1696655100,10,7,5,785,15,1
1696655160,10,7,5,786,15,0
1696655220,10,7,5,787,15,0
1696655280,10,7,5,788,15,0
1696655340,10,7,5,789,15,0
1696655400,10,7,5,790,15,0
1696655460,10,7,5,791,15,0
1696655520,10,7,5,792,15,0
1696655580,10,7,5,793,15,0
1696655640,10,7,5,794,15,0
1696655700,10,7,5,795,15,0
1696655760,10,7,5,796,15,0
1696655820,10,7,5,797,15,0
1696655880,10,7,5,798,15,0
1696655940,10,7,5,799,15,0
1696656060,10,7,5,801,15,0
1696656120,10,7,5,802,15,0
1696656180,10,7,5,803,15,0
1696656240,10,7,5,804,15,0
1696656300,10,7,5,805,15,0
1696656360,10,7,5,806,15,0
1696656420,10,7,5,807,15,0
1696656480,10,7,5,808,15,0
1696656540,10,7,5,809,15,0
1696656660,10,7,5,811,15,0
1696656720,10,7,5,812,15,0
1696656780,10,7,5,813,15,0
1696656840,10,7,5,814,15,0
1696656900,10,7,5,815,15,0
1696656960,10,7,5,816,15,0
1696657020,10,7,5,817,15,0
1696657080,10,7,5,818,15,0
1696657140,10,7,5,819,15,0
1696657200,10,7,5,820,15,0
1696657260,10,7,5,821,15,0
1696657320,10,7,5,822,15,0
1696657380,10,7,5,823,15,0
1696657440,10,7,5,824,15,0
1696657500,10,7,5,825,15,0
1696657560,10,7,5,826,15,0
1696657620,10,7,5,827,15,0
1696657680,10,7,5,828,15,0
1696657740,10,7,5,829,15,0
1696657800,10,7,5,830,15,0
1696657860,10,7,5,831,15,0
1696657920,10,7,5,832,15,0
1696657980,10,7,5,833,15,0
1696658040,10,7,5,834,15,0
1696658100,10,7,5,835,15,0
1696658160,10,7,5,836,15,0
1696658220,10,7,5,837,15,0
1696658280,10,7,5,838,15,0
1696658340,10,7,5,839,15,0
1696658460,10,7,5,841,15,0
1696658520,10,7,5,842,15,1
1696658580,10,7,5,843,15,1
1696658640,10,7,5,844,15,1
1696658700,10,7,5,845,15,2
1696658760,10,7,5,846,15,2
1696658820,10,7,5,847,15,1
1696658880,10,7,5,848,15,0
1696658940,10,7,5,849,15,1
1696659000,10,7,5,850,15,0
1696659060,10,7,5,851,15,0
1696659120,10,7,5,852,15,0
1696659180,10,7,5,853,15,0
1696659240,10,7,5,854,15,0
1696659300,10,7,5,855,15,0
1696659360,10,7,5,856,15,0
1696659420,10,7,5,857,15,0
1696659480,10,7,5,858,15,0
1696659540,10,7,5,859,15,0
1696659660,10,7,5,861,15,0
1696659720,10,7,5,862,15,0
1696659780,10,7,5,863,15,0
1696659840,10,7,5,864,15,0
1696659900,10,7,5,865,15,0
1696659960,10,7,5,866,15,0
1696660020,10,7,5,867,15,0
1696660080,10,7,5,868,15,0
1696660140,10,7,5,869,15,0
1696660260,10,7,5,871,15,0
1696660320,10,7,5,872,15,0
1696660380,10,7,5,873,15,0
1696660440,10,7,5,874,15,0
1696660500,10,7,5,875,15,0
1696660560,10,7,5,876,15,1
1696660620,10,7,5,877,15,1
1696660680,10,7,5,878,15,0
1696660740,10,7,5,879,15,0
1696660800,10,7,5,880,15,0
1696660860,10,7,5,881,15,0
1696660920,10,7,5,882,15,0
1696660980,10,7,5,883,15,0
1696661040,10,7,5,884,15,0
1696661100,10,7,5,885,15,0
1696661160,10,7,5,886,15,1
1696661220,10,7,5,887,15,1
1696661280,10,7,5,888,15,1
1696661340,10,7,5,889,15,1
1696661400,10,7,5,890,15,1
1696661460,10,7,5,891,15,1
1696661520,10,7,5,892,15,1
1696661580,10,7,5,893,15,1
1696661640,10,7,5,894,15,0
1696661700,10,7,5,895,15,1
1696661760,10,7,5,896,15,1
1696661820,10,7,5,897,15,1
1696661880,10,7,5,898,15,1
1696661940,10,7,5,899,15,1
1696662060,10,7,5,901,15,1
1696662120,10,7,5,902,15,0
1696662180,10,7,5,903,15,0
1696662240,10,7,5,904,15,0
1696662300,10,7,5,905,15,0
1696662360,10,7,5,906,15,0
1696662420,10,7,5,907,15,0
1696662480,10,7,5,908,15,0
1696662540,10,7,5,909,15,0
1696662600,10,7,5,910,15,0
1696662660,10,7,5,911,15,0
1696662720,10,7,5,912,15,0
1696662780,10,7,5,913,15,0
1696662840,10,7,5,914,15,0
1696662900,10,7,5,915,15,0
1696662960,10,7,5,916,15,0
1696663020,10,7,5,917,15,0
1696663080,10,7,5,918,15,0
1696663140,10,7,5,919,15,0
1696663260,10,7,5,921,15,0
1696663320,10,7,5,922,15,0
1696663380,10,7,5,923,15,0
1696663440,10,7,5,924,15,0
1696663500,10,7,5,925,15,0
1696663560,10,7,5,926,15,0
1696663620,10,7,5,927,15,0
1696663680,10,7,5,928,15,0
1696663740,10,7,5,929,15,0
1696663860,10,7,5,931,15,0
1696663920,10,7,5,932,15,0
1696663980,10,7,5,933,15,0
1696664040,10,7,5,934,15,0
1696664100,10,7,5,935,15,0
1696664160,10,7,5,936,15,0
1696664220,10,7,5,937,15,0
1696664280,10,7,5,938,15,0
1696664340,10,7,5,939,15,0
1696664400,10,7,5,940,15,0
1696664460,10,7,5,941,15,0
1696664520,10,7,5,942,15,0
1696664580,10,7,5,943,15,0
1696664640,10,7,5,944,15,0
1696664700,10,7,5,945,15,1
1696664760,10,7,5,946,15,1
1696664820,10,7,5,947,15,1
1696664880,10,7,5,948,15,1
1696664940,10,7,5,949,15,1
1696665000,10,7,5,950,15,1
1696665060,10,7,5,951,15,1
1696665120,10,7,5,952,15,1
1696665180,10,7,5,953,15,1
1696665240,10,7,5,954,15,1
1696665300,10,7,5,955,15,1
1696665360,10,7,5,956,15,0
1696665420,10,7,5,957,15,0
1696665480,10,7,5,958,15,0
1696665540,10,7,5,959,15,0
1696665660,10,7,5,961,15,0
1696665720,10,7,5,962,15,0
1696665780,10,7,5,963,15,0
1696665840,10,7,5,964,15,0
1696665900,10,7,5,965,15,0
1696665960,10,7,5,966,15,0
1696666020,10,7,5,967,15,0
1696666080,10,7,5,968,15,0
1696666140,10,7,5,969,15,0
1696666200,10,7,5,970,15,0
1696666260,10,7,5,971,15,0
1696666320,10,7,5,972,15,0
1696666380,10,7,5,973,15,0
1696666440,10,7,5,974,15,0
1696666500,10,7,5,975,15,0
1696666560,10,7,5,976,15,0
1696666620,10,7,5,977,15,0
1696666680,10,7,5,978,15,0
1696666740,10,7,5,979,15,0
1696666860,10,7,5,981,15,1
1696666920,10,7,5,982,15,1
1696666980,10,7,5,983,15,1
1696667040,10,7,5,984,15,1
1696667100,10,7,5,985,15,1
1696667160,10,7,5,986,15,1
1696667220,10,7,5,987,15,1
1696667280,10,7,5,988,15,1
1696667340,10,7,5,989,15,1
1696667460,10,7,5,991,15,1
1696667520,10,7,5,992,15,1
1696667580,10,7,5,993,15,1
1696667640,10,7,5,994,15,0
1696667700,10,7,5,995,15,0
1696667760,10,7,5,996,15,0
1696667820,10,7,5,997,15,0
1696667880,10,7,5,998,15,0
1696667940,10,7,5,999,15,0
1696668000,10,7,5,1000,15,0
1696668060,10,7,5,1001,15,0
1696668120,10,7,5,1002,15,0
1696668180,10,7,5,1003,15,0
1696668240,10,7,5,1004,15,0
1696668300,10,7,5,1005,15,0
1696668360,10,7,5,1006,15,0
1696668420,10,7,5,1007,15,0
1696668480,10,7,5,1008,15,0
1696668540,10,7,5,1009,15,0
1696668600,10,7,5,1010,15,0
1696668660,10,7,5,1011,15,0
1696668720,10,7,5,1012,15,0
1696668780,10,7,5,1013,15,0
1696668840,10,7,5,1014,15,0
1696668900,10,7,5,1015,15,1
1696668960,10,7,5,1016,15,1
1696669020,10,7,5,1017,15,1
1696669080,10,7,5,1018,15,2
1696669140,10,7,5,1019,15,2
1696669260,10,7,5,1021,15,0
1696669320,10,7,5,1022,15,0
1696669380,10,7,5,1023,15,0
1696669440,10,7,5,1024,15,0
1696669500,10,7,5,1025,15,0
1696669560,10,7,5,1026,15,0
1696669680,10,7,5,1028,15,0
1696669740,10,7,5,1029,15,0
1696669800,10,7,5,1030,15,0
1696669860,10,7,5,1031,15,0
1696669920,10,7,5,1032,15,0
1696669980,10,7,5,1033,15,0
1696670040,10,7,5,1034,15,0
1696670100,10,7,5,1035,15,0
1696670160,10,7,5,1036,15,0
1696670220,10,7,5,1037,15,0
1696670280,10,7,5,1038,15,0
1696670340,10,7,5,1039,15,0
1696670460,10,7,5,1041,15,0
1696670520,10,7,5,1042,15,0
1696670580,10,7,5,1043,15,0
1696670640,10,7,5,1044,15,0
1696670700,10,7,5,1045,15,0
1696670760,10,7,5,1046,15,1
1696670820,10,7,5,1047,15,1
1696670880,10,7,5,1048,15,0
1696670940,10,7,5,1049,15,0
1696671060,10,7,5,1051,15,1
1696671120,10,7,5,1052,15,1
1696671180,10,7,5,1053,15,1
1696671240,10,7,5,1054,15,1
1696671300,10,7,5,1055,15,1
1696671360,10,7,5,1056,15,1
1696671420,10,7,5,1057,15,1
1696671480,10,7,5,1058,15,2
1696671540,10,7,5,1059,15,2
1696671600,10,7,5,1060,15,2
1696671660,10,7,5,1061,15,2
1696671720,10,7,5,1062,15,2
1696671780,10,7,5,1063,15,1
1696671840,10,7,5,1064,15,1
1696671900,10,7,5,1065,15,1
1696671960,10,7,5,1066,15,0
1696672020,10,7,5,1067,15,0
1696672080,10,7,5,1068,15,0
1696672140,10,7,5,1069,15,0
1696672200,10,7,5,1070,15,0
1696672260,10,7,5,1071,15,0
1696672320,10,7,5,1072,15,0
1696672380,10,7,5,1073,15,0
1696672440,10,7,5,1074,15,0
1696672500,10,7,5,1075,15,0
1696672560,10,7,5,1076,15,0
1696672620,10,7,5,1077,15,0
1696672680,10,7,5,1078,15,0
1696672740,10,7,5,1079,15,0
1696672860,10,7,5,1081,15,0
1696672920,10,7,5,1082,15,0
1696672980,10,7,5,1083,15,0
1696673040,10,7,5,1084,15,0
1696673100,10,7,5,1085,15,0
1696673160,10,7,5,1086,15,1
1696673220,10,7,5,1087,15,1
1696673280,10,7,5,1088,15,0
1696673340,10,7,5,1089,15,0
1696673400,10,7,5,1090,15,0
1696673460,10,7,5,1091,15,0
1696673520,10,7,5,1092,15,0
1696673580,10,7,5,1093,15,0
1696673640,10,7,5,1094,15,0
1696673700,10,7,5,1095,15,0
1696673760,10,7,5,1096,15,0
1696673820,10,7,5,1097,15,1
1696673880,10,7,5,1098,15,1
1696673940,10,7,5,1099,15,1
1696674060,10,7,5,1101,15,1
1696674120,10,7,5,1102,15,1
1696674180,10,7,5,1103,15,0
1696674240,10,7,5,1104,15,0
1696674300,10,7,5,1105,15,0
1696674360,10,7,5,1106,15,0
1696674420,10,7,5,1107,15,0
1696674480,10,7,5,1108,15,0
1696674540,10,7,5,1109,15,0
1696674660,10,7,5,1111,15,0
1696674720,10,7,5,1112,15,0
1696674780,10,7,5,1113,15,0
1696674840,10,7,5,1114,15,0
1696674900,10,7,5,1115,15,0
1696674960,10,7,5,1116,15,1
1696675020,10,7,5,1117,15,0
1696675080,10,7,5,1118,15,2
1696675140,10,7,5,1119,15,1
1696675200,10,7,5,1120,15,1
1696675260,10,7,5,1121,15,1
1696675320,10,7,5,1122,15,1
1696675380,10,7,5,1123,15,0
1696675440,10,7,5,1124,15,0
1696675500,10,7,5,1125,15,1
1696675560,10,7,5,1126,15,1
1696675620,10,7,5,1127,15,1
1696675680,10,7,5,1128,15,1
1696675740,10,7,5,1129,15,0
1696675800,10,7,5,1130,15,0
1696675860,10,7,5,1131,15,0
1696675920,10,7,5,1132,15,0
1696675980,10,7,5,1133,15,0
1696676040,10,7,5,1134,15,0
1696676100,10,7,5,1135,15,0
1696676160,10,7,5,1136,15,0
1696676220,10,7,5,1137,15,0
1696676280,10,7,5,1138,15,1
1696676340,10,7,5,1139,15,1
1696676460,10,7,5,1141,15,0
1696676520,10,7,5,1142,15,3
1696676580,10,7,5,1143,15,3
1696676640,10,7,5,1144,15,1
1696676700,10,7,5,1145,15,0
1696676760,10,7,5,1146,15,0
1696676820,10,7,5,1147,15,0
1696676880,10,7,5,1148,15,0
1696676940,10,7,5,1149,15,0
1696677000,10,7,5,1150,15,0
1696677060,10,7,5,1151,15,0
1696677120,10,7,5,1152,15,1
1696677180,10,7,5,1153,15,1
1696677240,10,7,5,1154,15,1
1696677300,10,7,5,1155,15,1
1696677360,10,7,5,1156,15,1
1696677420,10,7,5,1157,15,1
1696677480,10,7,5,1158,15,1
1696677540,10,7,5,1159,15,1
1696677660,10,7,5,1161,15,1
1696677720,10,7,5,1162,15,1
1696677780,10,7,5,1163,15,1
1696677840,10,7,5,1164,15,1
1696677900,10,7,5,1165,15,1
1696677960,10,7,5,1166,15,1
1696678020,10,7,5,1167,15,1
1696678080,10,7,5,1168,15,1
1696678140,10,7,5,1169,15,1
1696678200,10,7,5,1170,15,1
1696678260,10,7,5,1171,15,1
1696678320,10,7,5,1172,15,1
1696678380,10,7,5,1173,15,1
1696678440,10,7,5,1174,15,1
1696678500,10,7,5,1175,15,1
1696678560,10,7,5,1176,15,1
1696678620,10,7,5,1177,15,2
1696678680,10,7,5,1178,15,2
1696678740,10,7,5,1179,15,2
1696678800,10,7,5,1180,15,2
1696678860,10,7,5,1181,15,2
1696678920,10,7,5,1182,15,2
1696678980,10,7,5,1183,15,2
1696679040,10,7,5,1184,15,2
1696679100,10,7,5,1185,15,2
1696679160,10,7,5,1186,15,2
1696679220,10,7,5,1187,15,2
1696679280,10,7,5,1188,15,2
1696679340,10,7,5,1189,15,2
1696679400,10,7,5,1190,15,2
1696679460,10,7,5,1191,15,2
1696679520,10,7,5,1192,15,2
1696679580,10,7,5,1193,15,2
1696679640,10,7,5,1194,15,2
1696679700,10,7,5,1195,15,2
1696679760,10,7,5,1196,15,2
1696679820,10,7,5,1197,15,3
1696679880,10,7,5,1198,15,3
1696679940,10,7,5,1199,15,3
1696680060,10,7,5,1201,15,3
1696680120,10,7,5,1202,15,4
1696680180,10,7,5,1203,15,4
1696680240,10,7,5,1204,15,5
1696680300,10,7,5,1205,15,4
1696680360,10,7,5,1206,15,4
1696680420,10,7,5,1207,15,4
1696680480,10,7,5,1208,15,4
1696680540,10,7,5,1209,15,4
1696680600,10,7,5,1210,15,4
1696680660,10,7,5,1211,15,3
1696680720,10,7,5,1212,15,3
1696680780,10,7,5,1213,15,3
1696680840,10,7,5,1214,15,3
1696680900,10,7,5,1215,15,2
1696680960,10,7,5,1216,15,2
1696681020,10,7,5,1217,15,2
1696681080,10,7,5,1218,15,2
1696681140,10,7,5,1219,15,2
1696681260,10,7,5,1221,15,2
1696681320,10,7,5,1222,15,2
1696681380,10,7,5,1223,15,2
1696681440,10,7,5,1224,15,1
1696681500,10,7,5,1225,15,1
1696681560,10,7,5,1226,15,1
1696681620,10,7,5,1227,15,0
1696681680,10,7,5,1228,15,0
1696681740,10,7,5,1229,15,0
1696681800,10,7,5,1230,15,0
1696681860,10,7,5,1231,15,0
1696681920,10,7,5,1232,15,0
1696681980,10,7,5,1233,15,0
1696682040,10,7,5,1234,15,0
1696682100,10,7,5,1235,15,0
1696682160,10,7,5,1236,15,0
1696682220,10,7,5,1237,15,1
1696682280,10,7,5,1238,15,1
1696682340,10,7,5,1239,15,1
1696682400,10,7,5,1240,15,0
1696682460,10,7,5,1241,15,0
1696682520,10,7,5,1242,15,0
1696682580,10,7,5,1243,15,0
1696682640,10,7,5,1244,15,0
1696682700,10,7,5,1245,15,0
1696682760,10,7,5,1246,15,0
1696682820,10,7,5,1247,15,0
1696682880,10,7,5,1248,15,0
1696682940,10,7,5,1249,15,0
1696683000,10,7,5,1250,15,0
1696683060,10,7,5,1251,15,0
1696683120,10,7,5,1252,15,0
1696683180,10,7,5,1253,15,0
1696683240,10,7,5,1254,15,0
1696683300,10,7,5,1255,15,0
1696683360,10,7,5,1256,15,0
1696683420,10,7,5,1257,15,1
1696683480,10,7,5,1258,15,0
1696683540,10,7,5,1259,15,0
1696683660,10,7,5,1261,15,1
1696683720,10,7,5,1262,15,0
1696683780,10,7,5,1263,15,0
1696683840,10,7,5,1264,15,1
1696683900,10,7,5,1265,15,1
1696683960,10,7,5,1266,15,1
1696684020,10,7,5,1267,15,1
1696684080,10,7,5,1268,15,1
1696684140,10,7,5,1269,15,1
1696684200,10,7,5,1270,15,1
1696684260,10,7,5,1271,15,1
1696684320,10,7,5,1272,15,1
1696684380,10,7,5,1273,15,1
1696684440,10,7,5,1274,15,1
1696684500,10,7,5,1275,15,1
1696684560,10,7,5,1276,15,1
1696684620,10,7,5,1277,15,1
1696684680,10,7,5,1278,15,1
1696684740,10,7,5,1279,15,2
1696684860,10,7,5,1281,15,2
1696684920,10,7,5,1282,15,2
1696684980,10,7,5,1283,15,1
1696685040,10,7,5,1284,15,2
1696685100,10,7,5,1285,15,2
1696685160,10,7,5,1286,15,2
1696685220,10,7,5,1287,15,2
1696685280,10,7,5,1288,15,2
1696685340,10,7,5,1289,15,2
1696685400,10,7,5,1290,15,2
1696685460,10,7,5,1291,15,2
1696685520,10,7,5,1292,15,2
1696685580,10,7,5,1293,15,2
1696685640,10,7,5,1294,15,2
1696685700,10,7,5,1295,15,2
1696685760,10,7,5,1296,15,2
1696685820,10,7,5,1297,15,2
1696685880,10,7,5,1298,15,2
1696685940,10,7,5,1299,15,2
1696686000,10,7,5,1300,15,2
1696686060,10,7,5,1301,15,2
1696686120,10,7,5,1302,15,3
1696686180,10,7,5,1303,15,3
1696686240,10,7,5,1304,15,3
1696686300,10,7,5,1305,15,3
1696686360,10,7,5,1306,15,3
1696686420,10,7,5,1307,15,3
1696686480,10,7,5,1308,15,3
1696686540,10,7,5,1309,15,3
1696686600,10,7,5,1310,15,3
1696686660,10,7,5,1311,15,3
1696686720,10,7,5,1312,15,3
1696686780,10,7,5,1313,15,3
1696686840,10,7,5,1314,15,3
1696686900,10,7,5,1315,15,3
1696686960,10,7,5,1316,15,3
1696687020,10,7,5,1317,15,3
1696687080,10,7,5,1318,15,3
1696687140,10,7,5,1319,15,3
1696687260,10,7,5,1321,15,3
1696687320,10,7,5,1322,15,3
1696687380,10,7,5,1323,15,3
1696687440,10,7,5,1324,15,3
1696687500,10,7,5,1325,15,3
1696687560,10,7,5,1326,15,3
1696687620,10,7,5,1327,15,3
1696687680,10,7,5,1328,15,3
1696687740,10,7,5,1329,15,3
1696687800,10,7,5,1330,15,3
1696687860,10,7,5,1331,15,3
1696687920,10,7,5,1332,15,4
1696687980,10,7,5,1333,15,4
1696688040,10,7,5,1334,15,4
1696688100,10,7,5,1335,15,4
1696688220,10,7,5,1337,15,4
1696688280,10,7,5,1338,15,4
1696688340,10,7,5,1339,15,4
1696688460,10,7,5,1341,15,4
1696688520,10,7,5,1342,15,4
1696688580,10,7,5,1343,15,4
1696688640,10,7,5,1344,15,4
1696688700,10,7,5,1345,15,4
1696688760,10,7,5,1346,15,4
1696688820,10,7,5,1347,15,4
1696688880,10,7,5,1348,15,4
1696688940,10,7,5,1349,15,4
1696689000,10,7,5,1350,15,4
1696689060,10,7,5,1351,15,4
1696689120,10,7,5,1352,15,4
1696689180,10,7,5,1353,15,4
1696689240,10,7,5,1354,15,4
1696689300,10,7,5,1355,15,4
1696689360,10,7,5,1356,15,4
1696689420,10,7,5,1357,15,4
1696689480,10,7,5,1358,15,4
1696689540,10,7,5,1359,15,4
1696689600,10,7,5,1360,15,4
1696689660,10,7,5,1361,15,4
1696689720,10,7,5,1362,15,4
1696689780,10,7,5,1363,15,4
1696689840,10,7,5,1364,15,1
1696689900,10,7,5,1365,15,1
1696689960,10,7,5,1366,15,1
1696690020,10,7,5,1367,15,1
1696690080,10,7,5,1368,15,1
1696690140,10,7,5,1369,15,1
1696690200,10,7,5,1370,15,1
1696690260,10,7,5,1371,15,1
1696690320,10,7,5,1372,15,2
1696690380,10,7,5,1373,15,2
1696690440,10,7,5,1374,15,3
1696690500,10,7,5,1375,15,3
1696690560,10,7,5,1376,15,3
1696690620,10,7,5,1377,15,3
1696690680,10,7,5,1378,15,3
1696690740,10,7,5,1379,15,3
1696690860,10,7,5,1381,15,4
1696690920,10,7,5,1382,15,4
1696690980,10,7,5,1383,15,4
1696691040,10,7,5,1384,15,4
1696691100,10,7,5,1385,15,4
1696691160,10,7,5,1386,15,4
1696691220,10,7,5,1387,15,4
1696691280,10,7,5,1388,15,4
1696691340,10,7,5,1389,15,4
1696691400,10,7,5,1390,15,4
1696691460,10,7,5,1391,15,4
1696691520,10,7,5,1392,15,4
1696691580,10,7,5,1393,15,4
1696691640,10,7,5,1394,15,4
1696691700,10,7,5,1395,15,4
1696691760,10,7,5,1396,15,4
1696691820,10,7,5,1397,15,4
1696691880,10,7,5,1398,15,4
1696691940,10,7,5,1399,15,4
1696692060,10,7,5,1401,15,4
1696692120,10,7,5,1402,15,4
1696692180,10,7,5,1403,15,4
1696692240,10,7,5,1404,15,4
1696692300,10,7,5,1405,15,4
1696692360,10,7,5,1406,15,4
1696692420,10,7,5,1407,15,4
1696692480,10,7,5,1408,15,4
1696692540,10,7,5,1409,15,4
1696692600,10,7,5,1410,15,4
1696692660,10,7,5,1411,15,4
1696692720,10,7,5,1412,15,3
1696692780,10,7,5,1413,15,3
1696692840,10,7,5,1414,15,3
1696692900,10,7,5,1415,15,3
1696692960,10,7,5,1416,15,2
1696693020,10,7,5,1417,15,2
1696693080,10,7,5,1418,15,1
1696693140,10,7,5,1419,15,1
1696693200,10,7,5,1420,15,1
1696693260,10,7,5,1421,15,1
1696693320,10,7,5,1422,15,1
1696693380,10,7,5,1423,15,1
1696693440,10,7,5,1424,15,1
1696693500,10,7,5,1425,15,1
1696693560,10,7,5,1426,15,1
1696693620,10,7,5,1427,15,1
1696693680,10,7,5,1428,15,1
1696693740,10,7,5,1429,15,1
1696693800,10,7,5,1430,15,1
1696693860,10,7,5,1431,15,1
1696693920,10,7,5,1432,15,1
1696693980,10,7,5,1433,15,1
1696694040,10,7,5,1434,15,1
1696694100,10,7,5,1435,15,1
1696694160,10,7,5,1436,15,1
1696694220,10,7,5,1437,15,2
1696694280,10,7,5,1438,15,2
1696694340,10,7,5,1439,15,3
1696694460,10,8,6,1,15,2
1696694520,10,8,6,2,15,2
1696694580,10,8,6,3,15,2
1696694640,10,8,6,4,15,2
1696694700,10,8,6,5,15,2
1696694760,10,8,6,6,15,1
1696694820,10,8,6,7,15,1
1696694880,10,8,6,8,15,1
1696694940,10,8,6,9,15,1
1696695000,10,8,6,10,15,1
1696695060,10,8,6,11,15,1
1696695120,10,8,6,12,15,1
1696695180,10,8,6,13,15,1
1696695240,10,8,6,14,15,1
1696695300,10,8,6,15,15,1
1696695360,10,8,6,16,15,1
1696695420,10,8,6,17,15,1
1696695480,10,8,6,18,15,1
1696695540,10,8,6,19,15,1
1696695660,10,8,6,21,15,1
1696695720,10,8,6,22,15,1
1696695780,10,8,6,23,15,3
1696695840,10,8,6,24,15,3
1696695900,10,8,6,25,15,3
1696695960,10,8,6,26,15,3
1696696020,10,8,6,27,15,3
1696696080,10,8,6,28,15,3
1696696140,10,8,6,29,15,4
1696696200,10,8,6,30,15,4
1696696260,10,8,6,31,15,4
1696696320,10,8,6,32,15,4
1696696380,10,8,6,33,15,4
1696696440,10,8,6,34,15,4
1696696500,10,8,6,35,15,4
1696696560,10,8,6,36,15,4
1696696620,10,8,6,37,15,4
1696696680,10,8,6,38,15,4
1696696740,10,8,6,39,15,4
1696696800,10,8,6,40,15,4
1696696860,10,8,6,41,15,4
1696696920,10,8,6,42,15,4
1696696980,10,8,6,43,15,4
1696697040,10,8,6,44,15,4
1696697100,10,8,6,45,15,4
1696697160,10,8,6,46,15,4
1696697220,10,8,6,47,15,4
1696697280,10,8,6,48,15,4
1696697340,10,8,6,49,15,4
1696697400,10,8,6,50,15,4
1696697460,10,8,6,51,15,4
1696697520,10,8,6,52,15,4
1696697580,10,8,6,53,15,4
1696697640,10,8,6,54,15,4
1696697700,10,8,6,55,15,6
1696697760,10,8,6,56,15,6
1696697820,10,8,6,57,15,6
1696697880,10,8,6,58,15,6
1696697940,10,8,6,59,15,6
1696698000,10,8,6,60,15,6
1696698060,10,8,6,61,15,6
1696698120,10,8,6,62,15,6
1696698180,10,8,6,63,15,6
1696698240,10,8,6,64,15,6
1696698300,10,8,6,65,15,6
1696698360,10,8,6,66,15,6
1696698420,10,8,6,67,15,6
1696698480,10,8,6,68,15,6
1696698540,10,8,6,69,15,6
1696698600,10,8,6,70,15,6
1696698660,10,8,6,71,15,6
1696698720,10,8,6,72,15,6
1696698780,10,8,6,73,15,6
1696698840,10,8,6,74,15,6
1696698900,10,8,6,75,15,6
1696698960,10,8,6,76,15,6
1696699020,10,8,6,77,15,6
1696699080,10,8,6,78,15,6
1696699140,10,8,6,79,15,6
1696699260,10,8,6,81,15,6
1696699320,10,8,6,82,15,6
1696699380,10,8,6,83,15,6
1696699440,10,8,6,84,15,6
1696699500,10,8,6,85,15,6
1696699560,10,8,6,86,15,6
1696699620,10,8,6,87,15,6
1696699680,10,8,6,88,15,6
1696699740,10,8,6,89,15,6
1696699800,10,8,6,90,15,6
1696699860,10,8,6,91,15,6
1696699920,10,8,6,92,15,6
1696699980,10,8,6,93,15,6
1696700040,10,8,6,94,15,6
1696700100,10,8,6,95,15,6
1696700160,10,8,6,96,15,6
1696700220,10,8,6,97,15,6
1696700280,10,8,6,98,15,6
1696700340,10,8,6,99,15,6
1696700400,10,8,6,100,15,6
1696700460,10,8,6,101,15,6
1696700520,10,8,6,102,15,6
1696700580,10,8,6,103,15,6
1696700640,10,8,6,104,15,6
1696700700,10,8,6,105,15,6
1696700760,10,8,6,106,15,6
1696700820,10,8,6,107,15,6
1696700880,10,8,6,108,15,6
1696700940,10,8,6,109,15,6
1696701000,10,8,6,110,15,6
1696701060,10,8,6,111,15,6
1696701120,10,8,6,112,15,6
1696701180,10,8,6,113,15,6
1696701240,10,8,6,114,15,6
1696701300,10,8,6,115,15,6
1696701360,10,8,6,116,15,6
1696701420,10,8,6,117,15,6
1696701480,10,8,6,118,15,6
1696701540,10,8,6,119,15,6
1696701660,10,8,6,121,15,5
1696701720,10,8,6,122,15,5
1696701780,10,8,6,123,15,5
1696701840,10,8,6,124,15,5
1696701900,10,8,6,125,15,5
1696701960,10,8,6,126,15,5
1696702020,10,8,6,127,15,5
1696702080,10,8,6,128,15,6
1696702140,10,8,6,129,15,6
1696702200,10,8,6,130,15,6
1696702260,10,8,6,131,15,4
1696702320,10,8,6,132,15,4
1696702380,10,8,6,133,15,4
1696702440,10,8,6,134,15,4
1696702500,10,8,6,135,15,5
1696702560,10,8,6,136,15,5
1696702620,10,8,6,137,15,5
1696702680,10,8,6,138,15,5
1696702740,10,8,6,139,15,5
1696702860,10,8,6,141,15,5
1696702920,10,8,6,142,15,5
1696702980,10,8,6,143,15,5
1696703040,10,8,6,144,15,5
1696703100,10,8,6,145,15,5
1696703160,10,8,6,146,15,6
1696703220,10,8,6,147,15,6
1696703280,10,8,6,148,15,6
1696703340,10,8,6,149,15,6
1696703400,10,8,6,150,15,6
1696703460,10,8,6,151,15,6
1696703520,10,8,6,152,15,6
1696703580,10,8,6,153,15,6
1696703640,10,8,6,154,15,6
1696703700,10,8,6,155,15,6
1696703760,10,8,6,156,15,6
1696703820,10,8,6,157,15,6
1696703880,10,8,6,158,15,6
1696703940,10,8,6,159,15,6
1696704000,10,8,6,160,15,6
1696704060,10,8,6,161,15,6
1696704120,10,8,6,162,15,6
1696704180,10,8,6,163,15,6
1696704240,10,8,6,164,15,6
1696704300,10,8,6,165,15,6
1696704360,10,8,6,166,15,6
1696704420,10,8,6,167,15,6
1696704480,10,8,6,168,15,6
1696704540,10,8,6,169,15,6
1696704600,10,8,6,170,15,6
1696704660,10,8,6,171,15,6
1696704720,10,8,6,172,15,6
1696704780,10,8,6,173,15,6
1696704840,10,8,6,174,15,6
1696704900,10,8,6,175,15,6
1696704960,10,8,6,176,15,6
1696705020,10,8,6,177,15,6
1696705080,10,8,6,178,15,6
1696705140,10,8,6,179,15,6
1696705200,10,8,6,180,15,6
1696705320,10,8,6,182,15,6
1696705380,10,8,6,183,15,6
1696705440,10,8,6,184,15,6
1696705500,10,8,6,185,15,6
1696705560,10,8,6,186,15,6
1696705620,10,8,6,187,15,6
1696705680,10,8,6,188,15,6
1696705740,10,8,6,189,15,6
1696705800,10,8,6,190,15,6
1696705860,10,8,6,191,15,6
1696705920,10,8,6,192,15,6
1696705980,10,8,6,193,15,6
1696706040,10,8,6,194,15,6
1696706100,10,8,6,195,15,6
1696706160,10,8,6,196,15,6
1696706220,10,8,6,197,15,7
1696706280,10,8,6,198,15,7
1696706340,10,8,6,199,15,7
1696706460,10,8,6,201,15,7
1696706520,10,8,6,202,15,7
1696706580,10,8,6,203,15,7
1696706640,10,8,6,204,15,7
1696706700,10,8,6,205,15,7
1696706760,10,8,6,206,15,7
1696706820,10,8,6,207,15,7
1696706880,10,8,6,208,15,7
1696706940,10,8,6,209,15,7
1696707000,10,8,6,210,15,7
1696707120,10,8,6,212,15,7
1696707180,10,8,6,213,15,7
1696707240,10,8,6,214,15,7
1696707300,10,8,6,215,15,7
1696707360,10,8,6,216,15,7
1696707420,10,8,6,217,15,7
1696707480,10,8,6,218,15,7
1696707540,10,8,6,219,15,7
1696707600,10,8,6,220,15,7
1696707660,10,8,6,221,15,7
1696707720,10,8,6,222,15,7
1696707780,10,8,6,223,15,7
1696707840,10,8,6,224,15,7
1696707900,10,8,6,225,15,7
1696707960,10,8,6,226,15,7
1696708020,10,8,6,227,15,7
1696708080,10,8,6,228,15,7
1696708140,10,8,6,229,15,7
1696708200,10,8,6,230,15,7
1696708260,10,8,6,231,15,7
1696708320,10,8,6,232,15,7
1696708380,10,8,6,233,15,7
1696708440,10,8,6,234,15,7
1696708500,10,8,6,235,15,7
1696708560,10,8,6,236,15,7
1696708620,10,8,6,237,15,7
1696708680,10,8,6,238,15,7
1696708740,10,8,6,239,15,7
1696708800,10,8,6,240,15,7
1696708860,10,8,6,241,15,7
1696708920,10,8,6,242,15,7
1696708980,10,8,6,243,15,7
1696709040,10,8,6,244,15,7
1696709100,10,8,6,245,15,7
1696709160,10,8,6,246,15,7
1696709220,10,8,6,247,15,7
1696709280,10,8,6,248,15,7
1696709340,10,8,6,249,15,7
1696709400,10,8,6,250,15,7
1696709460,10,8,6,251,15,7
1696709520,10,8,6,252,15,7
1696709580,10,8,6,253,15,7
1696709640,10,8,6,254,15,7
1696709700,10,8,6,255,15,7
1696709760,10,8,6,256,15,7
1696709820,10,8,6,257,15,7
1696709880,10,8,6,258,15,7
1696709940,10,8,6,259,15,7
1696710060,10,8,6,261,15,7
1696710120,10,8,6,262,15,7
1696710180,10,8,6,263,15,7
1696710240,10,8,6,264,15,7
1696710300,10,8,6,265,15,7
1696710360,10,8,6,266,15,7
1696710420,10,8,6,267,15,7
1696710480,10,8,6,268,15,7
1696710540,10,8,6,269,15,7
1696710600,10,8,6,270,15,7
1696710660,10,8,6,271,15,7
1696710720,10,8,6,272,15,7
1696710780,10,8,6,273,15,7
1696710840,10,8,6,274,15,7
1696710900,10,8,6,275,15,7
1696710960,10,8,6,276,15,7
1696711020,10,8,6,277,15,7
1696711080,10,8,6,278,15,9
1696711140,10,8,6,279,15,9
1696711200,10,8,6,280,15,9
1696711260,10,8,6,281,15,9
1696711320,10,8,6,282,15,9
1696711380,10,8,6,283,15,9
1696711440,10,8,6,284,15,9
1696711500,10,8,6,285,15,9
1696711560,10,8,6,286,15,9
1696711620,10,8,6,287,15,9
1696711680,10,8,6,288,15,9
1696711740,10,8,6,289,15,9
1696711800,10,8,6,290,15,9
1696711860,10,8,6,291,15,9
1696711920,10,8,6,292,15,9
1696711980,10,8,6,293,15,9
1696712040,10,8,6,294,15,9
1696712100,10,8,6,295,15,9
1696712160,10,8,6,296,15,9
1696712220,10,8,6,297,15,9
1696712280,10,8,6,298,15,9
1696712340,10,8,6,299,15,9
1696712400,10,8,6,300,15,9
1696712460,10,8,6,301,15,9
1696712520,10,8,6,302,15,9
1696712580,10,8,6,303,15,9
1696712640,10,8,6,304,15,9
1696712700,10,8,6,305,15,9
1696712760,10,8,6,306,15,9
1696712820,10,8,6,307,15,9
1696712880,10,8,6,308,15,9
1696712940,10,8,6,309,15,9
1696713000,10,8,6,310,15,9
1696713060,10,8,6,311,15,9
1696713120,10,8,6,312,15,9
1696713180,10,8,6,313,15,9
1696713240,10,8,6,314,15,9
1696713300,10,8,6,315,15,9
1696713360,10,8,6,316,15,9
1696713420,10,8,6,317,15,9
1696713480,10,8,6,318,15,9
1696713540,10,8,6,319,15,9
1696713660,10,8,6,321,15,9
1696713720,10,8,6,322,15,9
1696713780,10,8,6,323,15,9
1696713840,10,8,6,324,15,9
1696713900,10,8,6,325,15,9
1696713960,10,8,6,326,15,9
1696714020,10,8,6,327,15,9
1696714080,10,8,6,328,15,9
1696714140,10,8,6,329,15,9
1696714200,10,8,6,330,15,9
1696714260,10,8,6,331,15,9
1696714320,10,8,6,332,15,9
1696714380,10,8,6,333,15,9
1696714440,10,8,6,334,15,9
1696714500,10,8,6,335,15,9
1696714560,10,8,6,336,15,9
1696714620,10,8,6,337,15,9
1696714680,10,8,6,338,15,9
1696714740,10,8,6,339,15,9
1696714800,10,8,6,340,15,9
1696714860,10,8,6,341,15,9
1696714920,10,8,6,342,15,9
1696714980,10,8,6,343,15,9
1696715040,10,8,6,344,15,9
1696715100,10,8,6,345,15,9
1696715160,10,8,6,346,15,9
1696715220,10,8,6,347,15,9
1696715280,10,8,6,348,15,9
1696715340,10,8,6,349,15,9
1696715400,10,8,6,350,15,9
1696715460,10,8,6,351,15,9
1696715520,10,8,6,352,15,9
1696715580,10,8,6,353,15,9
1696715640,10,8,6,354,15,9
1696715700,10,8,6,355,15,9
1696715760,10,8,6,356,15,9
1696715820,10,8,6,357,15,9
1696715880,10,8,6,358,15,9
1696715940,10,8,6,359,15,9
1696716000,10,8,6,360,15,9
1696716060,10,8,6,361,15,9
1696716120,10,8,6,362,15,9
1696716180,10,8,6,363,15,9
1696716240,10,8,6,364,15,9
1696716300,10,8,6,365,15,9
1696716360,10,8,6,366,15,9
1696716420,10,8,6,367,15,9
1696716480,10,8,6,368,15,9
1696716540,10,8,6,369,15,9
1696716600,10,8,6,370,15,8
1696716660,10,8,6,371,15,8
1696716720,10,8,6,372,15,8
1696716780,10,8,6,373,15,8
1696716840,10,8,6,374,15,8
1696716900,10,8,6,375,15,8
1696716960,10,8,6,376,15,8
1696717020,10,8,6,377,15,8
1696717080,10,8,6,378,15,8
1696717140,10,8,6,379,15,8
1696717260,10,8,6,381,15,8
1696717320,10,8,6,382,15,8
1696717380,10,8,6,383,15,9
1696717440,10,8,6,384,15,9
1696717500,10,8,6,385,15,9
1696717560,10,8,6,386,15,9
1696717620,10,8,6,387,15,10
1696717680,10,8,6,388,15,10
1696717740,10,8,6,389,15,10
1696717800,10,8,6,390,15,10
1696717860,10,8,6,391,15,10
1696717920,10,8,6,392,15,10
1696717980,10,8,6,393,15,10
1696718040,10,8,6,394,15,10
1696718100,10,8,6,395,15,10
1696718160,10,8,6,396,15,10
1696718220,10,8,6,397,15,10
1696718280,10,8,6,398,15,10
1696718340,10,8,6,399,15,11
1696718400,10,8,6,400,15,11
1696718460,10,8,6,401,15,10
1696718520,10,8,6,402,15,10
1696718580,10,8,6,403,15,10
1696718640,10,8,6,404,15,10
1696718700,10,8,6,405,15,10
1696718760,10,8,6,406,15,10
1696718820,10,8,6,407,15,10
1696718880,10,8,6,408,15,10
1696718940,10,8,6,409,15,10
1696719000,10,8,6,410,15,10
1696719060,10,8,6,411,15,10
1696719120,10,8,6,412,15,10
1696719180,10,8,6,413,15,9
1696719240,10,8,6,414,15,9
1696719300,10,8,6,415,15,9
1696719360,10,8,6,416,15,9
1696719420,10,8,6,417,15,9
1696719480,10,8,6,418,15,9
1696719540,10,8,6,419,15,9
1696719600,10,8,6,420,15,9
1696719660,10,8,6,421,15,9
1696719720,10,8,6,422,15,9
1696719780,10,8,6,423,15,9
1696719840,10,8,6,424,15,9
1696719900,10,8,6,425,15,9
1696719960,10,8,6,426,15,9
1696720020,10,8,6,427,15,9
1696720080,10,8,6,428,15,9
1696720140,10,8,6,429,15,9
1696720200,10,8,6,430,15,9
1696720260,10,8,6,431,15,9
1696720320,10,8,6,432,15,9
1696720380,10,8,6,433,15,9
1696720440,10,8,6,434,15,9
1696720500,10,8,6,435,15,9
1696720560,10,8,6,436,15,9
1696720620,10,8,6,437,15,9
1696720680,10,8,6,438,15,9
1696720740,10,8,6,439,15,9
1696720860,10,8,6,441,15,9
1696720920,10,8,6,442,15,9
1696720980,10,8,6,443,15,9
1696721040,10,8,6,444,15,9
1696721100,10,8,6,445,15,9
1696721160,10,8,6,446,15,9
1696721220,10,8,6,447,15,9
1696721280,10,8,6,448,15,9
1696721340,10,8,6,449,15,9
1696721400,10,8,6,450,15,9
1696721460,10,8,6,451,15,9
1696721520,10,8,6,452,15,9
1696721580,10,8,6,453,15,9
1696721640,10,8,6,454,15,9
1696721700,10,8,6,455,15,10
1696721760,10,8,6,456,15,10
1696721820,10,8,6,457,15,10
1696721880,10,8,6,458,15,10
1696721940,10,8,6,459,15,10
1696722000,10,8,6,460,15,10
1696722060,10,8,6,461,15,10
1696722120,10,8,6,462,15,10
1696722180,10,8,6,463,15,10
1696722240,10,8,6,464,15,10
1696722300,10,8,6,465,15,10
1696722360,10,8,6,466,15,10
1696722420,10,8,6,467,15,10
1696722480,10,8,6,468,15,10
1696722540,10,8,6,469,15,10
1696722600,10,8,6,470,15,10
1696722660,10,8,6,471,15,10
1696722720,10,8,6,472,15,10
1696722780,10,8,6,473,15,10
1696722840,10,8,6,474,15,10
1696722900,10,8,6,475,15,10
1696722960,10,8,6,476,15,10
1696723020,10,8,6,477,15,10
1696723080,10,8,6,478,15,10
1696723140,10,8,6,479,15,10
1696723200,10,8,6,480,15,10
1696723320,10,8,6,482,15,10
1696723380,10,8,6,483,15,10
1696723440,10,8,6,484,15,10
1696723560,10,8,6,486,15,10
1696723620,10,8,6,487,15,10
1696723680,10,8,6,488,15,10
1696723740,10,8,6,489,15,10
1696723800,10,8,6,490,15,10
1696723860,10,8,6,491,15,9
1696723920,10,8,6,492,15,9
1696723980,10,8,6,493,15,9
1696724040,10,8,6,494,15,9
1696724100,10,8,6,495,15,9
1696724160,10,8,6,496,15,9
1696724220,10,8,6,497,15,9
1696724280,10,8,6,498,15,9
1696724340,10,8,6,499,15,9
1696724460,10,8,6,501,15,9
1696724520,10,8,6,502,15,9
1696724580,10,8,6,503,15,9
1696724640,10,8,6,504,15,9
1696724700,10,8,6,505,15,9
1696724760,10,8,6,506,15,9
1696724820,10,8,6,507,15,9
1696724880,10,8,6,508,15,10
1696724940,10,8,6,509,15,10
1696725000,10,8,6,510,15,10
1696725060,10,8,6,511,15,10
1696725120,10,8,6,512,15,10
1696725180,10,8,6,513,15,10
1696725240,10,8,6,514,15,10
1696725300,10,8,6,515,15,10
1696725360,10,8,6,516,15,10
1696725420,10,8,6,517,15,10
1696725480,10,8,6,518,15,10
1696725540,10,8,6,519,15,10
1696725600,10,8,6,520,15,10
1696725660,10,8,6,521,15,10
1696725720,10,8,6,522,15,10
1696725780,10,8,6,523,15,10
1696725840,10,8,6,524,15,11
1696725900,10,8,6,525,15,10
1696725960,10,8,6,526,15,10
1696726020,10,8,6,527,15,10
1696726080,10,8,6,528,15,10
1696726140,10,8,6,529,15,11
1696726200,10,8,6,530,15,11
1696726260,10,8,6,531,15,11
1696726320,10,8,6,532,15,11
1696726380,10,8,6,533,15,11
1696726440,10,8,6,534,15,12
1696726500,10,8,6,535,15,12
1696726560,10,8,6,536,15,12
1696726620,10,8,6,537,15,12
1696726680,10,8,6,538,15,12
1696726740,10,8,6,539,15,12
1696726860,10,8,6,541,15,12
1696726920,10,8,6,542,15,12
1696726980,10,8,6,543,15,12
1696727040,10,8,6,544,15,12
1696727100,10,8,6,545,15,13
1696727160,10,8,6,546,15,13
1696727220,10,8,6,547,15,13
1696727280,10,8,6,548,15,13
1696727340,10,8,6,549,15,13
1696727400,10,8,6,550,15,13
1696727460,10,8,6,551,15,13
1696727520,10,8,6,552,15,12
1696727580,10,8,6,553,15,12
1696727640,10,8,6,554,15,11
1696727700,10,8,6,555,15,11
1696727760,10,8,6,556,15,11
1696727820,10,8,6,557,15,11
1696727880,10,8,6,558,15,12
1696727940,10,8,6,559,15,12
1696728060,10,8,6,561,15,11
1696728120,10,8,6,562,15,11
1696728180,10,8,6,563,15,10
1696728240,10,8,6,564,15,10
1696728300,10,8,6,565,15,10
1696728360,10,8,6,566,15,10
1696728420,10,8,6,567,15,9
1696728480,10,8,6,568,15,9
1696728540,10,8,6,569,15,9
1696728660,10,8,6,571,15,9
1696728720,10,8,6,572,15,9
1696728780,10,8,6,573,15,9
1696728840,10,8,6,574,15,8
1696728900,10,8,6,575,15,8
1696728960,10,8,6,576,15,7
1696729020,10,8,6,577,15,7
1696729080,10,8,6,578,15,7
1696729140,10,8,6,579,15,7
1696729200,10,8,6,580,15,7
1696729260,10,8,6,581,15,7
1696729320,10,8,6,582,15,8
1696729380,10,8,6,583,15,8
1696729440,10,8,6,584,15,8
1696729500,10,8,6,585,15,8
1696729560,10,8,6,586,15,8
1696729620,10,8,6,587,15,8
1696729680,10,8,6,588,15,8
1696729740,10,8,6,589,15,8
1696729800,10,8,6,590,15,8
1696729860,10,8,6,591,15,8
1696729920,10,8,6,592,15,8
1696729980,10,8,6,593,15,8
1696730040,10,8,6,594,15,8
1696730100,10,8,6,595,15,8
1696730160,10,8,6,596,15,8
1696730220,10,8,6,597,15,8
1696730280,10,8,6,598,15,7
1696730340,10,8,6,599,15,7
1696730460,10,8,6,601,15,7
1696730520,10,8,6,602,15,7
1696730580,10,8,6,603,15,7
1696730640,10,8,6,604,15,7
1696730700,10,8,6,605,15,7
1696730760,10,8,6,606,15,7
1696730820,10,8,6,607,15,7
1696730880,10,8,6,608,15,7
1696730940,10,8,6,609,15,7
1696731000,10,8,6,610,15,7
1696731060,10,8,6,611,15,7
1696731120,10,8,6,612,15,7
1696731180,10,8,6,613,15,7
1696731240,10,8,6,614,15,7
1696731300,10,8,6,615,15,7
1696731360,10,8,6,616,15,8
1696731420,10,8,6,617,15,8
1696731480,10,8,6,618,15,8
1696731540,10,8,6,619,15,8
1696731660,10,8,6,621,15,8
1696731720,10,8,6,622,15,8
1696731780,10,8,6,623,15,8
1696731840,10,8,6,624,15,8
1696731900,10,8,6,625,15,8
1696731960,10,8,6,626,15,8
1696732020,10,8,6,627,15,8
1696732080,10,8,6,628,15,8
1696732140,10,8,6,629,15,8
1696732260,10,8,6,631,15,8
1696732320,10,8,6,632,15,8
1696732380,10,8,6,633,15,8
1696732440,10,8,6,634,15,8
1696732500,10,8,6,635,15,8
1696732560,10,8,6,636,15,7
1696732620,10,8,6,637,15,7
1696732680,10,8,6,638,15,7
1696732740,10,8,6,639,15,7
1696732800,10,8,6,640,15,7
1696732860,10,8,6,641,15,7
1696732920,10,8,6,642,15,7
1696732980,10,8,6,643,15,7
1696733040,10,8,6,644,15,7
1696733100,10,8,6,645,15,7
1696733160,10,8,6,646,15,7
1696733220,10,8,6,647,15,7
1696733280,10,8,6,648,15,7
1696733340,10,8,6,649,15,7
1696733400,10,8,6,650,15,7
1696733460,10,8,6,651,15,6
1696733520,10,8,6,652,15,5
1696733580,10,8,6,653,15,4
1696733640,10,8,6,654,15,4
1696733700,10,8,6,655,15,4
1696733760,10,8,6,656,15,5
1696733820,10,8,6,657,15,5
1696733880,10,8,6,658,15,5
1696733940,10,8,6,659,15,5
1696734060,10,8,6,661,15,5
1696734120,10,8,6,662,15,5
1696734180,10,8,6,663,15,5
1696734240,10,8,6,664,15,5
1696734300,10,8,6,665,15,5
1696734360,10,8,6,666,15,5
1696734420,10,8,6,667,15,5
1696734480,10,8,6,668,15,4
1696734540,10,8,6,669,15,4
1696734600,10,8,6,670,15,5
1696734660,10,8,6,671,15,5
1696734720,10,8,6,672,15,5
1696734780,10,8,6,673,15,5
1696734840,10,8,6,674,15,5
1696734900,10,8,6,675,15,5
1696734960,10,8,6,676,15,5
1696735020,10,8,6,677,15,5
1696735080,10,8,6,678,15,3
1696735140,10,8,6,679,15,3
1696735260,10,8,6,681,15,3
1696735320,10,8,6,682,15,3
1696735380,10,8,6,683,15,2
1696735440,10,8,6,684,15,2
1696735500,10,8,6,685,15,2
1696735560,10,8,6,686,15,2
1696735620,10,8,6,687,15,2
1696735680,10,8,6,688,15,2
1696735740,10,8,6,689,15,2
1696735800,10,8,6,690,15,1
1696735920,10,8,6,692,15,0
1696735980,10,8,6,693,15,0
1696736040,10,8,6,694,15,0
1696736100,10,8,6,695,15,0
1696736160,10,8,6,696,15,0
1696736220,10,8,6,697,15,0
1696736280,10,8,6,698,15,0
1696736340,10,8,6,699,15,0
1696736400,10,8,6,700,15,0
1696736460,10,8,6,701,15,0
1696736520,10,8,6,702,15,0
1696736580,10,8,6,703,15,0
1696736640,10,8,6,704,15,0
1696736700,10,8,6,705,15,0
1696736760,10,8,6,706,15,0
1696736820,10,8,6,707,15,0
1696736880,10,8,6,708,15,0
1696736940,10,8,6,709,15,2
1696737000,10,8,6,710,15,2
1696737060,10,8,6,711,15,1
1696737120,10,8,6,712,15,1
1696737180,10,8,6,713,15,1
1696737240,10,8,6,714,15,1
1696737300,10,8,6,715,15,1
1696737360,10,8,6,716,15,2
1696737420,10,8,6,717,15,2
1696737480,10,8,6,718,15,2
1696737540,10,8,6,719,15,3
1696737660,10,8,6,721,15,2
1696737720,10,8,6,722,15,1
1696737780,10,8,6,723,15,1
1696737840,10,8,6,724,15,1
1696737900,10,8,6,725,15,1
1696737960,10,8,6,726,15,1
1696738020,10,8,6,727,15,0
1696738080,10,8,6,728,15,0
1696738140,10,8,6,729,15,0
1696738200,10,8,6,730,15,0
1696738260,10,8,6,731,15,0
1696738320,10,8,6,732,15,1
1696738380,10,8,6,733,15,0
1696738440,10,8,6,734,15,0
1696738500,10,8,6,735,15,0
1696738560,10,8,6,736,15,0
1696738620,10,8,6,737,15,0
1696738680,10,8,6,738,15,0
1696738740,10,8,6,739,15,0
1696738860,10,8,6,741,15,1
1696738920,10,8,6,742,15,1
1696738980,10,8,6,743,15,1
1696739040,10,8,6,744,15,0
1696739100,10,8,6,745,15,0
1696739160,10,8,6,746,15,0
1696739220,10,8,6,747,15,0
1696739280,10,8,6,748,15,0
1696739340,10,8,6,749,15,0
1696739460,10,8,6,751,15,1
1696739520,10,8,6,752,15,1
1696739640,10,8,6,754,15,1
1696739700,10,8,6,755,15,0
1696739760,10,8,6,756,15,0
1696739820,10,8,6,757,15,0
1696739880,10,8,6,758,15,0
1696739940,10,8,6,759,15,0
1696740000,10,8,6,760,15,0
1696740060,10,8,6,761,15,0
1696740120,10,8,6,762,15,0
1696740180,10,8,6,763,15,0
1696740240,10,8,6,764,15,0
1696740300,10,8,6,765,15,0
1696740360,10,8,6,766,15,0
1696740420,10,8,6,767,15,0
1696740480,10,8,6,768,15,0
1696740540,10,8,6,769,15,0
1696740600,10,8,6,770,15,0
1696740660,10,8,6,771,15,0
1696740720,10,8,6,772,15,0
1696740780,10,8,6,773,15,0
1696740840,10,8,6,774,15,1
1696740900,10,8,6,775,15,1
1696740960,10,8,6,776,15,0
1696741020,10,8,6,777,15,0
1696741080,10,8,6,778,15,0
1696741140,10,8,6,779,15,0
1696741260,10,8,6,781,15,0
1696741320,10,8,6,782,15,0
1696741380,10,8,6,783,15,0
1696741440,10,8,6,784,15,0
1696741500,10,8,6,785,15,0
1696741560,10,8,6,786,15,0
1696741620,10,8,6,787,15,0
1696741680,10,8,6,788,15,0
1696741740,10,8,6,789,15,0
1696741800,10,8,6,790,15,0
1696741860,10,8,6,791,15,0
1696741920,10,8,6,792,15,0
1696741980,10,8,6,793,15,0
1696742040,10,8,6,794,15,0
1696742100,10,8,6,795,15,0
1696742160,10,8,6,796,15,0
1696742220,10,8,6,797,15,0
1696742280,10,8,6,798,15,0
1696742340,10,8,6,799,15,0
1696742460,10,8,6,801,15,0
1696742520,10,8,6,802,15,0
1696742580,10,8,6,803,15,0
1696742640,10,8,6,804,15,0
1696742700,10,8,6,805,15,0
1696742760,10,8,6,806,15,0
1696742820,10,8,6,807,15,0
1696742880,10,8,6,808,15,0
1696742940,10,8,6,809,15,0
1696743060,10,8,6,811,15,0
1696743120,10,8,6,812,15,0
1696743180,10,8,6,813,15,0
1696743240,10,8,6,814,15,0
1696743300,10,8,6,815,15,0
1696743360,10,8,6,816,15,0
1696743420,10,8,6,817,15,0
1696743480,10,8,6,818,15,0
1696743540,10,8,6,819,15,0
1696743600,10,8,6,820,15,0
1696743660,10,8,6,821,15,0
1696743720,10,8,6,822,15,0
1696743780,10,8,6,823,15,0
1696743840,10,8,6,824,15,0
1696743900,10,8,6,825,15,0
1696743960,10,8,6,826,15,0
1696744020,10,8,6,827,15,0
1696744080,10,8,6,828,15,1
1696744140,10,8,6,829,15,1
1696744200,10,8,6,830,15,1
1696744260,10,8,6,831,15,1
1696744320,10,8,6,832,15,2
1696744380,10,8,6,833,15,2
1696744440,10,8,6,834,15,2
1696744500,10,8,6,835,15,2
1696744560,10,8,6,836,15,1
1696744620,10,8,6,837,15,1
1696744680,10,8,6,838,15,1
1696744740,10,8,6,839,15,1
1696744860,10,8,6,841,15,1
1696744920,10,8,6,842,15,1
1696744980,10,8,6,843,15,0
1696745040,10,8,6,844,15,0
1696745100,10,8,6,845,15,0
1696745160,10,8,6,846,15,0
1696745220,10,8,6,847,15,0
1696745280,10,8,6,848,15,0
1696745340,10,8,6,849,15,0
1696745400,10,8,6,850,15,0
1696745460,10,8,6,851,15,0
1696745520,10,8,6,852,15,2
1696745580,10,8,6,853,15,2
1696745640,10,8,6,854,15,2
1696745700,10,8,6,855,15,2
1696745760,10,8,6,856,15,1
1696745820,10,8,6,857,15,1
1696745880,10,8,6,858,15,1
1696745940,10,8,6,859,15,2
1696746060,10,8,6,861,15,1
1696746120,10,8,6,862,15,1
1696746180,10,8,6,863,15,0
1696746240,10,8,6,864,15,0
1696746300,10,8,6,865,15,0
1696746360,10,8,6,866,15,0
1696746420,10,8,6,867,15,0
1696746480,10,8,6,868,15,0
1696746540,10,8,6,869,15,0
1696746660,10,8,6,871,15,0
1696746720,10,8,6,872,15,0
1696746780,10,8,6,873,15,0
1696746840,10,8,6,874,15,0
1696746900,10,8,6,875,15,0
1696746960,10,8,6,876,15,0
1696747020,10,8,6,877,15,0
1696747080,10,8,6,878,15,0
1696747140,10,8,6,879,15,0
1696747200,10,8,6,880,15,0
1696747260,10,8,6,881,15,0
1696747320,10,8,6,882,15,0
1696747380,10,8,6,883,15,0
1696747440,10,8,6,884,15,0
1696747500,10,8,6,885,15,0
1696747560,10,8,6,886,15,0
1696747620,10,8,6,887,15,0
1696747680,10,8,6,888,15,0
1696747740,10,8,6,889,15,0
1696747800,10,8,6,890,15,0
1696747860,10,8,6,891,15,0
1696747920,10,8,6,892,15,0
1696747980,10,8,6,893,15,0
1696748040,10,8,6,894,15,0
1696748100,10,8,6,895,15,0
1696748160,10,8,6,896,15,0
1696748220,10,8,6,897,15,0
1696748280,10,8,6,898,15,1
1696748340,10,8,6,899,15,1
1696748460,10,8,6,901,15,1
1696748520,10,8,6,902,15,1
1696748580,10,8,6,903,15,1
1696748640,10,8,6,904,15,1
1696748700,10,8,6,905,15,1
1696748760,10,8,6,906,15,0
1696748820,10,8,6,907,15,0
1696748880,10,8,6,908,15,0
1696748940,10,8,6,909,15,0
1696749000,10,8,6,910,15,0
1696749060,10,8,6,911,15,0
1696749120,10,8,6,912,15,0
1696749180,10,8,6,913,15,0
1696749240,10,8,6,914,15,0
1696749300,10,8,6,915,15,0
1696749360,10,8,6,916,15,0
1696749420,10,8,6,917,15,0
1696749480,10,8,6,918,15,0
1696749540,10,8,6,919,15,1
1696749660,10,8,6,921,15,1
1696749720,10,8,6,922,15,1
1696749780,10,8,6,923,15,1
1696749840,10,8,6,924,15,1
1696749900,10,8,6,925,15,0
1696749960,10,8,6,926,15,1
1696750020,10,8,6,927,15,1
1696750080,10,8,6,928,15,1
1696750140,10,8,6,929,15,1
1696750260,10,8,6,931,15,1
1696750320,10,8,6,932,15,1
1696750380,10,8,6,933,15,0
1696750440,10,8,6,934,15,0
1696750500,10,8,6,935,15,0
1696750560,10,8,6,936,15,0
1696750620,10,8,6,937,15,0
1696750680,10,8,6,938,15,0
1696750740,10,8,6,939,15,0
1696750800,10,8,6,940,15,0
1696750860,10,8,6,941,15,0
1696750920,10,8,6,942,15,0
1696750980,10,8,6,943,15,0
1696751040,10,8,6,944,15,0
1696751100,10,8,6,945,15,0
1696751160,10,8,6,946,15,0
1696751220,10,8,6,947,15,0
1696751280,10,8,6,948,15,0
1696751340,10,8,6,949,15,0
1696751400,10,8,6,950,15,0
1696751460,10,8,6,951,15,0
1696751520,10,8,6,952,15,0
1696751580,10,8,6,953,15,0
1696751640,10,8,6,954,15,0
1696751700,10,8,6,955,15,0
1696751760,10,8,6,956,15,0
1696751820,10,8,6,957,15,0
1696751880,10,8,6,958,15,0
1696751940,10,8,6,959,15,0
1696752000,10,8,6,960,15,2
1696752120,10,8,6,962,15,2
1696752180,10,8,6,963,15,2
1696752240,10,8,6,964,15,1
1696752300,10,8,6,965,15,1
1696752360,10,8,6,966,15,0
1696752420,10,8,6,967,15,0
1696752480,10,8,6,968,15,0
1696752540,10,8,6,969,15,0
1696752600,10,8,6,970,15,0
1696752660,10,8,6,971,15,0
1696752720,10,8,6,972,15,0
1696752780,10,8,6,973,15,0
1696752840,10,8,6,974,15,0
1696752900,10,8,6,975,15,0
1696752960,10,8,6,976,15,0
1696753020,10,8,6,977,15,0
1696753080,10,8,6,978,15,0
1696753140,10,8,6,979,15,0
1696753260,10,8,6,981,15,0
1696753320,10,8,6,982,15,0
1696753380,10,8,6,983,15,0
1696753440,10,8,6,984,15,0
1696753500,10,8,6,985,15,2
1696753560,10,8,6,986,15,2
1696753620,10,8,6,987,15,2
1696753680,10,8,6,988,15,2
1696753740,10,8,6,989,15,2
1696753860,10,8,6,991,15,2
1696753920,10,8,6,992,15,2
1696753980,10,8,6,993,15,2
1696754040,10,8,6,994,15,1
1696754100,10,8,6,995,15,1
1696754160,10,8,6,996,15,1
1696754220,10,8,6,997,15,1
1696754280,10,8,6,998,15,1
1696754340,10,8,6,999,15,1
1696754400,10,8,6,1000,15,1
1696754460,10,8,6,1001,15,1
1696754520,10,8,6,1002,15,2
1696754580,10,8,6,1003,15,2
1696754640,10,8,6,1004,15,2
1696754700,10,8,6,1005,15,3
1696754760,10,8,6,1006,15,3
1696754820,10,8,6,1007,15,3
1696754880,10,8,6,1008,15,2
1696754940,10,8,6,1009,15,2
1696755000,10,8,6,1010,15,2
1696755060,10,8,6,1011,15,2
1696755120,10,8,6,1012,15,2
1696755180,10,8,6,1013,15,2
1696755240,10,8,6,1014,15,2
1696755300,10,8,6,1015,15,2
1696755360,10,8,6,1016,15,2
1696755420,10,8,6,1017,15,2
1696755480,10,8,6,1018,15,3
1696755540,10,8,6,1019,15,2
1696755660,10,8,6,1021,15,0
1696755720,10,8,6,1022,15,1
1696755780,10,8,6,1023,15,1
1696755840,10,8,6,1024,15,1
1696755900,10,8,6,1025,15,2
1696755960,10,8,6,1026,15,2
1696756020,10,8,6,1027,15,1
1696756080,10,8,6,1028,15,3
1696756140,10,8,6,1029,15,3
1696756200,10,8,6,1030,15,3
1696756260,10,8,6,1031,15,3
1696756320,10,8,6,1032,15,3
1696756380,10,8,6,1033,15,3
1696756440,10,8,6,1034,15,3
1696756500,10,8,6,1035,15,3
1696756560,10,8,6,1036,15,3
1696756620,10,8,6,1037,15,3
1696756680,10,8,6,1038,15,3
1696756740,10,8,6,1039,15,3
1696756860,10,8,6,1041,15,3
1696756920,10,8,6,1042,15,3
1696756980,10,8,6,1043,15,3
1696757040,10,8,6,1044,15,3
1696757100,10,8,6,1045,15,3
1696757160,10,8,6,1046,15,3
1696757220,10,8,6,1047,15,3
1696757280,10,8,6,1048,15,3
1696757340,10,8,6,1049,15,3
1696757400,10,8,6,1050,15,3
1696757520,10,8,6,1052,15,6
1696757580,10,8,6,1053,15,6
1696757640,10,8,6,1054,15,6
1696757700,10,8,6,1055,15,7
1696757760,10,8,6,1056,15,7
1696757820,10,8,6,1057,15,7
1696757880,10,8,6,1058,15,7
1696757940,10,8,6,1059,15,7
1696758000,10,8,6,1060,15,7
1696758060,10,8,6,1061,15,7
1696758120,10,8,6,1062,15,7
1696758180,10,8,6,1063,15,7
1696758240,10,8,6,1064,15,7
1696758300,10,8,6,1065,15,7
1696758360,10,8,6,1066,15,8
1696758420,10,8,6,1067,15,8
1696758480,10,8,6,1068,15,8
1696758540,10,8,6,1069,15,8
1696758600,10,8,6,1070,15,8
1696758660,10,8,6,1071,15,8
1696758720,10,8,6,1072,15,8
1696758780,10,8,6,1073,15,8
1696758840,10,8,6,1074,15,8
1696758900,10,8,6,1075,15,8
1696758960,10,8,6,1076,15,8
1696759020,10,8,6,1077,15,8
1696759080,10,8,6,1078,15,8
1696759140,10,8,6,1079,15,8
1696759260,10,8,6,1081,15,7
1696759320,10,8,6,1082,15,7
1696759380,10,8,6,1083,15,7
1696759440,10,8,6,1084,15,7
1696759500,10,8,6,1085,15,7
1696759560,10,8,6,1086,15,7
1696759620,10,8,6,1087,15,7
1696759680,10,8,6,1088,15,7
1696759740,10,8,6,1089,15,7
1696759800,10,8,6,1090,15,7
1696759860,10,8,6,1091,15,7
1696759920,10,8,6,1092,15,7
1696759980,10,8,6,1093,15,7
1696760040,10,8,6,1094,15,7
1696760100,10,8,6,1095,15,7
1696760160,10,8,6,1096,15,7
1696760220,10,8,6,1097,15,7
1696760280,10,8,6,1098,15,7
1696760340,10,8,6,1099,15,7
1696760460,10,8,6,1101,15,7
1696760520,10,8,6,1102,15,7
1696760580,10,8,6,1103,15,7
1696760640,10,8,6,1104,15,6
1696760700,10,8,6,1105,15,6
1696760760,10,8,6,1106,15,7
1696760820,10,8,6,1107,15,7
1696760880,10,8,6,1108,15,7
1696760940,10,8,6,1109,15,7
1696761000,10,8,6,1110,15,7
1696761060,10,8,6,1111,15,6
1696761120,10,8,6,1112,15,5
1696761180,10,8,6,1113,15,5
1696761240,10,8,6,1114,15,5
1696761300,10,8,6,1115,15,6
1696761360,10,8,6,1116,15,6
1696761420,10,8,6,1117,15,6
1696761480,10,8,6,1118,15,5
1696761540,10,8,6,1119,15,5
1696761600,10,8,6,1120,15,5
1696761660,10,8,6,1121,15,5
1696761720,10,8,6,1122,15,5
1696761780,10,8,6,1123,15,5
1696761840,10,8,6,1124,15,5
1696761900,10,8,6,1125,15,4
1696761960,10,8,6,1126,15,4
1696762020,10,8,6,1127,15,4
1696762080,10,8,6,1128,15,4
1696762140,10,8,6,1129,15,4
1696762200,10,8,6,1130,15,4
1696762260,10,8,6,1131,15,4
1696762320,10,8,6,1132,15,4
1696762380,10,8,6,1133,15,4
1696762440,10,8,6,1134,15,4
1696762500,10,8,6,1135,15,4
1696762560,10,8,6,1136,15,4
1696762620,10,8,6,1137,15,4
1696762680,10,8,6,1138,15,4
1696762740,10,8,6,1139,15,4
1696762860,10,8,6,1141,15,4
1696762920,10,8,6,1142,15,3
1696762980,10,8,6,1143,15,3
1696763040,10,8,6,1144,15,3
1696763100,10,8,6,1145,15,3
1696763160,10,8,6,1146,15,3
1696763220,10,8,6,1147,15,4
1696763280,10,8,6,1148,15,4
1696763340,10,8,6,1149,15,4
1696763400,10,8,6,1150,15,4
1696763460,10,8,6,1151,15,4
1696763520,10,8,6,1152,15,3
1696763580,10,8,6,1153,15,3
1696763640,10,8,6,1154,15,3
1696763700,10,8,6,1155,15,3
1696763760,10,8,6,1156,15,3
1696763820,10,8,6,1157,15,3
1696763880,10,8,6,1158,15,3
1696763940,10,8,6,1159,15,3
1696764060,10,8,6,1161,15,3
1696764120,10,8,6,1162,15,3
1696764180,10,8,6,1163,15,3
1696764240,10,8,6,1164,15,3
1696764300,10,8,6,1165,15,3
1696764360,10,8,6,1166,15,3
1696764420,10,8,6,1167,15,3
1696764480,10,8,6,1168,15,3
1696764540,10,8,6,1169,15,3
1696764600,10,8,6,1170,15,3
1696764660,10,8,6,1171,15,3
1696764720,10,8,6,1172,15,3
1696764780,10,8,6,1173,15,3
1696764840,10,8,6,1174,15,3
1696764900,10,8,6,1175,15,3
1696764960,10,8,6,1176,15,3
1696765020,10,8,6,1177,15,3
1696765080,10,8,6,1178,15,3
1696765140,10,8,6,1179,15,3
1696765200,10,8,6,1180,15,2
1696765260,10,8,6,1181,15,2
1696765320,10,8,6,1182,15,2
1696765380,10,8,6,1183,15,2
1696765440,10,8,6,1184,15,2
1696765500,10,8,6,1185,15,2
1696765560,10,8,6,1186,15,2
1696765620,10,8,6,1187,15,2
1696765680,10,8,6,1188,15,2
1696765740,10,8,6,1189,15,2
1696765800,10,8,6,1190,15,2
1696765860,10,8,6,1191,15,2
1696765920,10,8,6,1192,15,0
1696765980,10,8,6,1193,15,0
1696766040,10,8,6,1194,15,0
1696766100,10,8,6,1195,15,0
1696766160,10,8,6,1196,15,0
1696766220,10,8,6,1197,15,0
1696766280,10,8,6,1198,15,0
1696766340,10,8,6,1199,15,0
1696766460,10,8,6,1201,15,0
1696766520,10,8,6,1202,15,0
1696766580,10,8,6,1203,15,0
1696766640,10,8,6,1204,15,0
1696766700,10,8,6,1205,15,0
1696766760,10,8,6,1206,15,0
1696766820,10,8,6,1207,15,0
1696766880,10,8,6,1208,15,0
1696766940,10,8,6,1209,15,0
1696767000,10,8,6,1210,15,0
1696767060,10,8,6,1211,15,0
1696767120,10,8,6,1212,15,0
1696767180,10,8,6,1213,15,0
1696767240,10,8,6,1214,15,1
1696767300,10,8,6,1215,15,1
1696767360,10,8,6,1216,15,1
1696767420,10,8,6,1217,15,1
1696767480,10,8,6,1218,15,1
1696767540,10,8,6,1219,15,1
1696767660,10,8,6,1221,15,1
1696767720,10,8,6,1222,15,1
1696767780,10,8,6,1223,15,1
1696767840,10,8,6,1224,15,1
1696767900,10,8,6,1225,15,1
1696767960,10,8,6,1226,15,1
1696768020,10,8,6,1227,15,1
1696768080,10,8,6,1228,15,1
1696768140,10,8,6,1229,15,3
1696768200,10,8,6,1230,15,3
1696768260,10,8,6,1231,15,3
1696768320,10,8,6,1232,15,3
1696768380,10,8,6,1233,15,3
1696768440,10,8,6,1234,15,3
1696768500,10,8,6,1235,15,3
1696768560,10,8,6,1236,15,3
1696768620,10,8,6,1237,15,3
1696768680,10,8,6,1238,15,3
1696768740,10,8,6,1239,15,3
1696768800,10,8,6,1240,15,3
1696768860,10,8,6,1241,15,3
1696768920,10,8,6,1242,15,3
1696768980,10,8,6,1243,15,3
1696769040,10,8,6,1244,15,3
1696769100,10,8,6,1245,15,3
1696769160,10,8,6,1246,15,3
1696769220,10,8,6,1247,15,3
1696769280,10,8,6,1248,15,3
1696769340,10,8,6,1249,15,4
1696769400,10,8,6,1250,15,4
1696769460,10,8,6,1251,15,4
1696769520,10,8,6,1252,15,4
1696769580,10,8,6,1253,15,4
1696769640,10,8,6,1254,15,4
1696769700,10,8,6,1255,15,4
1696769760,10,8,6,1256,15,4
1696769820,10,8,6,1257,15,4
1696769880,10,8,6,1258,15,4
1696769940,10,8,6,1259,15,4
1696770060,10,8,6,1261,15,4
1696770120,10,8,6,1262,15,4
1696770180,10,8,6,1263,15,4
1696770240,10,8,6,1264,15,4
1696770300,10,8,6,1265,15,4
1696770360,10,8,6,1266,15,4
1696770420,10,8,6,1267,15,4
1696770480,10,8,6,1268,15,4
1696770540,10,8,6,1269,15,4
1696770600,10,8,6,1270,15,4
1696770660,10,8,6,1271,15,4
1696770720,10,8,6,1272,15,4
1696770780,10,8,6,1273,15,4
1696770840,10,8,6,1274,15,4
1696770900,10,8,6,1275,15,4
1696770960,10,8,6,1276,15,4
1696771020,10,8,6,1277,15,4
1696771080,10,8,6,1278,15,4
1696771140,10,8,6,1279,15,4
1696771260,10,8,6,1281,15,4
1696771320,10,8,6,1282,15,4
1696771380,10,8,6,1283,15,4
1696771440,10,8,6,1284,15,4
1696771500,10,8,6,1285,15,5
1696771560,10,8,6,1286,15,5
1696771620,10,8,6,1287,15,5
1696771680,10,8,6,1288,15,5
1696771740,10,8,6,1289,15,5
1696771800,10,8,6,1290,15,5
1696771860,10,8,6,1291,15,5
1696771920,10,8,6,1292,15,5
1696771980,10,8,6,1293,15,5
1696772040,10,8,6,1294,15,5
1696772100,10,8,6,1295,15,5
1696772160,10,8,6,1296,15,5
1696772220,10,8,6,1297,15,5
1696772280,10,8,6,1298,15,5
1696772340,10,8,6,1299,15,5
1696772400,10,8,6,1300,15,5
1696772460,10,8,6,1301,15,5
1696772520,10,8,6,1302,15,5
1696772580,10,8,6,1303,15,5
1696772640,10,8,6,1304,15,5
1696772700,10,8,6,1305,15,5
1696772760,10,8,6,1306,15,5
1696772820,10,8,6,1307,15,6
1696772880,10,8,6,1308,15,6
1696772940,10,8,6,1309,15,6
1696773000,10,8,6,1310,15,6
1696773060,10,8,6,1311,15,6
1696773120,10,8,6,1312,15,6
1696773180,10,8,6,1313,15,6
1696773240,10,8,6,1314,15,7
1696773300,10,8,6,1315,15,7
1696773360,10,8,6,1316,15,7
1696773420,10,8,6,1317,15,7
1696773480,10,8,6,1318,15,7
1696773540,10,8,6,1319,15,7
1696773660,10,8,6,1321,15,7
1696773720,10,8,6,1322,15,8
1696773780,10,8,6,1323,15,8
1696773840,10,8,6,1324,15,8
1696773900,10,8,6,1325,15,8
1696773960,10,8,6,1326,15,8
1696774020,10,8,6,1327,15,9
1696774080,10,8,6,1328,15,9
1696774140,10,8,6,1329,15,9
1696774200,10,8,6,1330,15,9
1696774260,10,8,6,1331,15,9
1696774320,10,8,6,1332,15,9
1696774380,10,8,6,1333,15,9
1696774440,10,8,6,1334,15,9
1696774500,10,8,6,1335,15,9
1696774560,10,8,6,1336,15,9
1696774620,10,8,6,1337,15,10
1696774680,10,8,6,1338,15,10
1696774740,10,8,6,1339,15,10
1696774860,10,8,6,1341,15,10
1696774920,10,8,6,1342,15,10
1696774980,10,8,6,1343,15,10
1696775040,10,8,6,1344,15,10
1696775100,10,8,6,1345,15,10
1696775160,10,8,6,1346,15,10
1696775220,10,8,6,1347,15,11
1696775280,10,8,6,1348,15,11
1696775340,10,8,6,1349,15,12
1696775400,10,8,6,1350,15,12
1696775520,10,8,6,1352,15,12
1696775580,10,8,6,1353,15,12
1696775640,10,8,6,1354,15,12
1696775700,10,8,6,1355,15,12
1696775760,10,8,6,1356,15,12
1696775820,10,8,6,1357,15,12
1696775880,10,8,6,1358,15,12
1696775940,10,8,6,1359,15,12
1696776000,10,8,6,1360,15,14
1696776060,10,8,6,1361,15,14
1696776120,10,8,6,1362,15,14
1696776180,10,8,6,1363,15,14
1696776240,10,8,6,1364,15,15
1696776300,10,8,6,1365,15,15
1696776360,10,8,6,1366,15,14
1696776420,10,8,6,1367,15,15
1696776480,10,8,6,1368,15,15
1696776540,10,8,6,1369,15,15
1696776600,10,8,6,1370,15,15
1696776660,10,8,6,1371,15,15
1696776720,10,8,6,1372,15,15
1696776780,10,8,6,1373,15,15
1696776840,10,8,6,1374,15,15
1696776900,10,8,6,1375,15,15
1696776960,10,8,6,1376,15,15
1696777020,10,8,6,1377,15,15
1696777080,10,8,6,1378,15,15
1696777140,10,8,6,1379,15,15
1696777200,10,8,6,1380,15,15
1696777260,10,8,6,1381,15,15
1696777320,10,8,6,1382,15,15
1696777380,10,8,6,1383,15,15
1696777440,10,8,6,1384,15,15
1696777500,10,8,6,1385,15,15
1696777560,10,8,6,1386,15,15
1696777620,10,8,6,1387,15,15
1696777680,10,8,6,1388,15,15
1696777740,10,8,6,1389,15,15
1696777800,10,8,6,1390,15,15
1696777860,10,8,6,1391,15,15
1696777920,10,8,6,1392,15,15
1696777980,10,8,6,1393,15,15
1696778040,10,8,6,1394,15,15
1696778100,10,8,6,1395,15,15
1696778160,10,8,6,1396,15,14
1696778220,10,8,6,1397,15,14
1696778280,10,8,6,1398,15,14
1696778340,10,8,6,1399,15,14
1696778460,10,8,6,1401,15,14
1696778520,10,8,6,1402,15,14
1696778580,10,8,6,1403,15,14
1696778640,10,8,6,1404,15,14
1696778700,10,8,6,1405,15,14
1696778760,10,8,6,1406,15,14
1696778820,10,8,6,1407,15,14
1696778880,10,8,6,1408,15,14
1696778940,10,8,6,1409,15,14
1696779000,10,8,6,1410,15,14
1696779060,10,8,6,1411,15,14
1696779120,10,8,6,1412,15,13
1696779180,10,8,6,1413,15,13
1696779240,10,8,6,1414,15,13
1696779300,10,8,6,1415,15,13
1696779360,10,8,6,1416,15,13
1696779420,10,8,6,1417,15,13
1696779480,10,8,6,1418,15,13
1696779540,10,8,6,1419,15,13
1696779600,10,8,6,1420,15,13
1696779660,10,8,6,1421,15,13
1696779720,10,8,6,1422,15,13
1696779780,10,8,6,1423,15,13
1696779840,10,8,6,1424,15,13
1696779900,10,8,6,1425,15,13
1696779960,10,8,6,1426,15,13
1696780020,10,8,6,1427,15,13
1696780080,10,8,6,1428,15,13
1696780140,10,8,6,1429,15,13
1696780200,10,8,6,1430,15,13
1696780260,10,8,6,1431,15,13
1696780320,10,8,6,1432,15,12
1696780380,10,8,6,1433,15,12
1696780440,10,8,6,1434,15,12
1696780500,10,8,6,1435,15,12
1696780560,10,8,6,1436,15,12
1696780620,10,8,6,1437,15,12
1696780680,10,8,6,1438,15,12
1696780740,10,8,6,1439,15,12
1696780800,10,9,0,0,15,12
1696780860,10,9,0,1,15,12
1696780920,10,9,0,2,15,12
1696780980,10,9,0,3,15,12
1696781040,10,9,0,4,15,12
1696781100,10,9,0,5,15,12
1696781160,10,9,0,6,15,12
1696781220,10,9,0,7,15,12
1696781280,10,9,0,8,15,12
1696781340,10,9,0,9,15,13
1696781400,10,9,0,10,15,13
1696781460,10,9,0,11,15,14
1696781520,10,9,0,12,15,14
1696781580,10,9,0,13,15,14
1696781640,10,9,0,14,15,14
1696781700,10,9,0,15,15,14
1696781760,10,9,0,16,15,14
1696781820,10,9,0,17,15,14
1696781880,10,9,0,18,15,14
1696781940,10,9,0,19,15,14
1696782060,10,9,0,21,15,14
1696782120,10,9,0,22,15,14
1696782180,10,9,0,23,15,14
1696782240,10,9,0,24,15,14
1696782300,10,9,0,25,15,14
1696782360,10,9,0,26,15,14
1696782420,10,9,0,27,15,15
1696782480,10,9,0,28,15,15
1696782540,10,9,0,29,15,15
1696782600,10,9,0,30,15,15
1696782660,10,9,0,31,15,15
1696782720,10,9,0,32,15,14
1696782780,10,9,0,33,15,14
1696782840,10,9,0,34,15,14
1696782900,10,9,0,35,15,14
1696782960,10,9,0,36,15,14
1696783020,10,9,0,37,15,14
1696783080,10,9,0,38,15,14
1696783140,10,9,0,39,15,14
1696783200,10,9,0,40,15,14
1696783260,10,9,0,41,15,15
1696783320,10,9,0,42,15,15
1696783380,10,9,0,43,15,15
1696783440,10,9,0,44,15,15
1696783500,10,9,0,45,15,15
1696783560,10,9,0,46,15,15
1696783620,10,9,0,47,15,15
1696783680,10,9,0,48,15,15
1696783740,10,9,0,49,15,15
1696783800,10,9,0,50,15,15
1696783860,10,9,0,51,15,15
1696783920,10,9,0,52,15,15
1696783980,10,9,0,53,15,15
1696784040,10,9,0,54,15,15
1696784100,10,9,0,55,15,15
1696784160,10,9,0,56,15,15
1696784220,10,9,0,57,15,15
1696784280,10,9,0,58,15,15
1696784340,10,9,0,59,15,15
1696784460,10,9,0,61,15,15
1696784520,10,9,0,62,15,15
1696784580,10,9,0,63,15,15
1696784640,10,9,0,64,15,15
1696784700,10,9,0,65,15,15
1696784760,10,9,0,66,15,15
1696784820,10,9,0,67,15,15
1696784880,10,9,0,68,15,15
1696784940,10,9,0,69,15,15
1696785000,10,9,0,70,15,15
1696785060,10,9,0,71,15,15
1696785120,10,9,0,72,15,15
1696785180,10,9,0,73,15,15
1696785240,10,9,0,74,15,15
1696785300,10,9,0,75,15,15
1696785360,10,9,0,76,15,15
1696785420,10,9,0,77,15,15
1696785480,10,9,0,78,15,15
1696785540,10,9,0,79,15,15
1696785660,10,9,0,81,15,15
1696785720,10,9,0,82,15,15
1696785780,10,9,0,83,15,15
1696785840,10,9,0,84,15,15
1696785900,10,9,0,85,15,15
1696785960,10,9,0,86,15,15
1696786020,10,9,0,87,15,15
1696786080,10,9,0,88,15,15
1696786140,10,9,0,89,15,15
1696786200,10,9,0,90,15,15
1696786260,10,9,0,91,15,15
1696786320,10,9,0,92,15,15
1696786380,10,9,0,93,15,15
1696786440,10,9,0,94,15,15
1696786500,10,9,0,95,15,15
1696786560,10,9,0,96,15,15
1696786620,10,9,0,97,15,15
1696786680,10,9,0,98,15,15
1696786740,10,9,0,99,15,15
1696786800,10,9,0,100,15,14
1696786860,10,9,0,101,15,14
1696786920,10,9,0,102,15,14
1696786980,10,9,0,103,15,14
1696787040,10,9,0,104,15,14
1696787100,10,9,0,105,15,15
1696787160,10,9,0,106,15,15
1696787220,10,9,0,107,15,15
1696787280,10,9,0,108,15,15
1696787340,10,9,0,109,15,15
1696787400,10,9,0,110,15,15
1696787460,10,9,0,111,15,15
1696787520,10,9,0,112,15,15
1696787580,10,9,0,113,15,15
1696787640,10,9,0,114,15,15
1696787700,10,9,0,115,15,15
1696787760,10,9,0,116,15,15
1696787820,10,9,0,117,15,15
1696787880,10,9,0,118,15,15
1696787940,10,9,0,119,15,15
1696788060,10,9,0,121,15,15
1696788120,10,9,0,122,15,15
1696788180,10,9,0,123,15,15
1696788240,10,9,0,124,15,15
1696788300,10,9,0,125,15,15
1696788360,10,9,0,126,15,15
1696788420,10,9,0,127,15,15
1696788480,10,9,0,128,15,15
1696788540,10,9,0,129,15,15
1696788600,10,9,0,130,15,15
1696788660,10,9,0,131,15,15
1696788720,10,9,0,132,15,15
1696788780,10,9,0,133,15,15
1696788840,10,9,0,134,15,15
1696788900,10,9,0,135,15,15
1696788960,10,9,0,136,15,15
1696789020,10,9,0,137,15,15
1696789080,10,9,0,138,15,15
1696789140,10,9,0,139,15,15
1696789260,10,9,0,141,15,15
1696789320,10,9,0,142,15,15
1696789380,10,9,0,143,15,15
1696789440,10,9,0,144,15,15
1696789500,10,9,0,145,15,15
1696789560,10,9,0,146,15,15
1696789620,10,9,0,147,15,15
1696789680,10,9,0,148,15,15
1696789740,10,9,0,149,15,15
1696789800,10,9,0,150,15,15
1696789860,10,9,0,151,15,15
1696789920,10,9,0,152,15,15
1696789980,10,9,0,153,15,15
1696790040,10,9,0,154,15,15
1696790100,10,9,0,155,15,15
1696790160,10,9,0,156,15,15
1696790220,10,9,0,157,15,15
1696790280,10,9,0,158,15,15
1696790340,10,9,0,159,15,15
1696790400,10,9,0,160,15,15
1696790460,10,9,0,161,15,15
1696790520,10,9,0,162,15,15
1696790580,10,9,0,163,15,15
1696790640,10,9,0,164,15,15
1696790700,10,9,0,165,15,15
1696790760,10,9,0,166,15,15
1696790820,10,9,0,167,15,15
1696790880,10,9,0,168,15,15
1696790940,10,9,0,169,15,15
1696791000,10,9,0,170,15,15
1696791060,10,9,0,171,15,15
1696791120,10,9,0,172,15,15
1696791180,10,9,0,173,15,15
1696791240,10,9,0,174,15,15
1696791300,10,9,0,175,15,15
1696791360,10,9,0,176,15,15
1696791420,10,9,0,177,15,15
1696791480,10,9,0,178,15,15
1696791540,10,9,0,179,15,15
1696791600,10,9,0,180,15,15
1696791660,10,9,0,181,15,15
1696791720,10,9,0,182,15,15
1696791780,10,9,0,183,15,15
1696791840,10,9,0,184,15,15
1696791900,10,9,0,185,15,15
1696791960,10,9,0,186,15,15
1696792020,10,9,0,187,15,15
1696792080,10,9,0,188,15,15
1696792140,10,9,0,189,15,15
1696792200,10,9,0,190,15,15
1696792260,10,9,0,191,15,15
1696792320,10,9,0,192,15,15
1696792380,10,9,0,193,15,15
1696792440,10,9,0,194,15,15
1696792500,10,9,0,195,15,15
1696792560,10,9,0,196,15,15
1696792620,10,9,0,197,15,15
1696792680,10,9,0,198,15,15
1696792740,10,9,0,199,15,15
1696792860,10,9,0,201,15,15
1696792920,10,9,0,202,15,15
1696792980,10,9,0,203,15,15
1696793040,10,9,0,204,15,15
1696793100,10,9,0,205,15,15
1696793160,10,9,0,206,15,15
1696793220,10,9,0,207,15,15
1696793280,10,9,0,208,15,15
1696793340,10,9,0,209,15,15
1696793400,10,9,0,210,15,15
1696793460,10,9,0,211,15,15
1696793520,10,9,0,212,15,15
1696793580,10,9,0,213,15,15
1696793640,10,9,0,214,15,15
1696793700,10,9,0,215,15,15
1696793760,10,9,0,216,15,15
1696793820,10,9,0,217,15,15
1696793880,10,9,0,218,15,15
1696793940,10,9,0,219,15,15
1696794060,10,9,0,221,15,15
1696794120,10,9,0,222,15,15
1696794180,10,9,0,223,15,15
1696794240,10,9,0,224,15,15
1696794300,10,9,0,225,15,15
1696794360,10,9,0,226,15,15
1696794420,10,9,0,227,15,15
1696794480,10,9,0,228,15,15
1696794540,10,9,0,229,15,15
1696794600,10,9,0,230,15,15
1696794660,10,9,0,231,15,15
1696794720,10,9,0,232,15,15
1696794780,10,9,0,233,15,15
1696794840,10,9,0,234,15,15
1696794900,10,9,0,235,15,15
1696794960,10,9,0,236,15,15
1696795020,10,9,0,237,15,15
1696795080,10,9,0,238,15,15
1696795140,10,9,0,239,15,15
1696795260,10,9,0,241,15,15
1696795320,10,9,0,242,15,15
1696795380,10,9,0,243,15,15
1696795440,10,9,0,244,15,15
1696795500,10,9,0,245,15,15
1696795560,10,9,0,246,15,15
1696795620,10,9,0,247,15,15
1696795680,10,9,0,248,15,15
1696795740,10,9,0,249,15,15
1696795800,10,9,0,250,15,15
1696795860,10,9,0,251,15,15
1696795920,10,9,0,252,15,15
1696795980,10,9,0,253,15,15
1696796040,10,9,0,254,15,15
1696796100,10,9,0,255,15,15
1696796160,10,9,0,256,15,15
1696796220,10,9,0,257,15,15
1696796280,10,9,0,258,15,15
1696796340,10,9,0,259,15,15
1696796460,10,9,0,261,15,15
1696796520,10,9,0,262,15,15
1696796580,10,9,0,263,15,15
1696796640,10,9,0,264,15,15
1696796700,10,9,0,265,15,15
1696796760,10,9,0,266,15,15
1696796820,10,9,0,267,15,15
1696796880,10,9,0,268,15,15
1696796940,10,9,0,269,15,15
1696797000,10,9,0,270,15,15
1696797060,10,9,0,271,15,15
1696797120,10,9,0,272,15,15
1696797180,10,9,0,273,15,15
1696797240,10,9,0,274,15,15
1696797300,10,9,0,275,15,15
1696797360,10,9,0,276,15,15
1696797420,10,9,0,277,15,15
1696797480,10,9,0,278,15,15
1696797540,10,9,0,279,15,15
1696797600,10,9,0,280,15,15
1696797660,10,9,0,281,15,15
1696797720,10,9,0,282,15,15
1696797780,10,9,0,283,15,15
1696797840,10,9,0,284,15,15
1696797900,10,9,0,285,15,15
1696797960,10,9,0,286,15,15
1696798020,10,9,0,287,15,15
1696798080,10,9,0,288,15,15
1696798140,10,9,0,289,15,15
1696798200,10,9,0,290,15,15
1696798260,10,9,0,291,15,15
1696798320,10,9,0,292,15,15
1696798380,10,9,0,293,15,15
1696798440,10,9,0,294,15,15
1696798500,10,9,0,295,15,15
1696798560,10,9,0,296,15,15
1696798620,10,9,0,297,15,15
1696798680,10,9,0,298,15,15
1696798740,10,9,0,299,15,15
1696798800,10,9,0,300,15,15
1696798860,10,9,0,301,15,15
1696798920,10,9,0,302,15,15
1696798980,10,9,0,303,15,15
1696799040,10,9,0,304,15,15
1696799100,10,9,0,305,15,15
1696799160,10,9,0,306,15,15
1696799220,10,9,0,307,15,15
1696799280,10,9,0,308,15,15
1696799340,10,9,0,309,15,15
1696799400,10,9,0,310,15,15
1696799460,10,9,0,311,15,15
1696799520,10,9,0,312,15,15
1696799580,10,9,0,313,15,15
1696799640,10,9,0,314,15,15
1696799700,10,9,0,315,15,15
1696799760,10,9,0,316,15,15
1696799820,10,9,0,317,15,15
1696799880,10,9,0,318,15,15
1696799940,10,9,0,319,15,15
1696800060,10,9,0,321,15,15
1696800120,10,9,0,322,15,15
1696800180,10,9,0,323,15,15
1696800240,10,9,0,324,15,15
1696800300,10,9,0,325,15,15
1696800360,10,9,0,326,15,15
1696800420,10,9,0,327,15,15
1696800480,10,9,0,328,15,15
1696800540,10,9,0,329,15,15
1696800600,10,9,0,330,15,15
1696800660,10,9,0,331,15,15
1696800720,10,9,0,332,15,15
1696800780,10,9,0,333,15,15
1696800840,10,9,0,334,15,15
1696800900,10,9,0,335,15,15
1696800960,10,9,0,336,15,15
1696801020,10,9,0,337,15,15
1696801080,10,9,0,338,15,15
1696801140,10,9,0,339,15,15
1696801200,10,9,0,340,15,15
1696801260,10,9,0,341,15,15
1696801320,10,9,0,342,15,15
1696801380,10,9,0,343,15,15
1696801440,10,9,0,344,15,15
1696801500,10,9,0,345,15,15
1696801560,10,9,0,346,15,15
1696801620,10,9,0,347,15,15
1696801680,10,9,0,348,15,15
1696801740,10,9,0,349,15,15
1696801800,10,9,0,350,15,15
1696801860,10,9,0,351,15,15
1696801920,10,9,0,352,15,15
1696801980,10,9,0,353,15,15
1696802040,10,9,0,354,15,15
1696802100,10,9,0,355,15,15
1696802160,10,9,0,356,15,15
1696802220,10,9,0,357,15,15
1696802280,10,9,0,358,15,15
1696802340,10,9,0,359,15,15
1696802400,10,9,0,360,15,15
1696802460,10,9,0,361,15,15
1696802520,10,9,0,362,15,15
1696802580,10,9,0,363,15,15
1696802640,10,9,0,364,15,15
1696802700,10,9,0,365,15,15
1696802760,10,9,0,366,15,15
1696802820,10,9,0,367,15,15
1696802880,10,9,0,368,15,15
1696802940,10,9,0,369,15,15
1696803000,10,9,0,370,15,15
1696803060,10,9,0,371,15,15
1696803120,10,9,0,372,15,15
1696803180,10,9,0,373,15,15
1696803240,10,9,0,374,15,15
1696803300,10,9,0,375,15,15
1696803360,10,9,0,376,15,15
1696803420,10,9,0,377,15,15
1696803480,10,9,0,378,15,15
1696803540,10,9,0,379,15,15
1696803660,10,9,0,381,15,15
1696803720,10,9,0,382,15,15
1696803780,10,9,0,383,15,15
1696803840,10,9,0,384,15,15
1696803900,10,9,0,385,15,15
1696803960,10,9,0,386,15,15
1696804020,10,9,0,387,15,15
1696804080,10,9,0,388,15,15
1696804140,10,9,0,389,15,15
1696804200,10,9,0,390,15,15
1696804260,10,9,0,391,15,15
1696804320,10,9,0,392,15,15
1696804380,10,9,0,393,15,15
1696804440,10,9,0,394,15,15
1696804500,10,9,0,395,15,15
1696804560,10,9,0,396,15,15
1696804620,10,9,0,397,15,15
1696804680,10,9,0,398,15,15
1696804740,10,9,0,399,15,15
1696804800,10,9,0,400,15,15
1696804860,10,9,0,401,15,15
1696804920,10,9,0,402,15,15
1696804980,10,9,0,403,15,15
1696805040,10,9,0,404,15,15
1696805100,10,9,0,405,15,15
1696805160,10,9,0,406,15,15
1696805220,10,9,0,407,15,15
1696805280,10,9,0,408,15,15
1696805340,10,9,0,409,15,15
1696805400,10,9,0,410,15,15
1696805460,10,9,0,411,15,15
1696805520,10,9,0,412,15,15
1696805580,10,9,0,413,15,15
1696805640,10,9,0,414,15,15
1696805700,10,9,0,415,15,15
1696805760,10,9,0,416,15,15
1696805820,10,9,0,417,15,15
1696805880,10,9,0,418,15,15
1696805940,10,9,0,419,15,15
1696806000,10,9,0,420,15,15
1696806120,10,9,0,422,15,15
1696806180,10,9,0,423,15,13
1696806240,10,9,0,424,15,13
1696806300,10,9,0,425,15,13
1696806360,10,9,0,426,15,13
1696806420,10,9,0,427,15,13
1696806480,10,9,0,428,15,13
1696806540,10,9,0,429,15,13
1696806600,10,9,0,430,15,13
1696806660,10,9,0,431,15,13
1696806720,10,9,0,432,15,13
1696806780,10,9,0,433,15,13
1696806840,10,9,0,434,15,13
1696806900,10,9,0,435,15,13
1696806960,10,9,0,436,15,13
1696807020,10,9,0,437,15,12
1696807080,10,9,0,438,15,12
1696807140,10,9,0,439,15,12
1696807260,10,9,0,441,15,12
1696807320,10,9,0,442,15,12
1696807380,10,9,0,443,15,12
1696807440,10,9,0,444,15,12
1696807500,10,9,0,445,15,12
1696807560,10,9,0,446,15,12
1696807620,10,9,0,447,15,12
1696807680,10,9,0,448,15,12
1696807740,10,9,0,449,15,12
1696807800,10,9,0,450,15,12
1696807860,10,9,0,451,15,12
1696807920,10,9,0,452,15,12
1696807980,10,9,0,453,15,12
1696808040,10,9,0,454,15,12
1696808100,10,9,0,455,15,12
1696808160,10,9,0,456,15,12
1696808220,10,9,0,457,15,12
1696808280,10,9,0,458,15,12
1696808340,10,9,0,459,15,12
1696808400,10,9,0,460,15,12
1696808460,10,9,0,461,15,12
1696808520,10,9,0,462,15,12
1696808580,10,9,0,463,15,12
1696808640,10,9,0,464,15,12
1696808700,10,9,0,465,15,12
1696808760,10,9,0,466,15,12
1696808820,10,9,0,467,15,12
1696808880,10,9,0,468,15,12
1696808940,10,9,0,469,15,12
1696809000,10,9,0,470,15,12
1696809060,10,9,0,471,15,12
1696809120,10,9,0,472,15,12
1696809180,10,9,0,473,15,12
1696809240,10,9,0,474,15,11
1696809300,10,9,0,475,15,11
1696809360,10,9,0,476,15,11
1696809420,10,9,0,477,15,11
1696809480,10,9,0,478,15,12
1696809540,10,9,0,479,15,12
1696809660,10,9,0,481,15,12
1696809720,10,9,0,482,15,12
1696809780,10,9,0,483,15,12
1696809840,10,9,0,484,15,12
1696809900,10,9,0,485,15,12
1696809960,10,9,0,486,15,12
1696810020,10,9,0,487,15,12
1696810080,10,9,0,488,15,12
1696810140,10,9,0,489,15,12
1696810200,10,9,0,490,15,12
1696810260,10,9,0,491,15,12
1696810320,10,9,0,492,15,12
1696810380,10,9,0,493,15,12
1696810440,10,9,0,494,15,12
1696810500,10,9,0,495,15,12
1696810560,10,9,0,496,15,12
1696810620,10,9,0,497,15,12
1696810680,10,9,0,498,15,12
1696810740,10,9,0,499,15,12
1696810860,10,9,0,501,15,12
1696810920,10,9,0,502,15,12
1696810980,10,9,0,503,15,12
1696811040,10,9,0,504,15,12
1696811100,10,9,0,505,15,12
1696811160,10,9,0,506,15,12
1696811220,10,9,0,507,15,12
1696811280,10,9,0,508,15,12
1696811340,10,9,0,509,15,12
1696811400,10,9,0,510,15,12
1696811460,10,9,0,511,15,12
1696811520,10,9,0,512,15,12
1696811580,10,9,0,513,15,12
1696811640,10,9,0,514,15,12
1696811700,10,9,0,515,15,12
1696811760,10,9,0,516,15,12
1696811820,10,9,0,517,15,12
1696811880,10,9,0,518,15,12
1696811940,10,9,0,519,15,12
1696812000,10,9,0,520,15,12
1696812060,10,9,0,521,15,12
1696812120,10,9,0,522,15,12
1696812180,10,9,0,523,15,12
1696812240,10,9,0,524,15,12
1696812300,10,9,0,525,15,12
1696812360,10,9,0,526,15,12
1696812420,10,9,0,527,15,12
1696812480,10,9,0,528,15,12
1696812540,10,9,0,529,15,13
1696812600,10,9,0,530,15,13
1696812720,10,9,0,532,15,12
1696812780,10,9,0,533,15,12
1696812840,10,9,0,534,15,12
1696812900,10,9,0,535,15,12
1696812960,10,9,0,536,15,12
1696813020,10,9,0,537,15,11
1696813080,10,9,0,538,15,11
1696813140,10,9,0,539,15,11
1696813260,10,9,0,541,15,13
1696813320,10,9,0,542,15,13
1696813380,10,9,0,543,15,13
1696813440,10,9,0,544,15,13
1696813500,10,9,0,545,15,13
1696813560,10,9,0,546,15,14
1696813620,10,9,0,547,15,14
1696813680,10,9,0,548,15,14
1696813740,10,9,0,549,15,14
1696813800,10,9,0,550,15,14
1696813860,10,9,0,551,15,14
1696813920,10,9,0,552,15,13
1696813980,10,9,0,553,15,13
1696814040,10,9,0,554,15,13
1696814100,10,9,0,555,15,13
1696814160,10,9,0,556,15,13
1696814220,10,9,0,557,15,12
1696814280,10,9,0,558,15,12
1696814340,10,9,0,559,15,12
1696814460,10,9,0,561,15,12
1696814520,10,9,0,562,15,12
1696814580,10,9,0,563,15,12
1696814640,10,9,0,564,15,12
1696814700,10,9,0,565,15,12
1696814760,10,9,0,566,15,12
1696814820,10,9,0,567,15,12
1696814880,10,9,0,568,15,12
1696814940,10,9,0,569,15,12
1696815000,10,9,0,570,15,12
1696815060,10,9,0,571,15,12
1696815120,10,9,0,572,15,12
1696815180,10,9,0,573,15,12
1696815240,10,9,0,574,15,12
1696815300,10,9,0,575,15,12
1696815360,10,9,0,576,15,12
1696815420,10,9,0,577,15,11
1696815480,10,9,0,578,15,10
1696815540,10,9,0,579,15,10
1696815600,10,9,0,580,15,10
1696815660,10,9,0,581,15,10
1696815720,10,9,0,582,15,10
1696815780,10,9,0,583,15,10
1696815840,10,9,0,584,15,10
1696815900,10,9,0,585,15,10
1696815960,10,9,0,586,15,10
1696816020,10,9,0,587,15,10
1696816080,10,9,0,588,15,10
1696816140,10,9,0,589,15,10
1696816200,10,9,0,590,15,10
1696816260,10,9,0,591,15,10
1696816320,10,9,0,592,15,10
1696816380,10,9,0,593,15,10
1696816440,10,9,0,594,15,10
1696816500,10,9,0,595,15,10
1696816560,10,9,0,596,15,10
1696816620,10,9,0,597,15,10
1696816680,10,9,0,598,15,10
1696816740,10,9,0,599,15,10
1696816800,10,9,0,600,15,10
1696816920,10,9,0,602,15,10
1696816980,10,9,0,603,15,10
1696817040,10,9,0,604,15,10
1696817100,10,9,0,605,15,10
1696817160,10,9,0,606,15,10
1696817220,10,9,0,607,15,10
1696817280,10,9,0,608,15,10
1696817340,10,9,0,609,15,10
1696817400,10,9,0,610,15,10
1696817460,10,9,0,611,15,10
1696817520,10,9,0,612,15,10
1696817580,10,9,0,613,15,10
1696817640,10,9,0,614,15,10
1696817700,10,9,0,615,15,10
1696817760,10,9,0,616,15,10
1696817820,10,9,0,617,15,10
1696817880,10,9,0,618,15,10
1696817940,10,9,0,619,15,10
1696818060,10,9,0,621,15,10
1696818120,10,9,0,622,15,10
1696818180,10,9,0,623,15,10
1696818240,10,9,0,624,15,10
1696818300,10,9,0,625,15,10
1696818360,10,9,0,626,15,10
1696818420,10,9,0,627,15,10
1696818480,10,9,0,628,15,10
1696818540,10,9,0,629,15,10
1696818600,10,9,0,630,15,10
1696818660,10,9,0,631,15,10
1696818720,10,9,0,632,15,10
1696818780,10,9,0,633,15,10
1696818840,10,9,0,634,15,10
1696818900,10,9,0,635,15,10
1696818960,10,9,0,636,15,10
1696819020,10,9,0,637,15,10
1696819080,10,9,0,638,15,9
1696819140,10,9,0,639,15,9
1696819200,10,9,0,640,15,9
1696819260,10,9,0,641,15,8
1696819320,10,9,0,642,15,8
1696819380,10,9,0,643,15,8
1696819440,10,9,0,644,15,8
1696819500,10,9,0,645,15,8
1696819560,10,9,0,646,15,8
1696819620,10,9,0,647,15,5
1696819680,10,9,0,648,15,4
1696819740,10,9,0,649,15,4
1696819800,10,9,0,650,15,4
1696819860,10,9,0,651,15,4
1696819920,10,9,0,652,15,4
1696819980,10,9,0,653,15,4
1696820040,10,9,0,654,15,4
1696820100,10,9,0,655,15,4
1696820160,10,9,0,656,15,5
1696820220,10,9,0,657,15,5
1696820280,10,9,0,658,15,5
1696820340,10,9,0,659,15,5
1696820460,10,9,0,661,15,5
1696820520,10,9,0,662,15,5
1696820580,10,9,0,663,15,5
1696820640,10,9,0,664,15,5
1696820700,10,9,0,665,15,5
1696820760,10,9,0,666,15,5
1696820820,10,9,0,667,15,5
1696820880,10,9,0,668,15,5
1696820940,10,9,0,669,15,5
1696821000,10,9,0,670,15,6
1696821060,10,9,0,671,15,6
1696821120,10,9,0,672,15,6
1696821180,10,9,0,673,15,6
1696821240,10,9,0,674,15,6
1696821300,10,9,0,675,15,6
1696821360,10,9,0,676,15,6
1696821420,10,9,0,677,15,6
1696821480,10,9,0,678,15,5
1696821540,10,9,0,679,15,5
1696821660,10,9,0,681,15,3
1696821720,10,9,0,682,15,2
1696821780,10,9,0,683,15,1
1696821840,10,9,0,684,15,1
1696821900,10,9,0,685,15,1
1696821960,10,9,0,686,15,2
1696822020,10,9,0,687,15,2
1696822080,10,9,0,688,15,2
1696822140,10,9,0,689,15,3
1696822200,10,9,0,690,15,3
1696822260,10,9,0,691,15,3
1696822320,10,9,0,692,15,3
1696822380,10,9,0,693,15,3
1696822440,10,9,0,694,15,3
1696822500,10,9,0,695,15,3
1696822560,10,9,0,696,15,3
1696822620,10,9,0,697,15,3
1696822680,10,9,0,698,15,3
1696822740,10,9,0,699,15,3
1696822800,10,9,0,700,15,3
1696822860,10,9,0,701,15,2
1696822920,10,9,0,702,15,1
1696822980,10,9,0,703,15,1
1696823040,10,9,0,704,15,1
1696823100,10,9,0,705,15,1
1696823160,10,9,0,706,15,1
1696823220,10,9,0,707,15,1
1696823280,10,9,0,708,15,1
1696823340,10,9,0,709,15,1
1696823400,10,9,0,710,15,1
1696823460,10,9,0,711,15,0
1696823520,10,9,0,712,15,0
1696823580,10,9,0,713,15,0
1696823640,10,9,0,714,15,0
1696823700,10,9,0,715,15,0
1696823760,10,9,0,716,15,0
1696823820,10,9,0,717,15,0
1696823880,10,9,0,718,15,0
1696823940,10,9,0,719,15,0
1696824060,10,9,0,721,15,0
1696824120,10,9,0,722,15,0
1696824180,10,9,0,723,15,0
1696824240,10,9,0,724,15,0
1696824300,10,9,0,725,15,0
1696824360,10,9,0,726,15,0
1696824420,10,9,0,727,15,0
1696824480,10,9,0,728,15,0
1696824540,10,9,0,729,15,0
1696824600,10,9,0,730,15,0
1696824660,10,9,0,731,15,0
1696824720,10,9,0,732,15,0
1696824780,10,9,0,733,15,0
1696824840,10,9,0,734,15,0
1696824900,10,9,0,735,15,0
1696824960,10,9,0,736,15,0
1696825020,10,9,0,737,15,0
1696825080,10,9,0,738,15,0
1696825140,10,9,0,739,15,0
1696825260,10,9,0,741,15,0
1696825320,10,9,0,742,15,0
1696825380,10,9,0,743,15,0
1696825440,10,9,0,744,15,0
1696825500,10,9,0,745,15,0
1696825560,10,9,0,746,15,0
1696825620,10,9,0,747,15,2
1696825680,10,9,0,748,15,2
1696825740,10,9,0,749,15,2
1696825860,10,9,0,751,15,1
1696825920,10,9,0,752,15,1
1696825980,10,9,0,753,15,0
1696826040,10,9,0,754,15,0
1696826100,10,9,0,755,15,0
1696826160,10,9,0,756,15,0
1696826220,10,9,0,757,15,1
1696826280,10,9,0,758,15,0
1696826340,10,9,0,759,15,0
1696826400,10,9,0,760,15,0
1696826460,10,9,0,761,15,0
1696826520,10,9,0,762,15,0
1696826580,10,9,0,763,15,0
1696826640,10,9,0,764,15,0
1696826700,10,9,0,765,15,0
1696826760,10,9,0,766,15,0
1696826820,10,9,0,767,15,0
1696826880,10,9,0,768,15,0
1696826940,10,9,0,769,15,0
1696827000,10,9,0,770,15,0
1696827060,10,9,0,771,15,0
1696827120,10,9,0,772,15,0
1696827180,10,9,0,773,15,0
1696827240,10,9,0,774,15,0
1696827300,10,9,0,775,15,0
1696827360,10,9,0,776,15,0
1696827420,10,9,0,777,15,0
1696827480,10,9,0,778,15,0
1696827540,10,9,0,779,15,0
1696827660,10,9,0,781,15,0
1696827720,10,9,0,782,15,0
1696827780,10,9,0,783,15,0
1696827840,10,9,0,784,15,0
1696827900,10,9,0,785,15,1
1696827960,10,9,0,786,15,1
1696828020,10,9,0,787,15,1
1696828080,10,9,0,788,15,1
1696828140,10,9,0,789,15,1
1696828200,10,9,0,790,15,1
1696828260,10,9,0,791,15,1
1696828320,10,9,0,792,15,1
1696828380,10,9,0,793,15,1
1696828440,10,9,0,794,15,1
1696828500,10,9,0,795,15,1
1696828560,10,9,0,796,15,1
1696828620,10,9,0,797,15,1
1696828680,10,9,0,798,15,1
1696828740,10,9,0,799,15,1
1696828860,10,9,0,801,15,1
1696828920,10,9,0,802,15,1
1696828980,10,9,0,803,15,1
1696829040,10,9,0,804,15,1
1696829100,10,9,0,805,15,1
1696829160,10,9,0,806,15,1
1696829220,10,9,0,807,15,1
1696829280,10,9,0,808,15,2
1696829340,10,9,0,809,15,2
1696829460,10,9,0,811,15,3
1696829520,10,9,0,812,15,5
1696829580,10,9,0,813,15,5
1696829640,10,9,0,814,15,5
1696829700,10,9,0,815,15,5
1696829760,10,9,0,816,15,4
1696829820,10,9,0,817,15,3
1696829880,10,9,0,818,15,4
1696829940,10,9,0,819,15,4
1696830000,10,9,0,820,15,3
1696830060,10,9,0,821,15,2
1696830120,10,9,0,822,15,2
1696830180,10,9,0,823,15,2
1696830240,10,9,0,824,15,2
1696830300,10,9,0,825,15,2
1696830360,10,9,0,826,15,2
1696830420,10,9,0,827,15,2
1696830480,10,9,0,828,15,3
1696830540,10,9,0,829,15,3
1696830600,10,9,0,830,15,3
1696830660,10,9,0,831,15,3
1696830720,10,9,0,832,15,5
1696830780,10,9,0,833,15,5
1696830840,10,9,0,834,15,5
1696830900,10,9,0,835,15,5
1696830960,10,9,0,836,15,5
1696831020,10,9,0,837,15,5
1696831080,10,9,0,838,15,5
1696831140,10,9,0,839,15,5
1696831320,10,9,0,842,15,6
1696831380,10,9,0,843,15,6
1696831440,10,9,0,844,15,6
1696831500,10,9,0,845,15,7
1696831560,10,9,0,846,15,5
1696831620,10,9,0,847,15,5
1696831680,10,9,0,848,15,5
1696831740,10,9,0,849,15,5
1696831800,10,9,0,850,15,5
1696831860,10,9,0,851,15,5
1696831920,10,9,0,852,15,5
1696831980,10,9,0,853,15,5
1696832040,10,9,0,854,15,5
1696832100,10,9,0,855,15,4
1696832160,10,9,0,856,15,4
1696832220,10,9,0,857,15,4
1696832280,10,9,0,858,15,4
1696832340,10,9,0,859,15,4
1696832460,10,9,0,861,15,3
1696832520,10,9,0,862,15,3
1696832580,10,9,0,863,15,3
1696832640,10,9,0,864,15,3
1696832700,10,9,0,865,15,3
1696832760,10,9,0,866,15,3
1696832820,10,9,0,867,15,3
1696832880,10,9,0,868,15,4
1696832940,10,9,0,869,15,4
1696833000,10,9,0,870,15,4
1696833060,10,9,0,871,15,4
1696833120,10,9,0,872,15,4
1696833180,10,9,0,873,15,4
1696833240,10,9,0,874,15,4
1696833300,10,9,0,875,15,4
1696833360,10,9,0,876,15,4
1696833420,10,9,0,877,15,4
1696833480,10,9,0,878,15,4
1696833540,10,9,0,879,15,6
1696833600,10,9,0,880,15,6
1696833660,10,9,0,881,15,6
1696833720,10,9,0,882,15,6
1696833780,10,9,0,883,15,6
1696833840,10,9,0,884,15,6
1696833900,10,9,0,885,15,6
1696833960,10,9,0,886,15,6
1696834020,10,9,0,887,15,6
1696834080,10,9,0,888,15,6
1696834140,10,9,0,889,15,6
1696834200,10,9,0,890,15,6
1696834260,10,9,0,891,15,6
1696834320,10,9,0,892,15,6
1696834380,10,9,0,893,15,6
1696834440,10,9,0,894,15,6
1696834500,10,9,0,895,15,6
1696834560,10,9,0,896,15,6
1696834620,10,9,0,897,15,6
1696834680,10,9,0,898,15,7
1696834740,10,9,0,899,15,7
1696834860,10,9,0,901,15,6
1696834920,10,9,0,902,15,6
1696834980,10,9,0,903,15,6
1696835040,10,9,0,904,15,6
1696835100,10,9,0,905,15,6
1696835160,10,9,0,906,15,6
1696835220,10,9,0,907,15,6
1696835280,10,9,0,908,15,6
1696835340,10,9,0,909,15,6
1696835400,10,9,0,910,15,6
1696835460,10,9,0,911,15,6
1696835520,10,9,0,912,15,6
1696835580,10,9,0,913,15,6
1696835640,10,9,0,914,15,5
1696835700,10,9,0,915,15,5
1696835760,10,9,0,916,15,5
1696835820,10,9,0,917,15,5
1696835880,10,9,0,918,15,5
1696835940,10,9,0,919,15,5
1696836060,10,9,0,921,15,5
1696836120,10,9,0,922,15,5
1696836180,10,9,0,923,15,5
1696836240,10,9,0,924,15,5
1696836300,10,9,0,925,15,5
1696836360,10,9,0,926,15,5
1696836420,10,9,0,927,15,5
1696836480,10,9,0,928,15,5
1696836540,10,9,0,929,15,5
1696836600,10,9,0,930,15,5
1696836660,10,9,0,931,15,5
1696836720,10,9,0,932,15,5
1696836780,10,9,0,933,15,5
1696836840,10,9,0,934,15,5
1696836900,10,9,0,935,15,5
1696836960,10,9,0,936,15,5
1696837020,10,9,0,937,15,5
1696837080,10,9,0,938,15,6
1696837140,10,9,0,939,15,6
1696837200,10,9,0,940,15,6
1696837260,10,9,0,941,15,6
1696837320,10,9,0,942,15,6
1696837380,10,9,0,943,15,6
1696837440,10,9,0,944,15,6
1696837500,10,9,0,945,15,6
1696837560,10,9,0,946,15,6
1696837620,10,9,0,947,15,6
1696837680,10,9,0,948,15,6
1696837740,10,9,0,949,15,6
1696837800,10,9,0,950,15,6
1696837860,10,9,0,951,15,7
1696837920,10,9,0,952,15,7
1696837980,10,9,0,953,15,7
1696838040,10,9,0,954,15,7
1696838100,10,9,0,955,15,7
1696838160,10,9,0,956,15,7
1696838220,10,9,0,957,15,7
1696838280,10,9,0,958,15,7
1696838340,10,9,0,959,15,7
1696838400,10,9,0,960,15,7
1696838520,10,9,0,962,15,7
1696838580,10,9,0,963,15,7
1696838640,10,9,0,964,15,7
1696838700,10,9,0,965,15,7
1696838760,10,9,0,966,15,7
1696838820,10,9,0,967,15,7
1696838880,10,9,0,968,15,7
1696838940,10,9,0,969,15,7
1696839000,10,9,0,970,15,6
1696839060,10,9,0,971,15,6
1696839120,10,9,0,972,15,6
1696839180,10,9,0,973,15,5
1696839240,10,9,0,974,15,3
1696839300,10,9,0,975,15,3
1696839360,10,9,0,976,15,3
1696839420,10,9,0,977,15,3
1696839480,10,9,0,978,15,3
1696839540,10,9,0,979,15,3
1696839660,10,9,0,981,15,3
1696839720,10,9,0,982,15,4
1696839780,10,9,0,983,15,4
1696839840,10,9,0,984,15,4
1696839900,10,9,0,985,15,4
1696839960,10,9,0,986,15,4
1696840020,10,9,0,987,15,4
1696840080,10,9,0,988,15,4
1696840140,10,9,0,989,15,4
1696840260,10,9,0,991,15,3
1696840320,10,9,0,992,15,4
1696840380,10,9,0,993,15,4
1696840440,10,9,0,994,15,4
1696840500,10,9,0,995,15,4
1696840560,10,9,0,996,15,4
1696840620,10,9,0,997,15,4
1696840680,10,9,0,998,15,4
1696840740,10,9,0,999,15,4
1696840800,10,9,0,1000,15,4
1696840860,10,9,0,1001,15,4
1696840920,10,9,0,1002,15,4
1696840980,10,9,0,1003,15,4
1696841040,10,9,0,1004,15,4
1696841100,10,9,0,1005,15,4
1696841160,10,9,0,1006,15,4
1696841220,10,9,0,1007,15,4
1696841280,10,9,0,1008,15,4
1696841340,10,9,0,1009,15,1
1696841400,10,9,0,1010,15,1
1696841460,10,9,0,1011,15,1
1696841520,10,9,0,1012,15,1
1696841580,10,9,0,1013,15,1
1696841640,10,9,0,1014,15,0
1696841700,10,9,0,1015,15,0
1696841760,10,9,0,1016,15,0
1696841820,10,9,0,1017,15,0
1696841880,10,9,0,1018,15,0
1696841940,10,9,0,1019,15,0
1696842000,10,9,0,1020,15,0
1696842120,10,9,0,1022,15,0
1696842180,10,9,0,1023,15,0
1696842240,10,9,0,1024,15,0
1696842300,10,9,0,1025,15,0
1696842360,10,9,0,1026,15,0
1696842420,10,9,0,1027,15,0
1696842480,10,9,0,1028,15,0
1696842540,10,9,0,1029,15,0
1696842600,10,9,0,1030,15,0
1696842660,10,9,0,1031,15,0
1696842720,10,9,0,1032,15,0
1696842780,10,9,0,1033,15,0
1696842840,10,9,0,1034,15,0
1696842900,10,9,0,1035,15,0
1696842960,10,9,0,1036,15,0
1696843020,10,9,0,1037,15,0
1696843080,10,9,0,1038,15,0
1696843140,10,9,0,1039,15,0
1696843260,10,9,0,1041,15,0
1696843320,10,9,0,1042,15,0
1696843380,10,9,0,1043,15,0
1696843440,10,9,0,1044,15,0
1696843500,10,9,0,1045,15,0
1696843560,10,9,0,1046,15,0
1696843620,10,9,0,1047,15,0
1696843680,10,9,0,1048,15,0
1696843740,10,9,0,1049,15,0
1696843860,10,9,0,1051,15,0
1696843920,10,9,0,1052,15,0
1696843980,10,9,0,1053,15,0
1696844040,10,9,0,1054,15,0
1696844100,10,9,0,1055,15,0
1696844160,10,9,0,1056,15,0
1696844220,10,9,0,1057,15,0
1696844280,10,9,0,1058,15,0
1696844340,10,9,0,1059,15,0
1696844400,10,9,0,1060,15,0
1696844460,10,9,0,1061,15,0
1696844520,10,9,0,1062,15,0
1696844580,10,9,0,1063,15,0
1696844640,10,9,0,1064,15,0
1696844700,10,9,0,1065,15,0
1696844760,10,9,0,1066,15,0
1696844820,10,9,0,1067,15,0
1696844880,10,9,0,1068,15,0
1696844940,10,9,0,1069,15,0
1696845000,10,9,0,1070,15,0
1696845060,10,9,0,1071,15,0
1696845120,10,9,0,1072,15,1
1696845180,10,9,0,1073,15,1
1696845240,10,9,0,1074,15,0
1696845300,10,9,0,1075,15,0
1696845360,10,9,0,1076,15,0
1696845420,10,9,0,1077,15,0
1696845480,10,9,0,1078,15,0
1696845540,10,9,0,1079,15,0
1696845660,10,9,0,1081,15,0
1696845720,10,9,0,1082,15,0
1696845780,10,9,0,1083,15,0
1696845840,10,9,0,1084,15,0
1696845900,10,9,0,1085,15,1
1696845960,10,9,0,1086,15,1
1696846020,10,9,0,1087,15,1
1696846080,10,9,0,1088,15,1
1696846140,10,9,0,1089,15,0
1696846200,10,9,0,1090,15,0
1696846260,10,9,0,1091,15,0
1696846320,10,9,0,1092,15,0
1696846380,10,9,0,1093,15,0
1696846440,10,9,0,1094,15,0
1696846500,10,9,0,1095,15,0
1696846560,10,9,0,1096,15,1
1696846620,10,9,0,1097,15,1
1696846680,10,9,0,1098,15,1
1696846740,10,9,0,1099,15,1
1696846860,10,9,0,1101,15,1
1696846920,10,9,0,1102,15,1
1696846980,10,9,0,1103,15,0
1696847040,10,9,0,1104,15,0
1696847100,10,9,0,1105,15,0
1696847160,10,9,0,1106,15,0
1696847220,10,9,0,1107,15,0
1696847280,10,9,0,1108,15,0
1696847340,10,9,0,1109,15,0
1696847400,10,9,0,1110,15,0
1696847520,10,9,0,1112,15,0
1696847580,10,9,0,1113,15,0
1696847640,10,9,0,1114,15,0
1696847700,10,9,0,1115,15,0
1696847760,10,9,0,1116,15,0
1696847820,10,9,0,1117,15,0
1696847880,10,9,0,1118,15,0
1696847940,10,9,0,1119,15,0
1696848000,10,9,0,1120,15,0
1696848060,10,9,0,1121,15,0
1696848120,10,9,0,1122,15,0
1696848180,10,9,0,1123,15,0
1696848240,10,9,0,1124,15,0
1696848300,10,9,0,1125,15,0
1696848360,10,9,0,1126,15,0
1696848420,10,9,0,1127,15,0
1696848480,10,9,0,1128,15,0
1696848540,10,9,0,1129,15,0
1696848600,10,9,0,1130,15,0
1696848660,10,9,0,1131,15,0
1696848720,10,9,0,1132,15,0
1696848780,10,9,0,1133,15,0
1696848840,10,9,0,1134,15,0
1696848900,10,9,0,1135,15,0
1696848960,10,9,0,1136,15,0
1696849020,10,9,0,1137,15,1
1696849080,10,9,0,1138,15,1
1696849140,10,9,0,1139,15,1
1696849260,10,9,0,1141,15,1
1696849320,10,9,0,1142,15,2
1696849380,10,9,0,1143,15,2
1696849440,10,9,0,1144,15,2
1696849500,10,9,0,1145,15,2
1696849560,10,9,0,1146,15,2
1696849680,10,9,0,1148,15,2
1696849740,10,9,0,1149,15,2
1696849800,10,9,0,1150,15,2
1696849860,10,9,0,1151,15,2
1696849920,10,9,0,1152,15,2
1696849980,10,9,0,1153,15,2
1696850040,10,9,0,1154,15,2
1696850100,10,9,0,1155,15,2
1696850160,10,9,0,1156,15,2
1696850220,10,9,0,1157,15,3
1696850280,10,9,0,1158,15,3
1696850340,10,9,0,1159,15,3
1696850460,10,9,0,1161,15,3
1696850520,10,9,0,1162,15,3
1696850580,10,9,0,1163,15,3
1696850640,10,9,0,1164,15,4
1696850700,10,9,0,1165,15,3
1696850760,10,9,0,1166,15,3
1696850820,10,9,0,1167,15,3
1696850880,10,9,0,1168,15,2
1696850940,10,9,0,1169,15,2
1696851060,10,9,0,1171,15,1
1696851120,10,9,0,1172,15,1
1696851180,10,9,0,1173,15,1
1696851240,10,9,0,1174,15,1
1696851300,10,9,0,1175,15,1
1696851360,10,9,0,1176,15,1
1696851420,10,9,0,1177,15,2
1696851480,10,9,0,1178,15,2
1696851540,10,9,0,1179,15,2
1696851600,10,9,0,1180,15,2
1696851660,10,9,0,1181,15,2
1696851720,10,9,0,1182,15,2
1696851780,10,9,0,1183,15,2
1696851840,10,9,0,1184,15,2
1696851900,10,9,0,1185,15,2
1696851960,10,9,0,1186,15,2
1696852020,10,9,0,1187,15,2
1696852080,10,9,0,1188,15,2
1696852140,10,9,0,1189,15,2
1696852200,10,9,0,1190,15,2
1696852260,10,9,0,1191,15,2
1696852320,10,9,0,1192,15,2
1696852380,10,9,0,1193,15,2
1696852440,10,9,0,1194,15,2
1696852500,10,9,0,1195,15,2
1696852560,10,9,0,1196,15,2
1696852620,10,9,0,1197,15,1
1696852680,10,9,0,1198,15,1
1696852740,10,9,0,1199,15,1
1696852860,10,9,0,1201,15,1
1696852920,10,9,0,1202,15,1
1696852980,10,9,0,1203,15,1
1696853040,10,9,0,1204,15,1
1696853100,10,9,0,1205,15,1
1696853160,10,9,0,1206,15,1
1696853220,10,9,0,1207,15,1
1696853280,10,9,0,1208,15,1
1696853340,10,9,0,1209,15,1
1696853400,10,9,0,1210,15,1
1696853460,10,9,0,1211,15,1
1696853520,10,9,0,1212,15,2
1696853580,10,9,0,1213,15,2
1696853640,10,9,0,1214,15,2
1696853700,10,9,0,1215,15,2
1696853760,10,9,0,1216,15,2
1696853820,10,9,0,1217,15,2
1696853880,10,9,0,1218,15,2
1696853940,10,9,0,1219,15,3
1696854060,10,9,0,1221,15,3
1696854120,10,9,0,1222,15,4
1696854180,10,9,0,1223,15,4
1696854240,10,9,0,1224,15,4
1696854300,10,9,0,1225,15,4
1696854360,10,9,0,1226,15,4
1696854420,10,9,0,1227,15,4
1696854480,10,9,0,1228,15,4
1696854540,10,9,0,1229,15,4
1696854600,10,9,0,1230,15,4
1696854660,10,9,0,1231,15,4
1696854720,10,9,0,1232,15,3
1696854780,10,9,0,1233,15,3
1696854840,10,9,0,1234,15,3
1696854900,10,9,0,1235,15,3
1696854960,10,9,0,1236,15,3
1696855020,10,9,0,1237,15,3
1696855080,10,9,0,1238,15,3
1696855140,10,9,0,1239,15,3
1696855200,10,9,0,1240,15,3
1696855260,10,9,0,1241,15,3
1696855320,10,9,0,1242,15,3
1696855380,10,9,0,1243,15,3
1696855440,10,9,0,1244,15,3
1696855500,10,9,0,1245,15,3
1696855560,10,9,0,1246,15,3
1696855620,10,9,0,1247,15,3
1696855680,10,9,0,1248,15,3
1696855740,10,9,0,1249,15,4
1696855800,10,9,0,1250,15,4
1696855860,10,9,0,1251,15,4
1696855920,10,9,0,1252,15,4
1696855980,10,9,0,1253,15,4
1696856040,10,9,0,1254,15,4
1696856100,10,9,0,1255,15,4
1696856160,10,9,0,1256,15,4
1696856220,10,9,0,1257,15,4
1696856280,10,9,0,1258,15,4
1696856340,10,9,0,1259,15,5
1696856460,10,9,0,1261,15,4
1696856520,10,9,0,1262,15,4
1696856580,10,9,0,1263,15,4
1696856640,10,9,0,1264,15,4
1696856700,10,9,0,1265,15,5
1696856760,10,9,0,1266,15,5
1696856820,10,9,0,1267,15,5
1696856880,10,9,0,1268,15,5
1696856940,10,9,0,1269,15,6
1696857000,10,9,0,1270,15,6
1696857060,10,9,0,1271,15,6
1696857120,10,9,0,1272,15,6
1696857180,10,9,0,1273,15,6
1696857240,10,9,0,1274,15,6
1696857300,10,9,0,1275,15,7
1696857360,10,9,0,1276,15,7
1696857420,10,9,0,1277,15,6
1696857480,10,9,0,1278,15,6
1696857540,10,9,0,1279,15,6
1696857660,10,9,0,1281,15,6
1696857720,10,9,0,1282,15,6
1696857780,10,9,0,1283,15,6
1696857840,10,9,0,1284,15,6
1696857900,10,9,0,1285,15,6
1696857960,10,9,0,1286,15,6
1696858020,10,9,0,1287,15,5
1696858080,10,9,0,1288,15,5
1696858140,10,9,0,1289,15,5
1696858200,10,9,0,1290,15,5
1696858260,10,9,0,1291,15,5
1696858320,10,9,0,1292,15,5
1696858380,10,9,0,1293,15,5
1696858440,10,9,0,1294,15,6
1696858500,10,9,0,1295,15,6
1696858560,10,9,0,1296,15,6
1696858620,10,9,0,1297,15,7
1696858680,10,9,0,1298,15,7
1696858740,10,9,0,1299,15,7
1696858800,10,9,0,1300,15,7
1696858860,10,9,0,1301,15,7
1696858920,10,9,0,1302,15,8
1696858980,10,9,0,1303,15,8
1696859040,10,9,0,1304,15,8
1696859100,10,9,0,1305,15,8
1696859160,10,9,0,1306,15,8
1696859220,10,9,0,1307,15,8
1696859280,10,9,0,1308,15,8
1696859340,10,9,0,1309,15,8
1696859400,10,9,0,1310,15,8
1696859460,10,9,0,1311,15,8
1696859520,10,9,0,1312,15,8
1696859580,10,9,0,1313,15,8
1696859640,10,9,0,1314,15,8
1696859700,10,9,0,1315,15,8
1696859760,10,9,0,1316,15,8
1696859820,10,9,0,1317,15,9
1696859880,10,9,0,1318,15,9
1696859940,10,9,0,1319,15,9
1696860000,10,9,0,1320,15,8
1696860120,10,9,0,1322,15,8
1696860180,10,9,0,1323,15,8
1696860240,10,9,0,1324,15,8
1696860300,10,9,0,1325,15,8
1696860360,10,9,0,1326,15,8
1696860420,10,9,0,1327,15,8
1696860480,10,9,0,1328,15,8
1696860540,10,9,0,1329,15,9
1696860600,10,9,0,1330,15,10
1696860660,10,9,0,1331,15,10
1696860720,10,9,0,1332,15,10
1696860780,10,9,0,1333,15,10
1696860840,10,9,0,1334,15,10
1696860900,10,9,0,1335,15,10
1696860960,10,9,0,1336,15,10
1696861020,10,9,0,1337,15,10
1696861080,10,9,0,1338,15,10
1696861140,10,9,0,1339,15,10
1696861260,10,9,0,1341,15,10
1696861320,10,9,0,1342,15,10
1696861380,10,9,0,1343,15,10
1696861440,10,9,0,1344,15,10
1696861500,10,9,0,1345,15,10
1696861560,10,9,0,1346,15,10
1696861620,10,9,0,1347,15,10
1696861680,10,9,0,1348,15,9
1696861740,10,9,0,1349,15,12
1696861800,10,9,0,1350,15,12
1696861860,10,9,0,1351,15,12
1696861920,10,9,0,1352,15,14
1696861980,10,9,0,1353,15,14
1696862040,10,9,0,1354,15,15
1696862100,10,9,0,1355,15,15
1696862160,10,9,0,1356,15,15
1696862220,10,9,0,1357,15,15
1696862280,10,9,0,1358,15,15
1696862340,10,9,0,1359,15,15
1696862400,10,9,0,1360,15,15
1696862460,10,9,0,1361,15,15
1696862520,10,9,0,1362,15,15
1696862580,10,9,0,1363,15,15
1696862640,10,9,0,1364,15,15
1696862700,10,9,0,1365,15,15
1696862760,10,9,0,1366,15,15
1696862820,10,9,0,1367,15,15
1696862880,10,9,0,1368,15,15
1696862940,10,9,0,1369,15,15
1696863000,10,9,0,1370,15,15
1696863060,10,9,0,1371,15,15
1696863120,10,9,0,1372,15,15
1696863180,10,9,0,1373,15,15
1696863240,10,9,0,1374,15,15
1696863300,10,9,0,1375,15,15
1696863360,10,9,0,1376,15,15
1696863420,10,9,0,1377,15,15
1696863480,10,9,0,1378,15,15
1696863540,10,9,0,1379,15,15
1696863660,10,9,0,1381,15,15
1696863720,10,9,0,1382,15,15
1696863780,10,9,0,1383,15,15
1696863840,10,9,0,1384,15,15
1696863900,10,9,0,1385,15,15
1696863960,10,9,0,1386,15,15
1696864020,10,9,0,1387,15,15
1696864080,10,9,0,1388,15,15
1696864140,10,9,0,1389,15,15
1696864200,10,9,0,1390,15,15
1696864260,10,9,0,1391,15,15
1696864320,10,9,0,1392,15,15
1696864380,10,9,0,1393,15,15
1696864440,10,9,0,1394,15,15
1696864500,10,9,0,1395,15,15
1696864560,10,9,0,1396,15,15
1696864620,10,9,0,1397,15,15
1696864680,10,9,0,1398,15,15
1696864740,10,9,0,1399,15,15
1696864860,10,9,0,1401,15,15
1696864920,10,9,0,1402,15,15
1696864980,10,9,0,1403,15,15
1696865040,10,9,0,1404,15,15
1696865100,10,9,0,1405,15,15
1696865160,10,9,0,1406,15,15
1696865220,10,9,0,1407,15,15
1696865280,10,9,0,1408,15,15
1696865340,10,9,0,1409,15,15
1696865400,10,9,0,1410,15,15
1696865460,10,9,0,1411,15,15
1696865520,10,9,0,1412,15,15
1696865580,10,9,0,1413,15,15
1696865640,10,9,0,1414,15,15
1696865700,10,9,0,1415,15,15
1696865760,10,9,0,1416,15,15
1696865820,10,9,0,1417,15,15
1696865880,10,9,0,1418,15,15
1696865940,10,9,0,1419,15,15
1696866000,10,9,0,1420,15,15
1696866060,10,9,0,1421,15,15
1696866120,10,9,0,1422,15,15
1696866180,10,9,0,1423,15,15
1696866240,10,9,0,1424,15,15
1696866300,10,9,0,1425,15,15
1696866360,10,9,0,1426,15,14
1696866420,10,9,0,1427,15,15
1696866480,10,9,0,1428,15,15
1696866540,10,9,0,1429,15,15
1696866600,10,9,0,1430,15,15
1696866660,10,9,0,1431,15,15
1696866720,10,9,0,1432,15,15
1696866780,10,9,0,1433,15,15
1696866840,10,9,0,1434,15,15
1696866900,10,9,0,1435,15,15
1696866960,10,9,0,1436,15,15
1696867020,10,9,0,1437,15,15
1696867080,10,9,0,1438,15,15
1696867140,10,9,0,1439,15,15
1696867260,10,10,1,1,15,15
1696867320,10,10,1,2,15,15
1696867380,10,10,1,3,15,15
1696867440,10,10,1,4,15,15
1696867500,10,10,1,5,15,15
1696867560,10,10,1,6,15,15
1696867620,10,10,1,7,15,15
1696867680,10,10,1,8,15,15
1696867740,10,10,1,9,15,15
1696867800,10,10,1,10,15,15
1696867860,10,10,1,11,15,15
1696867920,10,10,1,12,15,15
1696867980,10,10,1,13,15,15
1696868040,10,10,1,14,15,15
1696868100,10,10,1,15,15,15
1696868160,10,10,1,16,15,15
1696868220,10,10,1,17,15,15
1696868280,10,10,1,18,15,15
1696868340,10,10,1,19,15,15
1696868460,10,10,1,21,15,15
1696868520,10,10,1,22,15,15
1696868580,10,10,1,23,15,15
1696868640,10,10,1,24,15,15
1696868700,10,10,1,25,15,15
1696868760,10,10,1,26,15,15
1696868820,10,10,1,27,15,15
1696868880,10,10,1,28,15,15
1696868940,10,10,1,29,15,15
1696869000,10,10,1,30,15,15
1696869060,10,10,1,31,15,15
1696869120,10,10,1,32,15,15
1696869180,10,10,1,33,15,15
1696869240,10,10,1,34,15,15
1696869300,10,10,1,35,15,15
1696869360,10,10,1,36,15,15
1696869420,10,10,1,37,15,15
1696869480,10,10,1,38,15,15
1696869540,10,10,1,39,15,15
1696869600,10,10,1,40,15,15
1696869660,10,10,1,41,15,15
1696869720,10,10,1,42,15,15
1696869780,10,10,1,43,15,15
1696869840,10,10,1,44,15,15
1696869900,10,10,1,45,15,15
1696869960,10,10,1,46,15,15
1696870020,10,10,1,47,15,15
1696870080,10,10,1,48,15,15
1696870140,10,10,1,49,15,15
1696870200,10,10,1,50,15,15
1696870260,10,10,1,51,15,15
1696870320,10,10,1,52,15,15
1696870380,10,10,1,53,15,15
1696870440,10,10,1,54,15,15
1696870500,10,10,1,55,15,15
1696870560,10,10,1,56,15,15
1696870620,10,10,1,57,15,15
1696870680,10,10,1,58,15,15
1696870740,10,10,1,59,15,15
1696870800,10,10,1,60,15,15
1696870860,10,10,1,61,15,15
1696870920,10,10,1,62,15,15
1696870980,10,10,1,63,15,15
1696871040,10,10,1,64,15,15
1696871100,10,10,1,65,15,15
1696871160,10,10,1,66,15,15
1696871220,10,10,1,67,15,15
1696871280,10,10,1,68,15,15
1696871340,10,10,1,69,15,15
1696871400,10,10,1,70,15,15
1696871460,10,10,1,71,15,15
1696871520,10,10,1,72,15,15
1696871580,10,10,1,73,15,15
1696871640,10,10,1,74,15,15
1696871700,10,10,1,75,15,15
1696871760,10,10,1,76,15,15
1696871820,10,10,1,77,15,15
1696871880,10,10,1,78,15,15
1696871940,10,10,1,79,15,15
1696872060,10,10,1,81,15,15
1696872120,10,10,1,82,15,15
1696872180,10,10,1,83,15,15
1696872240,10,10,1,84,15,15
1696872300,10,10,1,85,15,15
1696872360,10,10,1,86,15,15
1696872420,10,10,1,87,15,15
1696872480,10,10,1,88,15,15
1696872540,10,10,1,89,15,15
1696872600,10,10,1,90,15,15
1696872660,10,10,1,91,15,15
1696872720,10,10,1,92,15,15
1696872780,10,10,1,93,15,15
1696872840,10,10,1,94,15,15
1696872900,10,10,1,95,15,15
1696872960,10,10,1,96,15,15
1696873020,10,10,1,97,15,15
1696873080,10,10,1,98,15,15
1696873140,10,10,1,99,15,15
1696873200,10,10,1,100,15,15
1696873260,10,10,1,101,15,15
1696873320,10,10,1,102,15,15
1696873380,10,10,1,103,15,15
1696873440,10,10,1,104,15,15
1696873500,10,10,1,105,15,15
1696873560,10,10,1,106,15,15
1696873620,10,10,1,107,15,15
1696873680,10,10,1,108,15,15
1696873740,10,10,1,109,15,15
1696873800,10,10,1,110,15,15
1696873860,10,10,1,111,15,15
1696873920,10,10,1,112,15,15
1696873980,10,10,1,113,15,15
1696874040,10,10,1,114,15,15
1696874100,10,10,1,115,15,15
1696874160,10,10,1,116,15,15
1696874220,10,10,1,117,15,15
1696874280,10,10,1,118,15,15
1696874340,10,10,1,119,15,15
1696874460,10,10,1,121,15,15
1696874520,10,10,1,122,15,15
1696874580,10,10,1,123,15,15
1696874640,10,10,1,124,15,15
1696874700,10,10,1,125,15,15
1696874760,10,10,1,126,15,15
1696874820,10,10,1,127,15,15
1696874880,10,10,1,128,15,15
1696874940,10,10,1,129,15,15
1696875000,10,10,1,130,15,15
1696875060,10,10,1,131,15,15
1696875120,10,10,1,132,15,15
1696875180,10,10,1,133,15,15
1696875240,10,10,1,134,15,15
1696875300,10,10,1,135,15,15
1696875360,10,10,1,136,15,15
1696875420,10,10,1,137,15,15
1696875480,10,10,1,138,15,15
1696875540,10,10,1,139,15,15
1696875660,10,10,1,141,15,15
1696875720,10,10,1,142,15,15
1696875780,10,10,1,143,15,15
1696875840,10,10,1,144,15,15
1696875900,10,10,1,145,15,15
1696875960,10,10,1,146,15,15
1696876020,10,10,1,147,15,15
1696876080,10,10,1,148,15,15
1696876140,10,10,1,149,15,14
1696876200,10,10,1,150,15,14
1696876260,10,10,1,151,15,14
1696876320,10,10,1,152,15,14
1696876380,10,10,1,153,15,14
1696876440,10,10,1,154,15,14
1696876500,10,10,1,155,15,14
1696876560,10,10,1,156,15,14
1696876620,10,10,1,157,15,14
1696876680,10,10,1,158,15,15
1696876740,10,10,1,159,15,15
1696876800,10,10,1,160,15,15
1696876860,10,10,1,161,15,15
1696876920,10,10,1,162,15,15
1696876980,10,10,1,163,15,15
1696877040,10,10,1,164,15,15
1696877100,10,10,1,165,15,15
1696877160,10,10,1,166,15,15
1696877220,10,10,1,167,15,15
1696877280,10,10,1,168,15,15
1696877340,10,10,1,169,15,15
1696877400,10,10,1,170,15,15
1696877460,10,10,1,171,15,15
1696877520,10,10,1,172,15,15
1696877580,10,10,1,173,15,15
1696877640,10,10,1,174,15,15
1696877700,10,10,1,175,15,15
1696877760,10,10,1,176,15,15
1696877820,10,10,1,177,15,15
1696877880,10,10,1,178,15,15
1696877940,10,10,1,179,15,15
1696878000,10,10,1,180,15,15
1696878060,10,10,1,181,15,15
1696878120,10,10,1,182,15,15
1696878180,10,10,1,183,15,12
1696878240,10,10,1,184,15,11
1696878300,10,10,1,185,15,11
1696878360,10,10,1,186,15,11
1696878420,10,10,1,187,15,11
1696878480,10,10,1,188,15,14
1696878540,10,10,1,189,15,14
1696878600,10,10,1,190,15,14
1696878660,10,10,1,191,15,14
1696878720,10,10,1,192,15,14
1696878780,10,10,1,193,15,14
1696878840,10,10,1,194,15,14
1696878900,10,10,1,195,15,14
1696878960,10,10,1,196,15,14
1696879020,10,10,1,197,15,14
1696879080,10,10,1,198,15,14
1696879140,10,10,1,199,15,14
1696879260,10,10,1,201,15,14
1696879320,10,10,1,202,15,13
1696879380,10,10,1,203,15,13
1696879440,10,10,1,204,15,13
1696879500,10,10,1,205,15,13
1696879560,10,10,1,206,15,13
1696879620,10,10,1,207,15,13
1696879680,10,10,1,208,15,13
1696879740,10,10,1,209,15,13
1696879800,10,10,1,210,15,13
1696879860,10,10,1,211,15,13
1696879920,10,10,1,212,15,13
1696879980,10,10,1,213,15,13
1696880040,10,10,1,214,15,13
1696880100,10,10,1,215,15,13
1696880160,10,10,1,216,15,13
1696880220,10,10,1,217,15,13
1696880280,10,10,1,218,15,13
1696880340,10,10,1,219,15,13
1696880400,10,10,1,220,15,13
1696880460,10,10,1,221,15,13
1696880520,10,10,1,222,15,13
1696880580,10,10,1,223,15,13
1696880640,10,10,1,224,15,13
1696880700,10,10,1,225,15,13
1696880760,10,10,1,226,15,13
1696880820,10,10,1,227,15,13
1696880880,10,10,1,228,15,13
1696880940,10,10,1,229,15,13
1696881000,10,10,1,230,15,13
1696881060,10,10,1,231,15,14
1696881120,10,10,1,232,15,14
1696881180,10,10,1,233,15,14
1696881240,10,10,1,234,15,14
1696881300,10,10,1,235,15,14
1696881360,10,10,1,236,15,14
1696881420,10,10,1,237,15,14
1696881480,10,10,1,238,15,14
1696881540,10,10,1,239,15,14
1696881600,10,10,1,240,15,14
1696881660,10,10,1,241,15,14
1696881720,10,10,1,242,15,14
1696881780,10,10,1,243,15,14
1696881840,10,10,1,244,15,14
1696881900,10,10,1,245,15,14
1696881960,10,10,1,246,15,14
1696882020,10,10,1,247,15,14
1696882080,10,10,1,248,15,14
1696882140,10,10,1,249,15,14
1696882200,10,10,1,250,15,14
1696882260,10,10,1,251,15,14
1696882320,10,10,1,252,15,14
1696882380,10,10,1,253,15,14
1696882440,10,10,1,254,15,14
1696882500,10,10,1,255,15,14
1696882560,10,10,1,256,15,14
1696882620,10,10,1,257,15,14
1696882680,10,10,1,258,15,14
1696882740,10,10,1,259,15,14
1696882860,10,10,1,261,15,13
1696882920,10,10,1,262,15,13
1696882980,10,10,1,263,15,13
1696883040,10,10,1,264,15,13
1696883100,10,10,1,265,15,13
1696883160,10,10,1,266,15,13
1696883220,10,10,1,267,15,13
1696883280,10,10,1,268,15,13
1696883340,10,10,1,269,15,13
1696883400,10,10,1,270,15,13
1696883460,10,10,1,271,15,13
1696883520,10,10,1,272,15,13
1696883580,10,10,1,273,15,13
1696883640,10,10,1,274,15,13
1696883700,10,10,1,275,15,13
1696883760,10,10,1,276,15,13
1696883820,10,10,1,277,15,13
1696883880,10,10,1,278,15,13
1696883940,10,10,1,279,15,13
1696884000,10,10,1,280,15,13
1696884060,10,10,1,281,15,13
1696884120,10,10,1,282,15,13
1696884180,10,10,1,283,15,13
1696884240,10,10,1,284,15,13
1696884300,10,10,1,285,15,13
1696884420,10,10,1,287,15,13
1696884480,10,10,1,288,15,13
1696884540,10,10,1,289,15,13
1696884600,10,10,1,290,15,13
1696884660,10,10,1,291,15,13
1696884720,10,10,1,292,15,13
1696884780,10,10,1,293,15,13
1696884840,10,10,1,294,15,13
1696884900,10,10,1,295,15,13
1696884960,10,10,1,296,15,13
1696885020,10,10,1,297,15,13
1696885080,10,10,1,298,15,13
1696885140,10,10,1,299,15,13
1696885200,10,10,1,300,15,13
1696885260,10,10,1,301,15,13
1696885320,10,10,1,302,15,13
1696885380,10,10,1,303,15,13
1696885440,10,10,1,304,15,13
1696885500,10,10,1,305,15,13
1696885560,10,10,1,306,15,13
1696885620,10,10,1,307,15,13
1696885680,10,10,1,308,15,13
1696885740,10,10,1,309,15,13
1696885800,10,10,1,310,15,13
1696885860,10,10,1,311,15,13
1696885920,10,10,1,312,15,13
1696885980,10,10,1,313,15,13
1696886040,10,10,1,314,15,13
1696886100,10,10,1,315,15,13
1696886160,10,10,1,316,15,13
1696886220,10,10,1,317,15,13
1696886280,10,10,1,318,15,13
1696886340,10,10,1,319,15,13
1696886460,10,10,1,321,15,13
1696886520,10,10,1,322,15,13
1696886580,10,10,1,323,15,13
1696886640,10,10,1,324,15,13
1696886700,10,10,1,325,15,13
1696886760,10,10,1,326,15,13
1696886820,10,10,1,327,15,13
1696886880,10,10,1,328,15,13
1696886940,10,10,1,329,15,13
1696887000,10,10,1,330,15,14
1696887060,10,10,1,331,15,14
1696887120,10,10,1,332,15,14
1696887180,10,10,1,333,15,14
1696887240,10,10,1,334,15,14
1696887300,10,10,1,335,15,14
1696887360,10,10,1,336,15,14
1696887420,10,10,1,337,15,14
1696887480,10,10,1,338,15,14
1696887540,10,10,1,339,15,14
1696887600,10,10,1,340,15,14
1696887660,10,10,1,341,15,14
1696887720,10,10,1,342,15,14
1696887780,10,10,1,343,15,14
1696887840,10,10,1,344,15,14
1696887900,10,10,1,345,15,14
1696887960,10,10,1,346,15,14
1696888020,10,10,1,347,15,14
1696888080,10,10,1,348,15,14
1696888140,10,10,1,349,15,14
1696888200,10,10,1,350,15,14
1696888260,10,10,1,351,15,14
1696888320,10,10,1,352,15,14
1696888380,10,10,1,353,15,14
1696888440,10,10,1,354,15,14
1696888500,10,10,1,355,15,14
1696888560,10,10,1,356,15,14
1696888620,10,10,1,357,15,14
1696888680,10,10,1,358,15,14
1696888740,10,10,1,359,15,14
1696888800,10,10,1,360,15,14
1696888860,10,10,1,361,15,14
1696888920,10,10,1,362,15,14
1696888980,10,10,1,363,15,14
1696889040,10,10,1,364,15,14
1696889100,10,10,1,365,15,14
1696889160,10,10,1,366,15,14
1696889220,10,10,1,367,15,14
1696889280,10,10,1,368,15,14
1696889340,10,10,1,369,15,14
1696889400,10,10,1,370,15,14
1696889460,10,10,1,371,15,14
1696889520,10,10,1,372,15,14
1696889580,10,10,1,373,15,14
1696889640,10,10,1,374,15,14
1696889700,10,10,1,375,15,14
1696889760,10,10,1,376,15,13
1696889820,10,10,1,377,15,13
1696889880,10,10,1,378,15,13
1696889940,10,10,1,379,15,13
1696890060,10,10,1,381,15,13
1696890120,10,10,1,382,15,13
1696890180,10,10,1,383,15,14
1696890240,10,10,1,384,15,14
1696890300,10,10,1,385,15,14
1696890360,10,10,1,386,15,14
1696890420,10,10,1,387,15,14
1696890480,10,10,1,388,15,14
1696890540,10,10,1,389,15,14
1696890600,10,10,1,390,15,14
1696890660,10,10,1,391,15,14
1696890720,10,10,1,392,15,14
1696890780,10,10,1,393,15,14
1696890840,10,10,1,394,15,14
1696890900,10,10,1,395,15,14
1696890960,10,10,1,396,15,14
1696891020,10,10,1,397,15,14
1696891080,10,10,1,398,15,14
1696891140,10,10,1,399,15,14
1696891200,10,10,1,400,15,14
1696891260,10,10,1,401,15,14
1696891320,10,10,1,402,15,14
1696891380,10,10,1,403,15,14
1696891440,10,10,1,404,15,14
1696891500,10,10,1,405,15,14
1696891560,10,10,1,406,15,14
1696891620,10,10,1,407,15,13
1696891680,10,10,1,408,15,13
1696891740,10,10,1,409,15,13
1696891800,10,10,1,410,15,13
1696891860,10,10,1,411,15,13
1696891920,10,10,1,412,15,13
1696891980,10,10,1,413,15,13
1696892040,10,10,1,414,15,13
1696892100,10,10,1,415,15,13
1696892160,10,10,1,416,15,13
1696892220,10,10,1,417,15,13
1696892280,10,10,1,418,15,13
1696892340,10,10,1,419,15,13
1696892400,10,10,1,420,15,13
1696892460,10,10,1,421,15,13
1696892520,10,10,1,422,15,13
1696892580,10,10,1,423,15,13
1696892640,10,10,1,424,15,13
1696892700,10,10,1,425,15,13
1696892760,10,10,1,426,15,13
1696892820,10,10,1,427,15,13
1696892880,10,10,1,428,15,13
1696892940,10,10,1,429,15,13
1696893000,10,10,1,430,15,13
1696893060,10,10,1,431,15,13
1696893120,10,10,1,432,15,13
1696893180,10,10,1,433,15,13
1696893240,10,10,1,434,15,13
1696893300,10,10,1,435,15,13
1696893360,10,10,1,436,15,13
1696893420,10,10,1,437,15,13
1696893480,10,10,1,438,15,13
1696893540,10,10,1,439,15,13
1696893660,10,10,1,441,15,13
1696893720,10,10,1,442,15,13
1696893780,10,10,1,443,15,13
1696893840,10,10,1,444,15,13
1696893900,10,10,1,445,15,13
1696893960,10,10,1,446,15,13
1696894020,10,10,1,447,15,13
1696894080,10,10,1,448,15,13
1696894140,10,10,1,449,15,13
1696894200,10,10,1,450,15,13
1696894260,10,10,1,451,15,13
1696894320,10,10,1,452,15,13
1696894380,10,10,1,453,15,13
1696894440,10,10,1,454,15,13
1696894500,10,10,1,455,15,13
1696894560,10,10,1,456,15,13
1696894620,10,10,1,457,15,13
1696894680,10,10,1,458,15,13
1696894740,10,10,1,459,15,13
1696894800,10,10,1,460,15,13
1696894860,10,10,1,461,15,13
1696894920,10,10,1,462,15,13
1696894980,10,10,1,463,15,13
1696895040,10,10,1,464,15,13
1696895100,10,10,1,465,15,13
1696895160,10,10,1,466,15,13
1696895220,10,10,1,467,15,13
1696895280,10,10,1,468,15,13
1696895340,10,10,1,469,15,13
1696895400,10,10,1,470,15,13
1696895460,10,10,1,471,15,13
1696895520,10,10,1,472,15,13
1696895580,10,10,1,473,15,13
1696895640,10,10,1,474,15,13
1696895700,10,10,1,475,15,13
1696895760,10,10,1,476,15,13
1696895820,10,10,1,477,15,13
1696895880,10,10,1,478,15,13
1696895940,10,10,1,479,15,13
1696896060,10,10,1,481,15,13
1696896120,10,10,1,482,15,14
1696896180,10,10,1,483,15,15
1696896240,10,10,1,484,15,15
1696896300,10,10,1,485,15,15
1696896360,10,10,1,486,15,15
1696896420,10,10,1,487,15,15
1696896480,10,10,1,488,15,15
1696896540,10,10,1,489,15,15
1696896600,10,10,1,490,15,15
1696896660,10,10,1,491,15,15
1696896720,10,10,1,492,15,15
1696896780,10,10,1,493,15,15
1696896840,10,10,1,494,15,15
1696896900,10,10,1,495,15,15
1696896960,10,10,1,496,15,15
1696897020,10,10,1,497,15,15
1696897080,10,10,1,498,15,15
1696897140,10,10,1,499,15,15
1696897260,10,10,1,501,15,15
1696897320,10,10,1,502,15,15
1696897500,10,10,1,505,15,15
1696897560,10,10,1,506,15,15
1696897620,10,10,1,507,15,15
1696897740,10,10,1,509,15,15
1696897800,10,10,1,510,15,15
1696897860,10,10,1,511,15,15
1696897920,10,10,1,512,15,15
1696897980,10,10,1,513,15,15
1696898040,10,10,1,514,15,15
1696898100,10,10,1,515,15,15
1696898160,10,10,1,516,15,15
1696898220,10,10,1,517,15,15
1696898280,10,10,1,518,15,15
1696898340,10,10,1,519,15,15
1696898400,10,10,1,520,15,15
1696898460,10,10,1,521,15,15
1696898520,10,10,1,522,15,15
1696898580,10,10,1,523,15,15
1696898640,10,10,1,524,15,15
1696898700,10,10,1,525,15,15
1696898760,10,10,1,526,15,15
1696898820,10,10,1,527,15,15
1696898880,10,10,1,528,15,15
1696898940,10,10,1,529,15,15
1696899000,10,10,1,530,15,15
1696899060,10,10,1,531,15,15
1696899120,10,10,1,532,15,15
1696899180,10,10,1,533,15,15
1696899240,10,10,1,534,15,15
1696899300,10,10,1,535,15,15
1696899360,10,10,1,536,15,15
1696899420,10,10,1,537,15,15
1696899480,10,10,1,538,15,15
1696899540,10,10,1,539,15,15
1696899660,10,10,1,541,15,15
1696899720,10,10,1,542,15,15
1696899780,10,10,1,543,15,15
1696899840,10,10,1,544,15,15
1696899900,10,10,1,545,15,15
1696899960,10,10,1,546,15,15
1696900020,10,10,1,547,15,15
1696900080,10,10,1,548,15,15
1696900140,10,10,1,549,15,15
1696900200,10,10,1,550,15,15
1696900260,10,10,1,551,15,15
1696900320,10,10,1,552,15,15
1696900380,10,10,1,553,15,15
1696900440,10,10,1,554,15,15
1696900500,10,10,1,555,15,15
1696900560,10,10,1,556,15,15
1696900620,10,10,1,557,15,15
1696900680,10,10,1,558,15,15
1696900740,10,10,1,559,15,15
1696900860,10,10,1,561,15,15
1696900920,10,10,1,562,15,15
1696900980,10,10,1,563,15,15
1696901040,10,10,1,564,15,15
1696901100,10,10,1,565,15,15
1696901160,10,10,1,566,15,15
1696901220,10,10,1,567,15,15
1696901280,10,10,1,568,15,15
1696901340,10,10,1,569,15,15
1696901400,10,10,1,570,15,15
1696901460,10,10,1,571,15,15
1696901520,10,10,1,572,15,15
1696901580,10,10,1,573,15,14
1696901640,10,10,1,574,15,14
1696901760,10,10,1,576,15,13
1696901820,10,10,1,577,15,13
1696901880,10,10,1,578,15,13
1696901940,10,10,1,579,15,13
1696902000,10,10,1,580,15,13
1696902060,10,10,1,581,15,13
1696902120,10,10,1,582,15,13
1696902180,10,10,1,583,15,13
1696902240,10,10,1,584,15,13
1696902300,10,10,1,585,15,13
1696902360,10,10,1,586,15,13
1696902420,10,10,1,587,15,13
1696902480,10,10,1,588,15,13
1696902540,10,10,1,589,15,13
1696902600,10,10,1,590,15,13
1696902660,10,10,1,591,15,14
1696902720,10,10,1,592,15,14
1696902780,10,10,1,593,15,14
1696902840,10,10,1,594,15,14
1696902900,10,10,1,595,15,14
1696902960,10,10,1,596,15,14
1696903020,10,10,1,597,15,14
1696903080,10,10,1,598,15,13
1696903140,10,10,1,599,15,13
1696903380,10,10,1,603,15,13
1696903440,10,10,1,604,15,13
1696903500,10,10,1,605,15,13
1696903560,10,10,1,606,15,12
1696903620,10,10,1,607,15,12
1696903680,10,10,1,608,15,11
1696903740,10,10,1,609,15,11
1696903800,10,10,1,610,15,11
1696903860,10,10,1,611,15,12
1696903920,10,10,1,612,15,12
1696903980,10,10,1,613,15,12
1696904040,10,10,1,614,15,12
1696904100,10,10,1,615,15,12
1696904160,10,10,1,616,15,12
1696904220,10,10,1,617,15,12
1696904280,10,10,1,618,15,13
1696904340,10,10,1,619,15,13
1696904460,10,10,1,621,15,13
1696904520,10,10,1,622,15,13
1696904580,10,10,1,623,15,13
1696904640,10,10,1,624,15,13
1696904700,10,10,1,625,15,13
1696904760,10,10,1,626,15,13
1696904820,10,10,1,627,15,13
1696904880,10,10,1,628,15,11
1696904940,10,10,1,629,15,11
1696905060,10,10,1,631,15,11
1696905120,10,10,1,632,15,11
1696905180,10,10,1,633,15,11
1696905240,10,10,1,634,15,11
1696905300,10,10,1,635,15,11
1696905360,10,10,1,636,15,11
1696905420,10,10,1,637,15,11
1696905480,10,10,1,638,15,11
1696905540,10,10,1,639,15,11
1696905600,10,10,1,640,15,11
1696905660,10,10,1,641,15,11
1696905720,10,10,1,642,15,11
1696905780,10,10,1,643,15,11
1696905840,10,10,1,644,15,11
1696905900,10,10,1,645,15,11
1696905960,10,10,1,646,15,11
1696906020,10,10,1,647,15,11
1696906080,10,10,1,648,15,11
1696906140,10,10,1,649,15,11
1696906200,10,10,1,650,15,11
1696906260,10,10,1,651,15,11
1696906320,10,10,1,652,15,11
1696906380,10,10,1,653,15,11
1696906440,10,10,1,654,15,11
1696906500,10,10,1,655,15,11
1696906560,10,10,1,656,15,11
1696906620,10,10,1,657,15,11
1696906680,10,10,1,658,15,11
1696906740,10,10,1,659,15,11
1696906800,10,10,1,660,15,11
1696906920,10,10,1,662,15,10
1696906980,10,10,1,663,15,10
1696907040,10,10,1,664,15,10
1696907100,10,10,1,665,15,10
1696907160,10,10,1,666,15,10
1696907220,10,10,1,667,15,10
1696907280,10,10,1,668,15,10
1696907340,10,10,1,669,15,10
1696907400,10,10,1,670,15,10
1696907460,10,10,1,671,15,10
1696907520,10,10,1,672,15,10
1696907580,10,10,1,673,15,9
1696907640,10,10,1,674,15,8
1696907700,10,10,1,675,15,8
1696907760,10,10,1,676,15,8
1696907820,10,10,1,677,15,8
1696907880,10,10,1,678,15,8
1696907940,10,10,1,679,15,8
1696908060,10,10,1,681,15,8
1696908120,10,10,1,682,15,8
1696908180,10,10,1,683,15,8
1696908240,10,10,1,684,15,8
1696908300,10,10,1,685,15,8
1696908360,10,10,1,686,15,8
1696908420,10,10,1,687,15,8
1696908480,10,10,1,688,15,8
1696908540,10,10,1,689,15,8
1696908600,10,10,1,690,15,8
1696908660,10,10,1,691,15,8
1696908720,10,10,1,692,15,8
1696908780,10,10,1,693,15,8
1696908840,10,10,1,694,15,8
1696908900,10,10,1,695,15,8
1696908960,10,10,1,696,15,8
1696909020,10,10,1,697,15,8
1696909080,10,10,1,698,15,8
1696909140,10,10,1,699,15,8
1696909200,10,10,1,700,15,9
1696909260,10,10,1,701,15,9
1696909320,10,10,1,702,15,9
1696909380,10,10,1,703,15,9
1696909440,10,10,1,704,15,9
1696909500,10,10,1,705,15,9
1696909560,10,10,1,706,15,9
1696909620,10,10,1,707,15,9
1696909680,10,10,1,708,15,9
1696909740,10,10,1,709,15,9
1696909800,10,10,1,710,15,9
1696909860,10,10,1,711,15,9
1696909920,10,10,1,712,15,9
1696909980,10,10,1,713,15,9
1696910040,10,10,1,714,15,9
1696910100,10,10,1,715,15,9
1696910160,10,10,1,716,15,10
1696910220,10,10,1,717,15,10
1696910280,10,10,1,718,15,10
1696910340,10,10,1,719,15,10
1696910460,10,10,1,721,15,9
1696910520,10,10,1,722,15,9
1696910580,10,10,1,723,15,9
1696910640,10,10,1,724,15,9
1696910700,10,10,1,725,15,9
1696910760,10,10,1,726,15,10
1696910820,10,10,1,727,15,9
1696910880,10,10,1,728,15,9
1696910940,10,10,1,729,15,9
1696911000,10,10,1,730,15,9
1696911060,10,10,1,731,15,10
1696911120,10,10,1,732,15,10
1696911180,10,10,1,733,15,10
1696911240,10,10,1,734,15,10
1696911300,10,10,1,735,15,10
1696911360,10,10,1,736,15,10
1696911420,10,10,1,737,15,10
1696911480,10,10,1,738,15,10
1696911540,10,10,1,739,15,10
1696911660,10,10,1,741,15,10
1696911720,10,10,1,742,15,11
1696911780,10,10,1,743,15,11
1696911840,10,10,1,744,15,12
1696911900,10,10,1,745,15,12
1696911960,10,10,1,746,15,12
1696912020,10,10,1,747,15,11
1696912080,10,10,1,748,15,10
1696912140,10,10,1,749,15,10
1696912260,10,10,1,751,15,10
1696912320,10,10,1,752,15,10
1696912380,10,10,1,753,15,10
1696912440,10,10,1,754,15,11
1696912500,10,10,1,755,15,11
1696912560,10,10,1,756,15,11
1696912620,10,10,1,757,15,11
1696912680,10,10,1,758,15,11
1696912740,10,10,1,759,15,11
1696912800,10,10,1,760,15,11
1696912860,10,10,1,761,15,11
1696912920,10,10,1,762,15,11
1696912980,10,10,1,763,15,11
1696913040,10,10,1,764,15,11
1696913100,10,10,1,765,15,11
1696913160,10,10,1,766,15,12
1696913220,10,10,1,767,15,12
1696913280,10,10,1,768,15,11
1696913340,10,10,1,769,15,11
1696913400,10,10,1,770,15,11
1696913460,10,10,1,771,15,12
1696913520,10,10,1,772,15,12
1696913580,10,10,1,773,15,12
1696913640,10,10,1,774,15,12
1696913700,10,10,1,775,15,12
1696913760,10,10,1,776,15,12
1696913820,10,10,1,777,15,12
1696913880,10,10,1,778,15,12
1696913940,10,10,1,779,15,13
1696914060,10,10,1,781,15,13
1696914120,10,10,1,782,15,13
1696914180,10,10,1,783,15,13
1696914240,10,10,1,784,15,13
1696914300,10,10,1,785,15,13
1696914360,10,10,1,786,15,12
1696914420,10,10,1,787,15,12
1696914480,10,10,1,788,15,12
1696914540,10,10,1,789,15,11
1696914600,10,10,1,790,15,11
1696914660,10,10,1,791,15,11
1696914720,10,10,1,792,15,11
1696914780,10,10,1,793,15,10
1696914840,10,10,1,794,15,10
1696914900,10,10,1,795,15,11
1696914960,10,10,1,796,15,11
1696915080,10,10,1,798,15,11
1696915140,10,10,1,799,15,11
1696915260,10,10,1,801,15,11
1696915320,10,10,1,802,15,11
1696915380,10,10,1,803,15,11
1696915440,10,10,1,804,15,11
1696915500,10,10,1,805,15,11
1696915560,10,10,1,806,15,11
1696915620,10,10,1,807,15,11
1696915680,10,10,1,808,15,11
1696915740,10,10,1,809,15,11
1696915860,10,10,1,811,15,11
1696915920,10,10,1,812,15,11
1696915980,10,10,1,813,15,11
1696916040,10,10,1,814,15,11
1696916100,10,10,1,815,15,11
1696916160,10,10,1,816,15,11
1696916220,10,10,1,817,15,11
1696916280,10,10,1,818,15,11
1696916340,10,10,1,819,15,11
1696916400,10,10,1,820,15,11
1696916460,10,10,1,821,15,11
1696916520,10,10,1,822,15,11
1696916580,10,10,1,823,15,11
1696916640,10,10,1,824,15,11
1696916700,10,10,1,825,15,11
1696916760,10,10,1,826,15,11
1696916820,10,10,1,827,15,11
1696916880,10,10,1,828,15,10
1696916940,10,10,1,829,15,10
1696917000,10,10,1,830,15,10
1696917060,10,10,1,831,15,10
1696917120,10,10,1,832,15,10
1696917180,10,10,1,833,15,10
1696917240,10,10,1,834,15,10
1696917300,10,10,1,835,15,10
1696917360,10,10,1,836,15,12
1696917420,10,10,1,837,15,12
1696917480,10,10,1,838,15,12
1696917540,10,10,1,839,15,12
1696917660,10,10,1,841,15,11
1696917720,10,10,1,842,15,11
1696917780,10,10,1,843,15,11
1696917840,10,10,1,844,15,11
1696917900,10,10,1,845,15,12
1696917960,10,10,1,846,15,12
1696918020,10,10,1,847,15,11
1696918080,10,10,1,848,15,12
1696918140,10,10,1,849,15,12
1696918200,10,10,1,850,15,12
1696918260,10,10,1,851,15,12
1696918320,10,10,1,852,15,12
1696918380,10,10,1,853,15,12
1696918440,10,10,1,854,15,12
1696918500,10,10,1,855,15,13
1696918560,10,10,1,856,15,13
1696918620,10,10,1,857,15,13
1696918680,10,10,1,858,15,12
1696918740,10,10,1,859,15,12
1696918860,10,10,1,861,15,13
1696918920,10,10,1,862,15,14
1696918980,10,10,1,863,15,14
1696919040,10,10,1,864,15,14
1696919100,10,10,1,865,15,14
1696919160,10,10,1,866,15,14
1696919220,10,10,1,867,15,14
1696919280,10,10,1,868,15,14
1696919340,10,10,1,869,15,14
1696919460,10,10,1,871,15,14
1696919520,10,10,1,872,15,14
1696919580,10,10,1,873,15,14
1696919640,10,10,1,874,15,14
1696919700,10,10,1,875,15,14
1696919760,10,10,1,876,15,14
1696919820,10,10,1,877,15,14
1696919880,10,10,1,878,15,13
1696919940,10,10,1,879,15,13
1696920000,10,10,1,880,15,13
1696920060,10,10,1,881,15,13
1696920120,10,10,1,882,15,13
1696920180,10,10,1,883,15,13
1696920240,10,10,1,884,15,13
1696920300,10,10,1,885,15,13
1696920360,10,10,1,886,15,13
1696920420,10,10,1,887,15,13
1696920480,10,10,1,888,15,13
1696920540,10,10,1,889,15,13
1696920600,10,10,1,890,15,13
1696920660,10,10,1,891,15,12
1696920720,10,10,1,892,15,12
1696920780,10,10,1,893,15,12
1696920840,10,10,1,894,15,12
1696920900,10,10,1,895,15,12
1696920960,10,10,1,896,15,12
1696921020,10,10,1,897,15,12
1696921080,10,10,1,898,15,12
1696921140,10,10,1,899,15,13
1696921200,10,10,1,900,15,13
1696921320,10,10,1,902,15,14
1696921380,10,10,1,903,15,14
1696921440,10,10,1,904,15,14
1696921500,10,10,1,905,15,14
1696921560,10,10,1,906,15,14
1696921620,10,10,1,907,15,14
1696921680,10,10,1,908,15,14
1696921740,10,10,1,909,15,14
1696921800,10,10,1,910,15,14
1696921860,10,10,1,911,15,13
1696921920,10,10,1,912,15,13
1696921980,10,10,1,913,15,13
1696922040,10,10,1,914,15,13
1696922100,10,10,1,915,15,13
1696922160,10,10,1,916,15,13
1696922280,10,10,1,918,15,13
1696922340,10,10,1,919,15,13
1696922460,10,10,1,921,15,13
1696922520,10,10,1,922,15,13
1696922580,10,10,1,923,15,13
1696922640,10,10,1,924,15,13
1696922700,10,10,1,925,15,13
1696922760,10,10,1,926,15,13
1696922820,10,10,1,927,15,13
1696922880,10,10,1,928,15,13
1696922940,10,10,1,929,15,13
1696923000,10,10,1,930,15,13
1696923060,10,10,1,931,15,13
1696923120,10,10,1,932,15,15
1696923180,10,10,1,933,15,15
1696923240,10,10,1,934,15,15
1696923300,10,10,1,935,15,15
1696923360,10,10,1,936,15,15
1696923420,10,10,1,937,15,15
1696923480,10,10,1,938,15,15
1696923540,10,10,1,939,15,15
1696923600,10,10,1,940,15,15
1696923660,10,10,1,941,15,15
1696923720,10,10,1,942,15,15
1696923780,10,10,1,943,15,15
1696923840,10,10,1,944,15,15
1696923900,10,10,1,945,15,15
1696923960,10,10,1,946,15,14
1696924020,10,10,1,947,15,14
1696924080,10,10,1,948,15,14
1696924140,10,10,1,949,15,14
1696924200,10,10,1,950,15,14
1696924260,10,10,1,951,15,14
1696924320,10,10,1,952,15,15
1696924380,10,10,1,953,15,15
1696924440,10,10,1,954,15,12
1696924500,10,10,1,955,15,12
1696924560,10,10,1,956,15,12
1696924620,10,10,1,957,15,12
1696924680,10,10,1,958,15,13
1696924740,10,10,1,959,15,13
1696924860,10,10,1,961,15,13
1696924920,10,10,1,962,15,13
1696924980,10,10,1,963,15,12
1696925040,10,10,1,964,15,12
1696925100,10,10,1,965,15,14
1696925160,10,10,1,966,15,14
1696925220,10,10,1,967,15,14
1696925280,10,10,1,968,15,14
1696925340,10,10,1,969,15,14
1696925400,10,10,1,970,15,15
1696925460,10,10,1,971,15,15
1696925520,10,10,1,972,15,15
1696925580,10,10,1,973,15,15
1696925640,10,10,1,974,15,15
1696925700,10,10,1,975,15,15
1696925760,10,10,1,976,15,15
1696925820,10,10,1,977,15,15
1696925880,10,10,1,978,15,14
1696925940,10,10,1,979,15,15
1696926060,10,10,1,981,15,15
1696926120,10,10,1,982,15,15
1696926180,10,10,1,983,15,15
1696926240,10,10,1,984,15,15
1696926300,10,10,1,985,15,14
1696926360,10,10,1,986,15,14
1696926420,10,10,1,987,15,14
1696926480,10,10,1,988,15,14
1696926540,10,10,1,989,15,14
1696926660,10,10,1,991,15,14
1696926720,10,10,1,992,15,14
1696926780,10,10,1,993,15,14
1696926840,10,10,1,994,15,13
1696926900,10,10,1,995,15,13
1696926960,10,10,1,996,15,13
1696927020,10,10,1,997,15,12
1696927080,10,10,1,998,15,12
1696927140,10,10,1,999,15,12
1696927200,10,10,1,1000,15,12
1696927260,10,10,1,1001,15,11
1696927320,10,10,1,1002,15,11
1696927380,10,10,1,1003,15,11
1696927440,10,10,1,1004,15,10
1696927500,10,10,1,1005,15,10
1696927560,10,10,1,1006,15,9
1696927620,10,10,1,1007,15,8
1696927680,10,10,1,1008,15,7
1696927740,10,10,1,1009,15,6
1696927800,10,10,1,1010,15,6
1696927860,10,10,1,1011,15,6
1696927920,10,10,1,1012,15,6
1696927980,10,10,1,1013,15,6
1696928040,10,10,1,1014,15,6
1696928100,10,10,1,1015,15,6
1696928160,10,10,1,1016,15,6
1696928220,10,10,1,1017,15,4
1696928280,10,10,1,1018,15,4
1696928340,10,10,1,1019,15,4
1696928460,10,10,1,1021,15,3
1696928520,10,10,1,1022,15,3
1696928580,10,10,1,1023,15,2
1696928640,10,10,1,1024,15,2
1696928700,10,10,1,1025,15,2
1696928760,10,10,1,1026,15,2
1696928820,10,10,1,1027,15,2
1696928880,10,10,1,1028,15,3
1696928940,10,10,1,1029,15,3
1696929000,10,10,1,1030,15,3
1696929060,10,10,1,1031,15,3
1696929120,10,10,1,1032,15,3
1696929180,10,10,1,1033,15,3
1696929240,10,10,1,1034,15,3
1696929300,10,10,1,1035,15,3
1696929360,10,10,1,1036,15,3
1696929420,10,10,1,1037,15,3
1696929480,10,10,1,1038,15,3
1696929540,10,10,1,1039,15,3
1696929660,10,10,1,1041,15,3
1696929720,10,10,1,1042,15,3
1696929780,10,10,1,1043,15,3
1696929840,10,10,1,1044,15,3
1696929900,10,10,1,1045,15,3
1696929960,10,10,1,1046,15,3
1696930020,10,10,1,1047,15,3
1696930080,10,10,1,1048,15,3
1696930140,10,10,1,1049,15,3
1696930260,10,10,1,1051,15,3
1696930320,10,10,1,1052,15,4
1696930380,10,10,1,1053,15,4
1696930440,10,10,1,1054,15,4
1696930500,10,10,1,1055,15,4
1696930560,10,10,1,1056,15,4
1696930620,10,10,1,1057,15,4
1696930680,10,10,1,1058,15,4
1696930740,10,10,1,1059,15,3
1696930800,10,10,1,1060,15,3
1696930860,10,10,1,1061,15,2
1696930980,10,10,1,1063,15,1
1696931040,10,10,1,1064,15,1
1696931100,10,10,1,1065,15,1
1696931160,10,10,1,1066,15,1
1696931220,10,10,1,1067,15,1
1696931280,10,10,1,1068,15,1
1696931340,10,10,1,1069,15,1
1696931400,10,10,1,1070,15,1
1696931460,10,10,1,1071,15,1
1696931520,10,10,1,1072,15,1
1696931580,10,10,1,1073,15,1
1696931640,10,10,1,1074,15,1
1696931700,10,10,1,1075,15,1
1696931760,10,10,1,1076,15,1
1696931820,10,10,1,1077,15,1
1696931880,10,10,1,1078,15,1
1696931940,10,10,1,1079,15,0
1696932060,10,10,1,1081,15,1
1696932120,10,10,1,1082,15,2
1696932180,10,10,1,1083,15,2
1696932240,10,10,1,1084,15,2
1696932300,10,10,1,1085,15,1
1696932360,10,10,1,1086,15,1
1696932420,10,10,1,1087,15,1
1696932480,10,10,1,1088,15,1
1696932540,10,10,1,1089,15,1
1696932600,10,10,1,1090,15,1
1696932660,10,10,1,1091,15,1
1696932720,10,10,1,1092,15,1
1696932780,10,10,1,1093,15,1
1696932840,10,10,1,1094,15,1
1696932900,10,10,1,1095,15,1
1696932960,10,10,1,1096,15,1
1696933020,10,10,1,1097,15,1
1696933080,10,10,1,1098,15,2
1696933140,10,10,1,1099,15,2
1696933260,10,10,1,1101,15,2
1696933320,10,10,1,1102,15,2
1696933380,10,10,1,1103,15,2
1696933440,10,10,1,1104,15,2
1696933500,10,10,1,1105,15,2
1696933560,10,10,1,1106,15,2
1696933620,10,10,1,1107,15,2
1696933680,10,10,1,1108,15,2
1696933740,10,10,1,1109,15,2
1696933860,10,10,1,1111,15,1
1696933920,10,10,1,1112,15,1
1696933980,10,10,1,1113,15,1
1696934040,10,10,1,1114,15,1
1696934100,10,10,1,1115,15,2
1696934160,10,10,1,1116,15,2
1696934220,10,10,1,1117,15,2
1696934280,10,10,1,1118,15,2
1696934340,10,10,1,1119,15,2
1696934400,10,10,1,1120,15,2
1696934460,10,10,1,1121,15,2
1696934520,10,10,1,1122,15,2
1696934580,10,10,1,1123,15,2
1696934640,10,10,1,1124,15,2
1696934700,10,10,1,1125,15,2
1696934760,10,10,1,1126,15,2
1696934820,10,10,1,1127,15,1
1696934880,10,10,1,1128,15,1
1696934940,10,10,1,1129,15,1
1696935000,10,10,1,1130,15,1
1696935060,10,10,1,1131,15,1
1696935120,10,10,1,1132,15,2
1696935180,10,10,1,1133,15,2
1696935240,10,10,1,1134,15,2
1696935300,10,10,1,1135,15,2
1696935360,10,10,1,1136,15,2
1696935420,10,10,1,1137,15,2
1696935480,10,10,1,1138,15,3
1696935540,10,10,1,1139,15,4
1696935660,10,10,1,1141,15,3
1696935720,10,10,1,1142,15,2
1696935780,10,10,1,1143,15,2
1696935840,10,10,1,1144,15,2
1696935900,10,10,1,1145,15,2
1696935960,10,10,1,1146,15,2
1696936020,10,10,1,1147,15,2
1696936080,10,10,1,1148,15,2
1696936140,10,10,1,1149,15,2
1696936200,10,10,1,1150,15,2
1696936260,10,10,1,1151,15,2
1696936320,10,10,1,1152,15,3
1696936380,10,10,1,1153,15,3
1696936440,10,10,1,1154,15,3
1696936500,10,10,1,1155,15,3
1696936560,10,10,1,1156,15,3
1696936620,10,10,1,1157,15,3
1696936680,10,10,1,1158,15,3
1696936740,10,10,1,1159,15,3
1696936860,10,10,1,1161,15,3
1696936920,10,10,1,1162,15,3
1696936980,10,10,1,1163,15,3
1696937040,10,10,1,1164,15,3
1696937100,10,10,1,1165,15,2
1696937160,10,10,1,1166,15,2
1696937220,10,10,1,1167,15,2
1696937280,10,10,1,1168,15,2
1696937340,10,10,1,1169,15,2
1696937400,10,10,1,1170,15,2
1696937460,10,10,1,1171,15,1
1696937520,10,10,1,1172,15,1
1696937580,10,10,1,1173,15,1
1696937640,10,10,1,1174,15,1
1696937700,10,10,1,1175,15,1
1696937760,10,10,1,1176,15,1
1696937820,10,10,1,1177,15,1
1696937880,10,10,1,1178,15,1
1696937940,10,10,1,1179,15,2
1696938000,10,10,1,1180,15,2
1696938060,10,10,1,1181,15,2
1696938120,10,10,1,1182,15,2
1696938180,10,10,1,1183,15,2
1696938240,10,10,1,1184,15,2
1696938300,10,10,1,1185,15,2
1696938360,10,10,1,1186,15,3
1696938420,10,10,1,1187,15,3
1696938480,10,10,1,1188,15,3
1696938540,10,10,1,1189,15,3
1696938600,10,10,1,1190,15,3
1696938660,10,10,1,1191,15,3
1696938720,10,10,1,1192,15,3
1696938780,10,10,1,1193,15,3
1696938840,10,10,1,1194,15,4
1696938900,10,10,1,1195,15,5
1696938960,10,10,1,1196,15,5
1696939020,10,10,1,1197,15,6
1696939080,10,10,1,1198,15,6
1696939140,10,10,1,1199,15,6
1696939260,10,10,1,1201,15,5
1696939320,10,10,1,1202,15,5
1696939380,10,10,1,1203,15,5
1696939440,10,10,1,1204,15,5
1696939500,10,10,1,1205,15,5
1696939560,10,10,1,1206,15,6
1696939620,10,10,1,1207,15,5
1696939680,10,10,1,1208,15,5
1696939740,10,10,1,1209,15,6
1696939800,10,10,1,1210,15,6
1696939860,10,10,1,1211,15,6
1696939920,10,10,1,1212,15,6
1696939980,10,10,1,1213,15,6
1696940040,10,10,1,1214,15,6
1696940100,10,10,1,1215,15,6
1696940160,10,10,1,1216,15,6
1696940220,10,10,1,1217,15,6
1696940280,10,10,1,1218,15,6
1696940340,10,10,1,1219,15,6
1696940460,10,10,1,1221,15,6
1696940520,10,10,1,1222,15,6
1696940580,10,10,1,1223,15,6
1696940640,10,10,1,1224,15,6
1696940700,10,10,1,1225,15,6
1696940760,10,10,1,1226,15,6
1696940820,10,10,1,1227,15,6
1696940880,10,10,1,1228,15,6
1696940940,10,10,1,1229,15,6
1696941000,10,10,1,1230,15,6
1696941060,10,10,1,1231,15,6
1696941120,10,10,1,1232,15,6
1696941180,10,10,1,1233,15,6
1696941240,10,10,1,1234,15,6
1696941300,10,10,1,1235,15,6
1696941360,10,10,1,1236,15,6
1696941420,10,10,1,1237,15,6
1696941480,10,10,1,1238,15,6
1696941540,10,10,1,1239,15,6
1696941600,10,10,1,1240,15,7
1696941660,10,10,1,1241,15,7
1696941720,10,10,1,1242,15,8
1696941780,10,10,1,1243,15,8
1696941840,10,10,1,1244,15,8
1696941900,10,10,1,1245,15,9
1696941960,10,10,1,1246,15,10
1696942020,10,10,1,1247,15,10
1696942080,10,10,1,1248,15,11
1696942140,10,10,1,1249,15,12
1696942200,10,10,1,1250,15,13
1696942260,10,10,1,1251,15,13
1696942320,10,10,1,1252,15,13
1696942380,10,10,1,1253,15,13
1696942440,10,10,1,1254,15,13
1696942500,10,10,1,1255,15,13
1696942560,10,10,1,1256,15,13
1696942620,10,10,1,1257,15,13
1696942680,10,10,1,1258,15,13
1696942740,10,10,1,1259,15,13
1696942860,10,10,1,1261,15,13
1696942920,10,10,1,1262,15,13
1696942980,10,10,1,1263,15,14
1696943040,10,10,1,1264,15,15
1696943100,10,10,1,1265,15,15
1696943160,10,10,1,1266,15,15
1696943220,10,10,1,1267,15,15
1696943280,10,10,1,1268,15,15
1696943340,10,10,1,1269,15,15
1696943400,10,10,1,1270,15,15
1696943460,10,10,1,1271,15,15
1696943520,10,10,1,1272,15,15
1696943580,10,10,1,1273,15,15
1696943640,10,10,1,1274,15,15
1696943700,10,10,1,1275,15,15
1696943760,10,10,1,1276,15,15
1696943820,10,10,1,1277,15,15
1696943880,10,10,1,1278,15,15
1696943940,10,10,1,1279,15,15
1696944060,10,10,1,1281,15,15
1696944120,10,10,1,1282,15,15
1696944180,10,10,1,1283,15,15
1696944240,10,10,1,1284,15,15
1696944300,10,10,1,1285,15,15
1696944360,10,10,1,1286,15,15
1696944420,10,10,1,1287,15,15
1696944480,10,10,1,1288,15,15
1696944540,10,10,1,1289,15,15
1696944600,10,10,1,1290,15,15
1696944660,10,10,1,1291,15,15
1696944720,10,10,1,1292,15,15
1696944780,10,10,1,1293,15,15
1696944840,10,10,1,1294,15,15
1696944900,10,10,1,1295,15,15
1696944960,10,10,1,1296,15,15
1696945020,10,10,1,1297,15,15
1696945080,10,10,1,1298,15,15
1696945140,10,10,1,1299,15,15
1696945200,10,10,1,1300,15,15
1696945260,10,10,1,1301,15,15
1696945320,10,10,1,1302,15,15
1696945380,10,10,1,1303,15,15
1696945440,10,10,1,1304,15,15
1696945500,10,10,1,1305,15,15
1696945560,10,10,1,1306,15,14
1696945620,10,10,1,1307,15,15
1696945680,10,10,1,1308,15,15
1696945740,10,10,1,1309,15,15
1696945800,10,10,1,1310,15,15
1696945860,10,10,1,1311,15,15
1696945920,10,10,1,1312,15,15
1696945980,10,10,1,1313,15,15
1696946040,10,10,1,1314,15,15
1696946100,10,10,1,1315,15,15
1696946160,10,10,1,1316,15,15
1696946220,10,10,1,1317,15,15
1696946280,10,10,1,1318,15,15
1696946340,10,10,1,1319,15,15
1696946460,10,10,1,1321,15,15
1696946520,10,10,1,1322,15,15
1696946580,10,10,1,1323,15,15
1696946640,10,10,1,1324,15,15
1696946700,10,10,1,1325,15,15
1696946760,10,10,1,1326,15,15
1696946820,10,10,1,1327,15,15
1696946880,10,10,1,1328,15,15
1696946940,10,10,1,1329,15,15
1696947000,10,10,1,1330,15,15
1696947060,10,10,1,1331,15,15
1696947120,10,10,1,1332,15,15
1696947180,10,10,1,1333,15,15
1696947240,10,10,1,1334,15,15
1696947300,10,10,1,1335,15,15
1696947360,10,10,1,1336,15,15
1696947420,10,10,1,1337,15,15
1696947480,10,10,1,1338,15,15
1696947540,10,10,1,1339,15,15
1696947660,10,10,1,1341,15,15
1696947720,10,10,1,1342,15,15
1696947780,10,10,1,1343,15,15
1696947840,10,10,1,1344,15,15
1696947960,10,10,1,1346,15,14
1696948020,10,10,1,1347,15,15
1696948080,10,10,1,1348,15,15
1696948140,10,10,1,1349,15,15
1696948200,10,10,1,1350,15,15
1696948260,10,10,1,1351,15,15
1696948320,10,10,1,1352,15,15
1696948380,10,10,1,1353,15,15
1696948440,10,10,1,1354,15,15
1696948500,10,10,1,1355,15,15
1696948560,10,10,1,1356,15,15
1696948620,10,10,1,1357,15,15
1696948680,10,10,1,1358,15,15
1696948740,10,10,1,1359,15,15
1696948800,10,10,1,1360,15,15
1696948860,10,10,1,1361,15,15
1696948920,10,10,1,1362,15,15
1696948980,10,10,1,1363,15,15
1696949040,10,10,1,1364,15,15
1696949100,10,10,1,1365,15,14
1696949160,10,10,1,1366,15,15
1696949220,10,10,1,1367,15,15
1696949280,10,10,1,1368,15,15
1696949340,10,10,1,1369,15,15
1696949400,10,10,1,1370,15,15
1696949460,10,10,1,1371,15,15
1696949520,10,10,1,1372,15,15
1696949580,10,10,1,1373,15,15
1696949640,10,10,1,1374,15,15
1696949700,10,10,1,1375,15,15
1696949760,10,10,1,1376,15,15
1696949820,10,10,1,1377,15,15
1696949880,10,10,1,1378,15,15
1696949940,10,10,1,1379,15,15
1696950060,10,10,1,1381,15,15
1696950120,10,10,1,1382,15,15
1696950180,10,10,1,1383,15,15
1696950240,10,10,1,1384,15,15
1696950300,10,10,1,1385,15,15
1696950360,10,10,1,1386,15,15
1696950420,10,10,1,1387,15,14
1696950480,10,10,1,1388,15,14
1696950540,10,10,1,1389,15,14
1696950600,10,10,1,1390,15,15
1696950660,10,10,1,1391,15,15
1696950720,10,10,1,1392,15,15
1696950780,10,10,1,1393,15,15
1696950840,10,10,1,1394,15,15
1696950900,10,10,1,1395,15,15
1696950960,10,10,1,1396,15,15
1696951020,10,10,1,1397,15,15
1696951080,10,10,1,1398,15,15
1696951140,10,10,1,1399,15,15
1696951260,10,10,1,1401,15,15
1696951320,10,10,1,1402,15,15
1696951380,10,10,1,1403,15,15
1696951440,10,10,1,1404,15,15
1696951500,10,10,1,1405,15,15
1696951560,10,10,1,1406,15,15
1696951620,10,10,1,1407,15,15
1696951680,10,10,1,1408,15,15
1696951740,10,10,1,1409,15,15
1696951800,10,10,1,1410,15,15
1696951860,10,10,1,1411,15,14
1696951920,10,10,1,1412,15,14
1696951980,10,10,1,1413,15,14
1696952040,10,10,1,1414,15,14
1696952100,10,10,1,1415,15,14
1696952160,10,10,1,1416,15,15
1696952220,10,10,1,1417,15,15
1696952280,10,10,1,1418,15,15
1696952340,10,10,1,1419,15,15
1696952400,10,10,1,1420,15,15
1696952460,10,10,1,1421,15,15
1696952520,10,10,1,1422,15,15
1696952580,10,10,1,1423,15,15
1696952640,10,10,1,1424,15,15
1696952700,10,10,1,1425,15,15
1696952760,10,10,1,1426,15,15
1696952820,10,10,1,1427,15,15
1696952880,10,10,1,1428,15,15
1696952940,10,10,1,1429,15,15
1696953000,10,10,1,1430,15,15
1696953060,10,10,1,1431,15,15
1696953120,10,10,1,1432,15,15
1696953180,10,10,1,1433,15,15
1696953240,10,10,1,1434,15,15
1696953300,10,10,1,1435,15,15
1696953360,10,10,1,1436,15,15
1696953420,10,10,1,1437,15,15
1696953480,10,10,1,1438,15,15
1696953540,10,10,1,1439,15,15
1696953600,10,11,2,0,15,15
1696953660,10,11,2,1,15,15
1696953720,10,11,2,2,15,15
1696953780,10,11,2,3,15,15
1696953840,10,11,2,4,15,15
1696953900,10,11,2,5,15,15
1696953960,10,11,2,6,15,15
1696954020,10,11,2,7,15,15
1696954080,10,11,2,8,15,15
1696954140,10,11,2,9,15,15
1696954200,10,11,2,10,15,15
1696954260,10,11,2,11,15,15
1696954320,10,11,2,12,15,15
1696954380,10,11,2,13,15,15
1696954440,10,11,2,14,15,15
1696954500,10,11,2,15,15,14
1696954560,10,11,2,16,15,14
1696954620,10,11,2,17,15,15
1696954680,10,11,2,18,15,15
1696954740,10,11,2,19,15,14
1696954860,10,11,2,21,15,14
1696954920,10,11,2,22,15,14
1696954980,10,11,2,23,15,13
1696955040,10,11,2,24,15,14
1696955100,10,11,2,25,15,15
1696955160,10,11,2,26,15,15
1696955220,10,11,2,27,15,15
1696955280,10,11,2,28,15,15
1696955340,10,11,2,29,15,15
1696955400,10,11,2,30,15,15
1696955460,10,11,2,31,15,15
1696955520,10,11,2,32,15,15
1696955580,10,11,2,33,15,15
1696955640,10,11,2,34,15,15
1696955700,10,11,2,35,15,15
1696955760,10,11,2,36,15,15
1696955820,10,11,2,37,15,15
1696955880,10,11,2,38,15,15
1696955940,10,11,2,39,15,15
1696956000,10,11,2,40,15,15
1696956060,10,11,2,41,15,15
1696956120,10,11,2,42,15,15
1696956180,10,11,2,43,15,15
1696956240,10,11,2,44,15,15
1696956300,10,11,2,45,15,15
1696956360,10,11,2,46,15,15
1696956420,10,11,2,47,15,15
1696956480,10,11,2,48,15,15
1696956540,10,11,2,49,15,15
1696956600,10,11,2,50,15,15
1696956660,10,11,2,51,15,15
1696956720,10,11,2,52,15,15
1696956780,10,11,2,53,15,15
1696956840,10,11,2,54,15,14
1696956900,10,11,2,55,15,14
1696956960,10,11,2,56,15,14
1696957020,10,11,2,57,15,14
1696957080,10,11,2,58,15,14
1696957140,10,11,2,59,15,14
1696957260,10,11,2,61,15,14
1696957320,10,11,2,62,15,14
1696957380,10,11,2,63,15,14
1696957440,10,11,2,64,15,14
1696957500,10,11,2,65,15,14
1696957560,10,11,2,66,15,14
1696957620,10,11,2,67,15,14
1696957680,10,11,2,68,15,14
1696957740,10,11,2,69,15,14
1696957800,10,11,2,70,15,14
1696957860,10,11,2,71,15,14
1696957920,10,11,2,72,15,14
1696957980,10,11,2,73,15,14
1696958040,10,11,2,74,15,14
1696958100,10,11,2,75,15,14
1696958160,10,11,2,76,15,14
1696958220,10,11,2,77,15,14
1696958280,10,11,2,78,15,14
1696958340,10,11,2,79,15,14
1696958460,10,11,2,81,15,14
1696958520,10,11,2,82,15,14
1696958580,10,11,2,83,15,14
1696958640,10,11,2,84,15,14
1696958700,10,11,2,85,15,14
1696958760,10,11,2,86,15,14
1696958820,10,11,2,87,15,15
1696958880,10,11,2,88,15,15
1696958940,10,11,2,89,15,15
1696959000,10,11,2,90,15,15
1696959060,10,11,2,91,15,15
1696959120,10,11,2,92,15,15
1696959180,10,11,2,93,15,15
1696959240,10,11,2,94,15,15
1696959300,10,11,2,95,15,15
1696959360,10,11,2,96,15,15
1696959420,10,11,2,97,15,15
1696959480,10,11,2,98,15,15
1696959540,10,11,2,99,15,15
1696959600,10,11,2,100,15,15
1696959660,10,11,2,101,15,15
1696959720,10,11,2,102,15,15
1696959780,10,11,2,103,15,15
1696959840,10,11,2,104,15,15
1696959900,10,11,2,105,15,15
1696959960,10,11,2,106,15,15
1696960020,10,11,2,107,15,15
1696960080,10,11,2,108,15,15
1696960140,10,11,2,109,15,15
1696960200,10,11,2,110,15,15
1696960260,10,11,2,111,15,15
1696960320,10,11,2,112,15,15
1696960380,10,11,2,113,15,15
1696960440,10,11,2,114,15,15
1696960500,10,11,2,115,15,15
1696960560,10,11,2,116,15,15
1696960620,10,11,2,117,15,15
1696960680,10,11,2,118,15,15
1696960740,10,11,2,119,15,15
1696960860,10,11,2,121,15,15
1696960920,10,11,2,122,15,15
1696960980,10,11,2,123,15,15
1696961040,10,11,2,124,15,15
1696961100,10,11,2,125,15,15
1696961160,10,11,2,126,15,15
1696961220,10,11,2,127,15,15
1696961280,10,11,2,128,15,15
1696961340,10,11,2,129,15,15
1696961400,10,11,2,130,15,15
1696961460,10,11,2,131,15,15
1696961520,10,11,2,132,15,15
1696961580,10,11,2,133,15,15
1696961640,10,11,2,134,15,15
1696961700,10,11,2,135,15,15
1696961760,10,11,2,136,15,15
1696961820,10,11,2,137,15,15
1696961880,10,11,2,138,15,15
1696961940,10,11,2,139,15,15
1696962060,10,11,2,141,15,15
1696962120,10,11,2,142,15,15
1696962180,10,11,2,143,15,15
1696962300,10,11,2,145,15,15
1696962360,10,11,2,146,15,15
1696962420,10,11,2,147,15,15
1696962480,10,11,2,148,15,15
1696962540,10,11,2,149,15,15
1696962600,10,11,2,150,15,15
1696962660,10,11,2,151,15,15
1696962720,10,11,2,152,15,15
1696962780,10,11,2,153,15,15
1696962840,10,11,2,154,15,15
1696962900,10,11,2,155,15,15
1696962960,10,11,2,156,15,15
1696963020,10,11,2,157,15,15
1696963080,10,11,2,158,15,14
1696963140,10,11,2,159,15,13
1696963200,10,11,2,160,15,13
1696963260,10,11,2,161,15,13
1696963320,10,11,2,162,15,13
1696963380,10,11,2,163,15,13
1696963440,10,11,2,164,15,13
1696963500,10,11,2,165,15,13
1696963560,10,11,2,166,15,13
1696963620,10,11,2,167,15,13
1696963680,10,11,2,168,15,12
1696963740,10,11,2,169,15,12
1696963800,10,11,2,170,15,12
1696963860,10,11,2,171,15,12
1696963920,10,11,2,172,15,13
1696963980,10,11,2,173,15,13
1696964040,10,11,2,174,15,13
1696964100,10,11,2,175,15,12
1696964160,10,11,2,176,15,12
1696964220,10,11,2,177,15,12
1696964280,10,11,2,178,15,12
1696964340,10,11,2,179,15,12
1696964400,10,11,2,180,15,12
1696964460,10,11,2,181,15,12
1696964520,10,11,2,182,15,12
1696964580,10,11,2,183,15,12
1696964640,10,11,2,184,15,12
1696964700,10,11,2,185,15,12
1696964760,10,11,2,186,15,12
1696964820,10,11,2,187,15,12
1696964880,10,11,2,188,15,12
1696964940,10,11,2,189,15,12
1696965000,10,11,2,190,15,12
1696965060,10,11,2,191,15,12
1696965120,10,11,2,192,15,12
1696965180,10,11,2,193,15,12
1696965240,10,11,2,194,15,12
1696965300,10,11,2,195,15,12
1696965360,10,11,2,196,15,12
1696965420,10,11,2,197,15,12
1696965480,10,11,2,198,15,12
1696965540,10,11,2,199,15,12
1696965660,10,11,2,201,15,12
1696965720,10,11,2,202,15,12
1696965780,10,11,2,203,15,12
1696965840,10,11,2,204,15,12
1696965900,10,11,2,205,15,12
1696965960,10,11,2,206,15,12
1696966020,10,11,2,207,15,12
1696966080,10,11,2,208,15,12
1696966140,10,11,2,209,15,12
1696966260,10,11,2,211,15,12
1696966320,10,11,2,212,15,12
1696966380,10,11,2,213,15,12
1696966440,10,11,2,214,15,12
1696966500,10,11,2,215,15,12
1696966560,10,11,2,216,15,12
1696966620,10,11,2,217,15,12
1696966680,10,11,2,218,15,12
1696966740,10,11,2,219,15,12
1696966800,10,11,2,220,15,12
1696966860,10,11,2,221,15,12
1696966920,10,11,2,222,15,12
1696966980,10,11,2,223,15,12
1696967040,10,11,2,224,15,12
1696967100,10,11,2,225,15,12
1696967160,10,11,2,226,15,12
1696967220,10,11,2,227,15,12
1696967280,10,11,2,228,15,12
1696967340,10,11,2,229,15,12
1696967400,10,11,2,230,15,12
1696967460,10,11,2,231,15,12
1696967520,10,11,2,232,15,12
1696967580,10,11,2,233,15,12
1696967640,10,11,2,234,15,12
1696967700,10,11,2,235,15,12
1696967760,10,11,2,236,15,12
1696967820,10,11,2,237,15,12
1696967880,10,11,2,238,15,12
1696967940,10,11,2,239,15,12
1696968060,10,11,2,241,15,12
1696968120,10,11,2,242,15,12
1696968180,10,11,2,243,15,12
1696968240,10,11,2,244,15,12
1696968300,10,11,2,245,15,12
1696968360,10,11,2,246,15,12
1696968420,10,11,2,247,15,12
1696968480,10,11,2,248,15,12
1696968540,10,11,2,249,15,12
1696968600,10,11,2,250,15,12
1696968660,10,11,2,251,15,12
1696968720,10,11,2,252,15,12
1696968780,10,11,2,253,15,12
1696968840,10,11,2,254,15,12
1696968900,10,11,2,255,15,12
1696968960,10,11,2,256,15,12
1696969020,10,11,2,257,15,12
1696969080,10,11,2,258,15,12
1696969140,10,11,2,259,15,12
1696969260,10,11,2,261,15,12
1696969320,10,11,2,262,15,12
1696969380,10,11,2,263,15,12
1696969440,10,11,2,264,15,12
1696969500,10,11,2,265,15,12
1696969560,10,11,2,266,15,12
1696969620,10,11,2,267,15,12
1696969680,10,11,2,268,15,12
1696969740,10,11,2,269,15,12
1696969800,10,11,2,270,15,12
1696969860,10,11,2,271,15,12
1696969920,10,11,2,272,15,12
1696969980,10,11,2,273,15,12
1696970040,10,11,2,274,15,12
1696970100,10,11,2,275,15,12
1696970160,10,11,2,276,15,12
1696970220,10,11,2,277,15,12
1696970280,10,11,2,278,15,12
1696970340,10,11,2,279,15,12
1696970400,10,11,2,280,15,12
1696970460,10,11,2,281,15,12
1696970520,10,11,2,282,15,12
1696970580,10,11,2,283,15,12
1696970640,10,11,2,284,15,12
1696970700,10,11,2,285,15,12
1696970760,10,11,2,286,15,12
1696970820,10,11,2,287,15,12
1696970880,10,11,2,288,15,12
1696970940,10,11,2,289,15,12
1696971000,10,11,2,290,15,12
1696971060,10,11,2,291,15,12
1696971120,10,11,2,292,15,12
1696971180,10,11,2,293,15,12
1696971240,10,11,2,294,15,12
1696971300,10,11,2,295,15,12
1696971360,10,11,2,296,15,12
1696971420,10,11,2,297,15,12
1696971480,10,11,2,298,15,12
1696971540,10,11,2,299,15,12
1696971600,10,11,2,300,15,12
1696971660,10,11,2,301,15,12
1696971720,10,11,2,302,15,12
1696971780,10,11,2,303,15,12
1696971840,10,11,2,304,15,12
1696971900,10,11,2,305,15,12
1696971960,10,11,2,306,15,12
1696972020,10,11,2,307,15,12
1696972080,10,11,2,308,15,12
1696972140,10,11,2,309,15,12
1696972200,10,11,2,310,15,12
1696972260,10,11,2,311,15,12
1696972320,10,11,2,312,15,12
1696972380,10,11,2,313,15,12
1696972440,10,11,2,314,15,12
1696972500,10,11,2,315,15,12
1696972560,10,11,2,316,15,12
1696972620,10,11,2,317,15,12
1696972680,10,11,2,318,15,12
1696972740,10,11,2,319,15,13
1696972860,10,11,2,321,15,13
1696972920,10,11,2,322,15,13
1696972980,10,11,2,323,15,13
1696973040,10,11,2,324,15,13
1696973100,10,11,2,325,15,13
1696973160,10,11,2,326,15,13
1696973220,10,11,2,327,15,13
1696973280,10,11,2,328,15,13
1696973340,10,11,2,329,15,13
1696973400,10,11,2,330,15,13
1696973460,10,11,2,331,15,13
1696973520,10,11,2,332,15,13
1696973580,10,11,2,333,15,13
1696973640,10,11,2,334,15,13
1696973700,10,11,2,335,15,13
1696973760,10,11,2,336,15,13
1696973820,10,11,2,337,15,13
1696973880,10,11,2,338,15,13
1696973940,10,11,2,339,15,13
1696974000,10,11,2,340,15,13
1696974060,10,11,2,341,15,13
1696974120,10,11,2,342,15,13
1696974180,10,11,2,343,15,13
1696974240,10,11,2,344,15,13
1696974300,10,11,2,345,15,13
1696974360,10,11,2,346,15,13
1696974420,10,11,2,347,15,13
1696974480,10,11,2,348,15,13
1696974540,10,11,2,349,15,13
1696974600,10,11,2,350,15,14
1696974660,10,11,2,351,15,14
1696974720,10,11,2,352,15,14
1696974780,10,11,2,353,15,14
1696974840,10,11,2,354,15,14
1696974900,10,11,2,355,15,14
1696974960,10,11,2,356,15,14
1696975020,10,11,2,357,15,14
1696975080,10,11,2,358,15,14
1696975140,10,11,2,359,15,14
1696975200,10,11,2,360,15,14
1696975260,10,11,2,361,15,14
1696975320,10,11,2,362,15,14
1696975380,10,11,2,363,15,14
1696975440,10,11,2,364,15,14
1696975500,10,11,2,365,15,14
1696975560,10,11,2,366,15,14
1696975620,10,11,2,367,15,14
1696975680,10,11,2,368,15,14
1696975740,10,11,2,369,15,15
1696975800,10,11,2,370,15,15
1696975860,10,11,2,371,15,15
1696975920,10,11,2,372,15,15
1696975980,10,11,2,373,15,15
1696976040,10,11,2,374,15,15
1696976100,10,11,2,375,15,14
1696976160,10,11,2,376,15,14
1696976220,10,11,2,377,15,14
1696976280,10,11,2,378,15,14
1696976340,10,11,2,379,15,14
1696976460,10,11,2,381,15,14
1696976520,10,11,2,382,15,14
1696976580,10,11,2,383,15,14
1696976640,10,11,2,384,15,14
1696976700,10,11,2,385,15,14
1696976760,10,11,2,386,15,13
1696976820,10,11,2,387,15,13
1696976880,10,11,2,388,15,13
1696976940,10,11,2,389,15,13
1696977000,10,11,2,390,15,13
1696977060,10,11,2,391,15,13
1696977120,10,11,2,392,15,13
1696977180,10,11,2,393,15,13
1696977240,10,11,2,394,15,13
1696977300,10,11,2,395,15,14
1696977360,10,11,2,396,15,14
1696977420,10,11,2,397,15,14
1696977480,10,11,2,398,15,14
1696977540,10,11,2,399,15,14
1696977600,10,11,2,400,15,14
1696977660,10,11,2,401,15,14
1696977720,10,11,2,402,15,14
1696977780,10,11,2,403,15,14
1696977840,10,11,2,404,15,14
1696977900,10,11,2,405,15,14
1696977960,10,11,2,406,15,14
1696978020,10,11,2,407,15,14
1696978080,10,11,2,408,15,14
1696978140,10,11,2,409,15,14
1696978200,10,11,2,410,15,14
1696978260,10,11,2,411,15,14
1696978320,10,11,2,412,15,14
1696978380,10,11,2,413,15,14
1696978440,10,11,2,414,15,14
1696978500,10,11,2,415,15,14
1696978560,10,11,2,416,15,14
1696978620,10,11,2,417,15,14
1696978680,10,11,2,418,15,14
1696978740,10,11,2,419,15,14
1696978860,10,11,2,421,15,14
1696978920,10,11,2,422,15,14
1696978980,10,11,2,423,15,14
1696979040,10,11,2,424,15,14
1696979100,10,11,2,425,15,13
1696979160,10,11,2,426,15,12
1696979220,10,11,2,427,15,12
1696979280,10,11,2,428,15,13
1696979340,10,11,2,429,15,13
1696979400,10,11,2,430,15,13
1696979460,10,11,2,431,15,13
1696979520,10,11,2,432,15,13
1696979580,10,11,2,433,15,12
1696979640,10,11,2,434,15,12
1696979700,10,11,2,435,15,12
1696979760,10,11,2,436,15,12
1696979820,10,11,2,437,15,12
1696979880,10,11,2,438,15,12
1696979940,10,11,2,439,15,12
1696980060,10,11,2,441,15,12
1696980120,10,11,2,442,15,11
1696980180,10,11,2,443,15,9
1696980240,10,11,2,444,15,9
1696980300,10,11,2,445,15,9
1696980360,10,11,2,446,15,9
1696980420,10,11,2,447,15,8
1696980480,10,11,2,448,15,8
1696980540,10,11,2,449,15,8
1696980660,10,11,2,451,15,8
1696980720,10,11,2,452,15,7
1696980780,10,11,2,453,15,7
1696980840,10,11,2,454,15,6
1696980900,10,11,2,455,15,6
1696980960,10,11,2,456,15,6
1696981020,10,11,2,457,15,5
1696981080,10,11,2,458,15,8
1696981140,10,11,2,459,15,8
1696981200,10,11,2,460,15,8
1696981260,10,11,2,461,15,7
1696981320,10,11,2,462,15,7
1696981380,10,11,2,463,15,8
1696981440,10,11,2,464,15,8
1696981500,10,11,2,465,15,7
1696981560,10,11,2,466,15,7
1696981620,10,11,2,467,15,7
1696981680,10,11,2,468,15,10
1696981740,10,11,2,469,15,10
1696981800,10,11,2,470,15,10
1696981860,10,11,2,471,15,9
1696981920,10,11,2,472,15,9
1696981980,10,11,2,473,15,9
1696982040,10,11,2,474,15,9
1696982100,10,11,2,475,15,10
1696982160,10,11,2,476,15,10
1696982220,10,11,2,477,15,10
1696982280,10,11,2,478,15,10
1696982340,10,11,2,479,15,11
1696982460,10,11,2,481,15,10
1696982520,10,11,2,482,15,11
1696982580,10,11,2,483,15,11
1696982640,10,11,2,484,15,10
1696982700,10,11,2,485,15,10
1696982760,10,11,2,486,15,10
1696982820,10,11,2,487,15,10
1696982880,10,11,2,488,15,10
1696982940,10,11,2,489,15,9
1696983000,10,11,2,490,15,9
1696983060,10,11,2,491,15,8
1696983120,10,11,2,492,15,9
1696983180,10,11,2,493,15,9
1696983240,10,11,2,494,15,8
1696983300,10,11,2,495,15,8
1696983360,10,11,2,496,15,8
1696983420,10,11,2,497,15,8
1696983480,10,11,2,498,15,8
1696983540,10,11,2,499,15,8
1696983660,10,11,2,501,15,8
1696983720,10,11,2,502,15,9
1696983780,10,11,2,503,15,11
1696983840,10,11,2,504,15,11
1696983900,10,11,2,505,15,10
1696983960,10,11,2,506,15,11
1696984020,10,11,2,507,15,11
1696984080,10,11,2,508,15,11
1696984140,10,11,2,509,15,10
1696984260,10,11,2,511,15,10
1696984380,10,11,2,513,15,10
1696984440,10,11,2,514,15,10
1696984500,10,11,2,515,15,9
1696984560,10,11,2,516,15,8
1696984620,10,11,2,517,15,7
1696984680,10,11,2,518,15,6
1696984740,10,11,2,519,15,6
1696984800,10,11,2,520,15,7
1696984860,10,11,2,521,15,7
1696984920,10,11,2,522,15,9
1696984980,10,11,2,523,15,8
1696985040,10,11,2,524,15,8
1696985100,10,11,2,525,15,6
1696985160,10,11,2,526,15,6
1696985220,10,11,2,527,15,6
1696985280,10,11,2,528,15,7
1696985340,10,11,2,529,15,8
1696985400,10,11,2,530,15,8
1696985460,10,11,2,531,15,7
1696985520,10,11,2,532,15,6
1696985580,10,11,2,533,15,6
1696985640,10,11,2,534,15,5
1696985700,10,11,2,535,15,5
1696985760,10,11,2,536,15,6
1696985820,10,11,2,537,15,4
1696985880,10,11,2,538,15,4
1696985940,10,11,2,539,15,4
1696986060,10,11,2,541,15,2
1696986120,10,11,2,542,15,3
1696986180,10,11,2,543,15,5
1696986240,10,11,2,544,15,5
1696986300,10,11,2,545,15,6
1696986360,10,11,2,546,15,5
1696986420,10,11,2,547,15,2
1696986480,10,11,2,548,15,3
1696986540,10,11,2,549,15,3
1696986600,10,11,2,550,15,1
1696986660,10,11,2,551,15,0
1696986720,10,11,2,552,15,0
1696986780,10,11,2,553,15,0
1696986840,10,11,2,554,15,1
1696986900,10,11,2,555,15,1
1696986960,10,11,2,556,15,1
1696987020,10,11,2,557,15,1
1696987080,10,11,2,558,15,2
1696987140,10,11,2,559,15,2
1696987260,10,11,2,561,15,2
1696987320,10,11,2,562,15,3
1696987380,10,11,2,563,15,3
1696987440,10,11,2,564,15,3
1696987500,10,11,2,565,15,3
1696987560,10,11,2,566,15,3
1696987620,10,11,2,567,15,3
1696987680,10,11,2,568,15,3
1696987740,10,11,2,569,15,3
1696987860,10,11,2,571,15,1
1696987920,10,11,2,572,15,2
1696987980,10,11,2,573,15,2
1696988040,10,11,2,574,15,2
1696988100,10,11,2,575,15,4
1696988160,10,11,2,576,15,4
1696988220,10,11,2,577,15,4
1696988280,10,11,2,578,15,3
1696988340,10,11,2,579,15,3
1696988400,10,11,2,580,15,3
1696988460,10,11,2,581,15,3
1696988520,10,11,2,582,15,4
1696988580,10,11,2,583,15,4
1696988640,10,11,2,584,15,4
1696988700,10,11,2,585,15,4
1696988760,10,11,2,586,15,5
1696988820,10,11,2,587,15,5
1696988880,10,11,2,588,15,5
1696988940,10,11,2,589,15,5
1696989000,10,11,2,590,15,5
1696989060,10,11,2,591,15,4
1696989120,10,11,2,592,15,4
1696989180,10,11,2,593,15,4
1696989240,10,11,2,594,15,4
1696989300,10,11,2,595,15,4
1696989360,10,11,2,596,15,2
1696989420,10,11,2,597,15,2
1696989480,10,11,2,598,15,1
1696989540,10,11,2,599,15,1
1696989660,10,11,2,601,15,0
1696989720,10,11,2,602,15,0
1696989780,10,11,2,603,15,0
1696989840,10,11,2,604,15,0
1696989900,10,11,2,605,15,0
1696989960,10,11,2,606,15,0
1696990020,10,11,2,607,15,0
1696990080,10,11,2,608,15,0
1696990140,10,11,2,609,15,3
1696990200,10,11,2,610,15,3
1696990260,10,11,2,611,15,3
1696990320,10,11,2,612,15,1
1696990380,10,11,2,613,15,1
1696990440,10,11,2,614,15,1
1696990500,10,11,2,615,15,1
1696990560,10,11,2,616,15,1
1696990620,10,11,2,617,15,0
1696990680,10,11,2,618,15,0
1696990740,10,11,2,619,15,2
1696990860,10,11,2,621,15,2
1696990920,10,11,2,622,15,3
1696990980,10,11,2,623,15,3
1696991040,10,11,2,624,15,0
1696991100,10,11,2,625,15,0
1696991160,10,11,2,626,15,0
1696991220,10,11,2,627,15,0
1696991280,10,11,2,628,15,0
1696991340,10,11,2,629,15,0
1696991460,10,11,2,631,15,0
1696991520,10,11,2,632,15,0
1696991580,10,11,2,633,15,0
1696991640,10,11,2,634,15,0
1696991700,10,11,2,635,15,0
1696991760,10,11,2,636,15,0
1696991820,10,11,2,637,15,0
1696991880,10,11,2,638,15,0
1696991940,10,11,2,639,15,1
1696992000,10,11,2,640,15,1
1696992060,10,11,2,641,15,1
1696992120,10,11,2,642,15,1
1696992180,10,11,2,643,15,1
1696992240,10,11,2,644,15,1
1696992300,10,11,2,645,15,0
1696992360,10,11,2,646,15,0
1696992420,10,11,2,647,15,0
1696992480,10,11,2,648,15,0
1696992540,10,11,2,649,15,0
1696992600,10,11,2,650,15,0
1696992660,10,11,2,651,15,0
1696992720,10,11,2,652,15,0
1696992780,10,11,2,653,15,0
1696992840,10,11,2,654,15,0
1696992900,10,11,2,655,15,1
1696992960,10,11,2,656,15,1
1696993020,10,11,2,657,15,0
1696993080,10,11,2,658,15,0
1696993140,10,11,2,659,15,0
1696993260,10,11,2,661,15,0
1696993320,10,11,2,662,15,0
1696993380,10,11,2,663,15,0
1696993440,10,11,2,664,15,0
1696993500,10,11,2,665,15,0
1696993560,10,11,2,666,15,0
1696993620,10,11,2,667,15,0
1696993680,10,11,2,668,15,1
1696993740,10,11,2,669,15,1
1696993800,10,11,2,670,15,1
1696993860,10,11,2,671,15,1
1696993920,10,11,2,672,15,1
1696993980,10,11,2,673,15,0
1696994040,10,11,2,674,15,0
1696994100,10,11,2,675,15,0
1696994160,10,11,2,676,15,0
1696994220,10,11,2,677,15,0
1696994280,10,11,2,678,15,0
1696994340,10,11,2,679,15,0
1696994460,10,11,2,681,15,0
1696994520,10,11,2,682,15,0
1696994580,10,11,2,683,15,0
1696994640,10,11,2,684,15,0
1696994700,10,11,2,685,15,0
1696994760,10,11,2,686,15,0
1696994820,10,11,2,687,15,0
1696994880,10,11,2,688,15,0
1696994940,10,11,2,689,15,0
1696995000,10,11,2,690,15,0
1696995060,10,11,2,691,15,0
1696995120,10,11,2,692,15,0
1696995180,10,11,2,693,15,0
1696995240,10,11,2,694,15,0
1696995300,10,11,2,695,15,0
1696995360,10,11,2,696,15,0
1696995420,10,11,2,697,15,1
1696995480,10,11,2,698,15,2
1696995540,10,11,2,699,15,3
1696995600,10,11,2,700,15,3
1696995660,10,11,2,701,15,3
1696995720,10,11,2,702,15,3
1696995780,10,11,2,703,15,3
1696995840,10,11,2,704,15,3
1696995900,10,11,2,705,15,3
1696995960,10,11,2,706,15,3
1696996020,10,11,2,707,15,3
1696996080,10,11,2,708,15,3
1696996140,10,11,2,709,15,4
1696996200,10,11,2,710,15,2
1696996260,10,11,2,711,15,2
1696996320,10,11,2,712,15,2
1696996380,10,11,2,713,15,2
1696996440,10,11,2,714,15,2
1696996500,10,11,2,715,15,3
1696996560,10,11,2,716,15,3
1696996620,10,11,2,717,15,3
1696996680,10,11,2,718,15,3
1696996740,10,11,2,719,15,5
1696996800,10,11,2,720,15,5
1696996920,10,11,2,722,15,5
1696996980,10,11,2,723,15,5
1696997040,10,11,2,724,15,5
1696997100,10,11,2,725,15,5
1696997160,10,11,2,726,15,5
1696997220,10,11,2,727,15,5
1696997280,10,11,2,728,15,5
1696997340,10,11,2,729,15,5
1696997400,10,11,2,730,15,5
1696997460,10,11,2,731,15,5
1696997520,10,11,2,732,15,6
1696997580,10,11,2,733,15,6
1696997640,10,11,2,734,15,6
1696997700,10,11,2,735,15,6
1696997760,10,11,2,736,15,6
1696997820,10,11,2,737,15,6
1696997880,10,11,2,738,15,5
1696997940,10,11,2,739,15,7
1696998060,10,11,2,741,15,6
1696998120,10,11,2,742,15,8
1696998180,10,11,2,743,15,7
1696998240,10,11,2,744,15,7
1696998300,10,11,2,745,15,7
1696998360,10,11,2,746,15,8
1696998420,10,11,2,747,15,6
1696998480,10,11,2,748,15,6
1696998540,10,11,2,749,15,7
1696998600,10,11,2,750,15,7
1696998720,10,11,2,752,15,7
1696998780,10,11,2,753,15,7
1696998840,10,11,2,754,15,7
1696998900,10,11,2,755,15,8
1696998960,10,11,2,756,15,7
1696999020,10,11,2,757,15,7
1696999080,10,11,2,758,15,7
1696999140,10,11,2,759,15,7
1696999200,10,11,2,760,15,7
1696999260,10,11,2,761,15,7
1696999320,10,11,2,762,15,7
1696999380,10,11,2,763,15,7
1696999440,10,11,2,764,15,7
1696999500,10,11,2,765,15,6
1696999560,10,11,2,766,15,7
1696999620,10,11,2,767,15,7
1696999680,10,11,2,768,15,5
1696999740,10,11,2,769,15,6
1696999800,10,11,2,770,15,6
1696999860,10,11,2,771,15,6
1696999920,10,11,2,772,15,5
1696999980,10,11,2,773,15,4
1697000040,10,11,2,774,15,2
1697000100,10,11,2,775,15,3
1697000160,10,11,2,776,15,3
1697000220,10,11,2,777,15,2
1697000280,10,11,2,778,15,1
1697000340,10,11,2,779,15,2
1697000460,10,11,2,781,15,2
1697000520,10,11,2,782,15,2
1697000580,10,11,2,783,15,1
1697000640,10,11,2,784,15,2
1697000700,10,11,2,785,15,3
1697000760,10,11,2,786,15,2
1697000820,10,11,2,787,15,1
1697000880,10,11,2,788,15,1
1697000940,10,11,2,789,15,0
1697001000,10,11,2,790,15,0
1697001060,10,11,2,791,15,0
1697001120,10,11,2,792,15,0
1697001180,10,11,2,793,15,0
1697001240,10,11,2,794,15,0
1697001300,10,11,2,795,15,0
1697001360,10,11,2,796,15,0
1697001420,10,11,2,797,15,1
1697001480,10,11,2,798,15,4
1697001540,10,11,2,799,15,3
1697001660,10,11,2,801,15,1
1697001720,10,11,2,802,15,2
1697001780,10,11,2,803,15,0
1697001840,10,11,2,804,15,0
1697001900,10,11,2,805,15,0
1697001960,10,11,2,806,15,0
1697002020,10,11,2,807,15,1
1697002080,10,11,2,808,15,1
1697002140,10,11,2,809,15,1
1697002260,10,11,2,811,15,1
1697002320,10,11,2,812,15,1
1697002380,10,11,2,813,15,1
1697002440,10,11,2,814,15,1
1697002500,10,11,2,815,15,0
1697002620,10,11,2,817,15,0
1697002680,10,11,2,818,15,1
1697002740,10,11,2,819,15,2
1697002800,10,11,2,820,15,2
1697002860,10,11,2,821,15,1
1697002920,10,11,2,822,15,1
1697002980,10,11,2,823,15,1
1697003040,10,11,2,824,15,1
1697003100,10,11,2,825,15,1
1697003160,10,11,2,826,15,3
1697003220,10,11,2,827,15,3
1697003280,10,11,2,828,15,3
1697003340,10,11,2,829,15,3
1697003400,10,11,2,830,15,3
1697003460,10,11,2,831,15,3
1697003520,10,11,2,832,15,3
1697003580,10,11,2,833,15,3
1697003640,10,11,2,834,15,3
1697003700,10,11,2,835,15,3
1697003760,10,11,2,836,15,3
1697003820,10,11,2,837,15,3
1697003880,10,11,2,838,15,3
1697003940,10,11,2,839,15,3
1697004060,10,11,2,841,15,3
1697004120,10,11,2,842,15,4
1697004180,10,11,2,843,15,4
1697004240,10,11,2,844,15,4
1697004300,10,11,2,845,15,4
1697004360,10,11,2,846,15,6
1697004420,10,11,2,847,15,6
1697004480,10,11,2,848,15,6
1697004540,10,11,2,849,15,6
1697004600,10,11,2,850,15,5
1697004660,10,11,2,851,15,4
1697004720,10,11,2,852,15,4
1697004780,10,11,2,853,15,4
1697004840,10,11,2,854,15,5
1697004900,10,11,2,855,15,5
1697004960,10,11,2,856,15,5
1697005020,10,11,2,857,15,4
1697005080,10,11,2,858,15,4
1697005140,10,11,2,859,15,4
1697005260,10,11,2,861,15,4
1697005320,10,11,2,862,15,5
1697005500,10,11,2,865,15,3
1697005560,10,11,2,866,15,4
1697005620,10,11,2,867,15,4
1697005680,10,11,2,868,15,4
1697005740,10,11,2,869,15,4
1697005800,10,11,2,870,15,4
1697005920,10,11,2,872,15,2
1697005980,10,11,2,873,15,3
1697006040,10,11,2,874,15,4
1697006100,10,11,2,875,15,3
1697006160,10,11,2,876,15,3
1697006220,10,11,2,877,15,1
1697006280,10,11,2,878,15,1
1697006400,10,11,2,880,15,0
1697006460,10,11,2,881,15,0
1697006520,10,11,2,882,15,1
1697006580,10,11,2,883,15,1
1697006700,10,11,2,885,15,0
1697006760,10,11,2,886,15,0
1697006820,10,11,2,887,15,0
1697006880,10,11,2,888,15,0
1697007000,10,11,2,890,15,3
1697007060,10,11,2,891,15,3
1697007120,10,11,2,892,15,3
1697007180,10,11,2,893,15,1
1697007240,10,11,2,894,15,2
1697007300,10,11,2,895,15,2
1697007360,10,11,2,896,15,0
1697007420,10,11,2,897,15,0
1697007540,10,11,2,899,15,0
1697007660,10,11,2,901,15,0
1697007720,10,11,2,902,15,1
1697007780,10,11,2,903,15,1
1697007900,10,11,2,905,15,1
1697007960,10,11,2,906,15,1
1697008020,10,11,2,907,15,1
1697008080,10,11,2,908,15,0
1697008140,10,11,2,909,15,0
1697008260,10,11,2,911,15,0
1697008320,10,11,2,912,15,0
1697008380,10,11,2,913,15,1
1697008440,10,11,2,914,15,2
1697008500,10,11,2,915,15,1
1697008560,10,11,2,916,15,1
1697008680,10,11,2,918,15,2
1697008740,10,11,2,919,15,2
1697008860,10,11,2,921,15,3
1697008920,10,11,2,922,15,6
1697009040,10,11,2,924,15,6
1697009100,10,11,2,925,15,9
1697009160,10,11,2,926,15,10
1697009220,10,11,2,927,15,10
1697009280,10,11,2,928,15,10
1697009340,10,11,2,929,15,10
1697009400,10,11,2,930,15,10
1697009460,10,11,2,931,15,11
1697009520,10,11,2,932,15,11
1697009640,10,11,2,934,15,11
1697009700,10,11,2,935,15,11
1697009760,10,11,2,936,15,10
1697009820,10,11,2,937,15,10
1697009880,10,11,2,938,15,10
1697009940,10,11,2,939,15,8
1697010000,10,11,2,940,15,8
1697010060,10,11,2,941,15,8
1697010120,10,11,2,942,15,9
1697010180,10,11,2,943,15,9
1697010300,10,11,2,945,15,8
1697010360,10,11,2,946,15,8
1697010420,10,11,2,947,15,8
1697010480,10,11,2,948,15,7
1697010540,10,11,2,949,15,7
1697010600,10,11,2,950,15,7
1697010720,10,11,2,952,15,7
1697010780,10,11,2,953,15,7
1697010840,10,11,2,954,15,7
1697010900,10,11,2,955,15,7
1697010960,10,11,2,956,15,7
1697011020,10,11,2,957,15,7
1697011080,10,11,2,958,15,7
1697011140,10,11,2,959,15,7
1697011200,10,11,2,960,15,6
1697011320,10,11,2,962,15,6
1697011380,10,11,2,963,15,6
1697011440,10,11,2,964,15,6
1697011500,10,11,2,965,15,6
1697011560,10,11,2,966,15,6
1697011620,10,11,2,967,15,6
1697011740,10,11,2,969,15,6
1697011800,10,11,2,970,15,6
1697011860,10,11,2,971,15,6
1697011920,10,11,2,972,15,6
1697011980,10,11,2,973,15,6
1697012040,10,11,2,974,15,6
1697012160,10,11,2,976,15,6
1697012220,10,11,2,977,15,5
1697012280,10,11,2,978,15,6
1697012340,10,11,2,979,15,6
1697012460,10,11,2,981,15,6
1697012520,10,11,2,982,15,7
1697012580,10,11,2,983,15,6
1697012700,10,11,2,985,15,6
1697012760,10,11,2,986,15,7
1697012820,10,11,2,987,15,4
1697012880,10,11,2,988,15,4
1697012940,10,11,2,989,15,4
1697013120,10,11,2,992,15,3
1697013180,10,11,2,993,15,3
1697013240,10,11,2,994,15,4
1697013300,10,11,2,995,15,4
1697013360,10,11,2,996,15,4
1697013420,10,11,2,997,15,3
1697013480,10,11,2,998,15,4
1697013540,10,11,2,999,15,4
1697013600,10,11,2,1000,15,4
1697013660,10,11,2,1001,15,5
1697013720,10,11,2,1002,15,5
1697013780,10,11,2,1003,15,5
1697013840,10,11,2,1004,15,5
1697013900,10,11,2,1005,15,6
1697013960,10,11,2,1006,15,6
1697014080,10,11,2,1008,15,5
1697014140,10,11,2,1009,15,5
1697014200,10,11,2,1010,15,5
1697014260,10,11,2,1011,15,5
1697014320,10,11,2,1012,15,5
1697014380,10,11,2,1013,15,5
1697014440,10,11,2,1014,15,5
1697014500,10,11,2,1015,15,5
1697014560,10,11,2,1016,15,5
1697014620,10,11,2,1017,15,5
1697014680,10,11,2,1018,15,5
1697014740,10,11,2,1019,15,5
1697014860,10,11,2,1021,15,7
1697014920,10,11,2,1022,15,7
1697015040,10,11,2,1024,15,7
1697015100,10,11,2,1025,15,8
1697015160,10,11,2,1026,15,7
1697015220,10,11,2,1027,15,6
1697015280,10,11,2,1028,15,6
1697015340,10,11,2,1029,15,6
1697015400,10,11,2,1030,15,6
1697015460,10,11,2,1031,15,6
1697015520,10,11,2,1032,15,4
1697015580,10,11,2,1033,15,5
1697015640,10,11,2,1034,15,5
1697015700,10,11,2,1035,15,5
1697015760,10,11,2,1036,15,3
1697015820,10,11,2,1037,15,4
1697015880,10,11,2,1038,15,4
1697015940,10,11,2,1039,15,4
1697016060,10,11,2,1041,15,4
1697016120,10,11,2,1042,15,4
1697016180,10,11,2,1043,15,4
1697016240,10,11,2,1044,15,4
1697016360,10,11,2,1046,15,3
1697016420,10,11,2,1047,15,0
1697016480,10,11,2,1048,15,0
1697016540,10,11,2,1049,15,1
1697016660,10,11,2,1051,15,1
1697016720,10,11,2,1052,15,0
1697016780,10,11,2,1053,15,2
1697016840,10,11,2,1054,15,2
1697016900,10,11,2,1055,15,1
1697016960,10,11,2,1056,15,1
1697017020,10,11,2,1057,15,0
1697017080,10,11,2,1058,15,1
1697017140,10,11,2,1059,15,1
1697017200,10,11,2,1060,15,1
1697017260,10,11,2,1061,15,4
1697017320,10,11,2,1062,15,5
1697017380,10,11,2,1063,15,4
1697017440,10,11,2,1064,15,4
1697017500,10,11,2,1065,15,6
1697017560,10,11,2,1066,15,7
1697017620,10,11,2,1067,15,7
1697017680,10,11,2,1068,15,7
1697017740,10,11,2,1069,15,7
1697017800,10,11,2,1070,15,6
1697017860,10,11,2,1071,15,4
1697017920,10,11,2,1072,15,5
1697017980,10,11,2,1073,15,6
1697018040,10,11,2,1074,15,6
1697018100,10,11,2,1075,15,6
1697018160,10,11,2,1076,15,5
1697018220,10,11,2,1077,15,6
1697018280,10,11,2,1078,15,5
1697018340,10,11,2,1079,15,4
1697018520,10,11,2,1082,15,4
1697018580,10,11,2,1083,15,4
1697018640,10,11,2,1084,15,4
1697018700,10,11,2,1085,15,4
1697018760,10,11,2,1086,15,5
1697018820,10,11,2,1087,15,4
1697018880,10,11,2,1088,15,4
1697018940,10,11,2,1089,15,3
1697019000,10,11,2,1090,15,3
1697019060,10,11,2,1091,15,3
1697019120,10,11,2,1092,15,2
1697019180,10,11,2,1093,15,2
1697019240,10,11,2,1094,15,3
1697019300,10,11,2,1095,15,3
1697019360,10,11,2,1096,15,3
1697019420,10,11,2,1097,15,2
1697019480,10,11,2,1098,15,2
1697019540,10,11,2,1099,15,2
1697019660,10,11,2,1101,15,4
1697019720,10,11,2,1102,15,3
1697019780,10,11,2,1103,15,2
1697019840,10,11,2,1104,15,2
1697019900,10,11,2,1105,15,3
1697019960,10,11,2,1106,15,3
1697020020,10,11,2,1107,15,4
1697020080,10,11,2,1108,15,3
1697020140,10,11,2,1109,15,3
1697020260,10,11,2,1111,15,2
1697020320,10,11,2,1112,15,3
1697020380,10,11,2,1113,15,3
1697020440,10,11,2,1114,15,3
1697020500,10,11,2,1115,15,3
1697020560,10,11,2,1116,15,3
1697020680,10,11,2,1118,15,3
1697020740,10,11,2,1119,15,3
1697020800,10,11,2,1120,15,3
1697020860,10,11,2,1121,15,3
1697020920,10,11,2,1122,15,3
1697020980,10,11,2,1123,15,2
1697021040,10,11,2,1124,15,2
1697021100,10,11,2,1125,15,2
1697021160,10,11,2,1126,15,2
1697021220,10,11,2,1127,15,2
1697021280,10,11,2,1128,15,2
1697021340,10,11,2,1129,15,3
1697021400,10,11,2,1130,15,3
1697021460,10,11,2,1131,15,3
1697021520,10,11,2,1132,15,3
1697021580,10,11,2,1133,15,3
1697021640,10,11,2,1134,15,3
1697021700,10,11,2,1135,15,3
1697021760,10,11,2,1136,15,3
1697021820,10,11,2,1137,15,3
1697021880,10,11,2,1138,15,2
1697021940,10,11,2,1139,15,2
1697022060,10,11,2,1141,15,4
1697022120,10,11,2,1142,15,3
1697022180,10,11,2,1143,15,4
1697022240,10,11,2,1144,15,4
1697022300,10,11,2,1145,15,5
1697022360,10,11,2,1146,15,5
1697022420,10,11,2,1147,15,5
1697022480,10,11,2,1148,15,3
1697022540,10,11,2,1149,15,3
1697022600,10,11,2,1150,15,3
1697022660,10,11,2,1151,15,3
1697022720,10,11,2,1152,15,3
1697022780,10,11,2,1153,15,4
1697022840,10,11,2,1154,15,5
1697022900,10,11,2,1155,15,4
1697022960,10,11,2,1156,15,4
1697023020,10,11,2,1157,15,4
1697023080,10,11,2,1158,15,4
1697023140,10,11,2,1159,15,4
1697023260,10,11,2,1161,15,3
1697023320,10,11,2,1162,15,2
1697023380,10,11,2,1163,15,2
1697023440,10,11,2,1164,15,1
1697023500,10,11,2,1165,15,1
1697023560,10,11,2,1166,15,1
1697023620,10,11,2,1167,15,1
1697023680,10,11,2,1168,15,1
1697023740,10,11,2,1169,15,1
1697023860,10,11,2,1171,15,2
1697023920,10,11,2,1172,15,1
1697023980,10,11,2,1173,15,1
1697024040,10,11,2,1174,15,1
1697024100,10,11,2,1175,15,1
1697024160,10,11,2,1176,15,1
1697024220,10,11,2,1177,15,1
1697024280,10,11,2,1178,15,2
1697024340,10,11,2,1179,15,2
1697024400,10,11,2,1180,15,2
1697024460,10,11,2,1181,15,2
1697024520,10,11,2,1182,15,2
1697024580,10,11,2,1183,15,2
1697024640,10,11,2,1184,15,2
1697024700,10,11,2,1185,15,2
1697024760,10,11,2,1186,15,2
1697024820,10,11,2,1187,15,2
1697024880,10,11,2,1188,15,1
1697024940,10,11,2,1189,15,1
1697025000,10,11,2,1190,15,2
1697025060,10,11,2,1191,15,2
1697025120,10,11,2,1192,15,2
1697025180,10,11,2,1193,15,2
1697025240,10,11,2,1194,15,2
1697025300,10,11,2,1195,15,2
1697025360,10,11,2,1196,15,1
1697025420,10,11,2,1197,15,1
1697025480,10,11,2,1198,15,1
1697025540,10,11,2,1199,15,1
1697025660,10,11,2,1201,15,1
1697025720,10,11,2,1202,15,1
1697025780,10,11,2,1203,15,1
1697025840,10,11,2,1204,15,0
1697025900,10,11,2,1205,15,0
1697025960,10,11,2,1206,15,0
1697026020,10,11,2,1207,15,0
1697026080,10,11,2,1208,15,0
1697026140,10,11,2,1209,15,0
1697026200,10,11,2,1210,15,2
1697026260,10,11,2,1211,15,2
1697026320,10,11,2,1212,15,2
1697026380,10,11,2,1213,15,1
1697026440,10,11,2,1214,15,1
1697026500,10,11,2,1215,15,1
1697026560,10,11,2,1216,15,1
1697026620,10,11,2,1217,15,1
1697026680,10,11,2,1218,15,1
1697026740,10,11,2,1219,15,2
1697026860,10,11,2,1221,15,1
1697026920,10,11,2,1222,15,1
1697026980,10,11,2,1223,15,1
1697027040,10,11,2,1224,15,1
1697027100,10,11,2,1225,15,1
1697027160,10,11,2,1226,15,1
1697027220,10,11,2,1227,15,0
1697027280,10,11,2,1228,15,0
1697027340,10,11,2,1229,15,0
1697027400,10,11,2,1230,15,0
1697027460,10,11,2,1231,15,0
1697027520,10,11,2,1232,15,0
1697027580,10,11,2,1233,15,0
1697027640,10,11,2,1234,15,0
1697027700,10,11,2,1235,15,0
1697027760,10,11,2,1236,15,0
1697027820,10,11,2,1237,15,0
1697027880,10,11,2,1238,15,0
1697027940,10,11,2,1239,15,0
1697383620,10,15,6,1407,15,15
1697383680,10,15,6,1408,15,15
1697383740,10,15,6,1409,15,15
1697383800,10,15,6,1410,15,15
1697383860,10,15,6,1411,15,15
1697383920,10,15,6,1412,15,15
1697383980,10,15,6,1413,15,15
1697384040,10,15,6,1414,15,15
1697384100,10,15,6,1415,15,15
1697384160,10,15,6,1416,15,15
1697384220,10,15,6,1417,15,15
1697384280,10,15,6,1418,15,15
1697384340,10,15,6,1419,15,15
1697384400,10,15,6,1420,15,15
1697384460,10,15,6,1421,15,15
1697384520,10,15,6,1422,15,15
1697384580,10,15,6,1423,15,15
1697384640,10,15,6,1424,15,15
1697384700,10,15,6,1425,15,14
1697384760,10,15,6,1426,15,14
1697384820,10,15,6,1427,15,14
1697384940,10,15,6,1429,15,14
1697385000,10,15,6,1430,15,14
1697385060,10,15,6,1431,15,15
1697385120,10,15,6,1432,15,15
1697385180,10,15,6,1433,15,15
1697385240,10,15,6,1434,15,15
1697385300,10,15,6,1435,15,15
1697385360,10,15,6,1436,15,15
1697385420,10,15,6,1437,15,15
1697385480,10,15,6,1438,15,15
1697385540,10,15,6,1439,15,15
1697385600,10,16,0,0,15,15
1697385660,10,16,0,1,15,15
1697385720,10,16,0,2,15,15
1697385780,10,16,0,3,15,15
1697385840,10,16,0,4,15,15
1697385900,10,16,0,5,15,15
1697385960,10,16,0,6,15,15
1697386020,10,16,0,7,15,15
1697386080,10,16,0,8,15,15
1697386140,10,16,0,9,15,15
1697386260,10,16,0,11,15,15
1697386320,10,16,0,12,15,15
1697386380,10,16,0,13,15,15
1697386440,10,16,0,14,15,15
1697386500,10,16,0,15,15,15
1697386560,10,16,0,16,15,15
1697386620,10,16,0,17,15,15
1697386680,10,16,0,18,15,15
1697386740,10,16,0,19,15,15
1697386860,10,16,0,21,15,15
1697386920,10,16,0,22,15,15
1697387040,10,16,0,24,15,15
1697387100,10,16,0,25,15,15
1697387160,10,16,0,26,15,15
1697387220,10,16,0,27,15,15
1697387280,10,16,0,28,15,15
1697387340,10,16,0,29,15,15
1697387460,10,16,0,31,15,15
1697387520,10,16,0,32,15,15
1697387580,10,16,0,33,15,15
1697387640,10,16,0,34,15,15
1697387700,10,16,0,35,15,15
1697387760,10,16,0,36,15,15
1697387880,10,16,0,38,15,15
1697388000,10,16,0,40,15,15
1697388060,10,16,0,41,15,15
1697388120,10,16,0,42,15,15
1697388180,10,16,0,43,15,15
1697388240,10,16,0,44,15,13
1697388300,10,16,0,45,15,13
1697388360,10,16,0,46,15,13
1697388420,10,16,0,47,15,13
1697388480,10,16,0,48,15,13
1697388540,10,16,0,49,15,13
1697388660,10,16,0,51,15,13
1697388720,10,16,0,52,15,13
1697388780,10,16,0,53,15,13
1697388840,10,16,0,54,15,13
1697388900,10,16,0,55,15,13
1697388960,10,16,0,56,15,13
1697389020,10,16,0,57,15,14
1697389080,10,16,0,58,15,14
1697389140,10,16,0,59,15,15
1697389200,10,16,0,60,15,15
1697389260,10,16,0,61,15,15
1697389320,10,16,0,62,15,15
1697389380,10,16,0,63,15,15
1697389440,10,16,0,64,15,15
1697389500,10,16,0,65,15,15
1697389560,10,16,0,66,15,15
1697389620,10,16,0,67,15,15
1697389680,10,16,0,68,15,15
1697389740,10,16,0,69,15,15
1697389800,10,16,0,70,15,15
1697389860,10,16,0,71,15,15
1697389920,10,16,0,72,15,15
1697389980,10,16,0,73,15,15
1697390040,10,16,0,74,15,15
1697390100,10,16,0,75,15,15
1697390160,10,16,0,76,15,15
1697390220,10,16,0,77,15,15
1697390280,10,16,0,78,15,15
1697390340,10,16,0,79,15,15
1697390460,10,16,0,81,15,15
1697390520,10,16,0,82,15,15
1697390580,10,16,0,83,15,15
1697390640,10,16,0,84,15,15
1697390700,10,16,0,85,15,15
1697390760,10,16,0,86,15,15
1697390820,10,16,0,87,15,15
1697390880,10,16,0,88,15,15
1697390940,10,16,0,89,15,15
1697391000,10,16,0,90,15,15
1697391060,10,16,0,91,15,15
1697391120,10,16,0,92,15,15
1697391180,10,16,0,93,15,15
1697391240,10,16,0,94,15,15
1697391300,10,16,0,95,15,15
1697391360,10,16,0,96,15,15
1697391420,10,16,0,97,15,15
1697391480,10,16,0,98,15,15
1697391540,10,16,0,99,15,15
1697391600,10,16,0,100,15,15
1697391660,10,16,0,101,15,15
1697391720,10,16,0,102,15,15
1697391780,10,16,0,103,15,15
1697391840,10,16,0,104,15,15
1697391900,10,16,0,105,15,15
1697391960,10,16,0,106,15,15
1697392020,10,16,0,107,15,15
1697392080,10,16,0,108,15,15
1697392140,10,16,0,109,15,15
1697392200,10,16,0,110,15,14
1697392260,10,16,0,111,15,14
1697392320,10,16,0,112,15,14
1697392380,10,16,0,113,15,14
1697392440,10,16,0,114,15,14
1697392500,10,16,0,115,15,14
1697392560,10,16,0,116,15,14
1697392620,10,16,0,117,15,14
1697392680,10,16,0,118,15,14
1697392740,10,16,0,119,15,14
1697392860,10,16,0,121,15,14
1697392920,10,16,0,122,15,14
1697392980,10,16,0,123,15,14
1697393040,10,16,0,124,15,14
1697393100,10,16,0,125,15,14
1697393160,10,16,0,126,15,14
1697393220,10,16,0,127,15,14
1697393340,10,16,0,129,15,14
1697393400,10,16,0,130,15,15
1697393460,10,16,0,131,15,15
1697393520,10,16,0,132,15,15
1697393580,10,16,0,133,15,15
1697393640,10,16,0,134,15,15
1697393700,10,16,0,135,15,15
1697393760,10,16,0,136,15,15
1697393820,10,16,0,137,15,15
1697393880,10,16,0,138,15,15
1697393940,10,16,0,139,15,15
1697394060,10,16,0,141,15,15
1697394120,10,16,0,142,15,14
1697394180,10,16,0,143,15,14
1697394240,10,16,0,144,15,14
1697394300,10,16,0,145,15,14
1697394360,10,16,0,146,15,14
1697394420,10,16,0,147,15,14
1697394480,10,16,0,148,15,14
1697394540,10,16,0,149,15,14
1697394600,10,16,0,150,15,14
1697394660,10,16,0,151,15,14
1697394720,10,16,0,152,15,14
1697394780,10,16,0,153,15,14
1697394840,10,16,0,154,15,14
1697394900,10,16,0,155,15,14
1697394960,10,16,0,156,15,14
1697395020,10,16,0,157,15,14
1697395080,10,16,0,158,15,14
1697395140,10,16,0,159,15,14
1697395200,10,16,0,160,15,14
1697395260,10,16,0,161,15,14
1697395320,10,16,0,162,15,14
1697395380,10,16,0,163,15,14
1697395440,10,16,0,164,15,14
1697395500,10,16,0,165,15,14
1697395560,10,16,0,166,15,14
1697395620,10,16,0,167,15,14
1697395680,10,16,0,168,15,14
1697395740,10,16,0,169,15,14
1697395800,10,16,0,170,15,14
1697395860,10,16,0,171,15,14
1697395920,10,16,0,172,15,14
1697395980,10,16,0,173,15,14
1697396040,10,16,0,174,15,14
1697396100,10,16,0,175,15,14
1697396160,10,16,0,176,15,14
1697396220,10,16,0,177,15,14
1697396280,10,16,0,178,15,14
1697396340,10,16,0,179,15,14
1697396400,10,16,0,180,15,14
1697396460,10,16,0,181,15,14
1697396520,10,16,0,182,15,14
1697396580,10,16,0,183,15,14
1697396640,10,16,0,184,15,14
1697396700,10,16,0,185,15,14
1697396760,10,16,0,186,15,14
1697396820,10,16,0,187,15,14
1697396880,10,16,0,188,15,14
1697396940,10,16,0,189,15,14
1697397000,10,16,0,190,15,14
1697397060,10,16,0,191,15,14
1697397120,10,16,0,192,15,14
1697397180,10,16,0,193,15,14
1697397240,10,16,0,194,15,14
1697397300,10,16,0,195,15,15
1697397360,10,16,0,196,15,15
1697397420,10,16,0,197,15,15
1697397480,10,16,0,198,15,15
1697397540,10,16,0,199,15,15
1697397660,10,16,0,201,15,15
1697397720,10,16,0,202,15,15
1697397780,10,16,0,203,15,15
1697397840,10,16,0,204,15,15
1697397900,10,16,0,205,15,15
1697397960,10,16,0,206,15,15
1697398020,10,16,0,207,15,15
1697398080,10,16,0,208,15,15
1697398140,10,16,0,209,15,15
1697398200,10,16,0,210,15,15
1697398260,10,16,0,211,15,15
1697398320,10,16,0,212,15,15
1697398380,10,16,0,213,15,15
1697398440,10,16,0,214,15,15
1697398500,10,16,0,215,15,15
1697398560,10,16,0,216,15,15
1697398620,10,16,0,217,15,15
1697398680,10,16,0,218,15,15
1697398740,10,16,0,219,15,15
1697398800,10,16,0,220,15,15
1697398860,10,16,0,221,15,15
1697398920,10,16,0,222,15,15
1697398980,10,16,0,223,15,15
1697399040,10,16,0,224,15,15
1697399100,10,16,0,225,15,15
1697399160,10,16,0,226,15,15
1697399220,10,16,0,227,15,15
1697399280,10,16,0,228,15,15
1697399340,10,16,0,229,15,15
1697399400,10,16,0,230,15,15
1697399460,10,16,0,231,15,15
1697399520,10,16,0,232,15,15
1697399580,10,16,0,233,15,15
1697399640,10,16,0,234,15,15
1697399700,10,16,0,235,15,15
1697399760,10,16,0,236,15,15
1697399820,10,16,0,237,15,15
1697399880,10,16,0,238,15,15
1697399940,10,16,0,239,15,15
1697400000,10,16,0,240,15,15
1697400060,10,16,0,241,15,15
1697400120,10,16,0,242,15,15
1697400180,10,16,0,243,15,15
1697400240,10,16,0,244,15,15
1697400300,10,16,0,245,15,15
1697400360,10,16,0,246,15,15
1697400420,10,16,0,247,15,15
1697400480,10,16,0,248,15,15
1697400540,10,16,0,249,15,15
1697400600,10,16,0,250,15,15
1697400660,10,16,0,251,15,15
1697400720,10,16,0,252,15,15
1697400780,10,16,0,253,15,15
1697400840,10,16,0,254,15,15
1697400900,10,16,0,255,15,15
1697400960,10,16,0,256,15,15
1697401020,10,16,0,257,15,15
1697401080,10,16,0,258,15,15
1697401140,10,16,0,259,15,15
1697401260,10,16,0,261,15,15
1697401320,10,16,0,262,15,15
1697401380,10,16,0,263,15,15
1697401440,10,16,0,264,15,15
1697401500,10,16,0,265,15,15
1697401560,10,16,0,266,15,15
1697401620,10,16,0,267,15,15
1697401680,10,16,0,268,15,15
1697401740,10,16,0,269,15,15
1697401800,10,16,0,270,15,15
1697401860,10,16,0,271,15,15
1697401920,10,16,0,272,15,15
1697401980,10,16,0,273,15,15
1697402040,10,16,0,274,15,15
1697402100,10,16,0,275,15,15
1697402160,10,16,0,276,15,15
1697402220,10,16,0,277,15,15
1697402280,10,16,0,278,15,15
1697402340,10,16,0,279,15,15
1697402400,10,16,0,280,15,15
1697402460,10,16,0,281,15,15
1697402520,10,16,0,282,15,15
1697402580,10,16,0,283,15,15
1697402640,10,16,0,284,15,15
1697402700,10,16,0,285,15,15
1697402760,10,16,0,286,15,15
1697402820,10,16,0,287,15,15
1697402880,10,16,0,288,15,15
1697402940,10,16,0,289,15,15
1697403000,10,16,0,290,15,15
1697403060,10,16,0,291,15,15
1697403120,10,16,0,292,15,15
1697403180,10,16,0,293,15,15
1697403240,10,16,0,294,15,15
1697403300,10,16,0,295,15,15
1697403360,10,16,0,296,15,15
1697403420,10,16,0,297,15,15
1697403480,10,16,0,298,15,15
1697403540,10,16,0,299,15,15
1697403600,10,16,0,300,15,15
1697403660,10,16,0,301,15,15
1697403720,10,16,0,302,15,15
1697403840,10,16,0,304,15,15
1697403900,10,16,0,305,15,15
1697403960,10,16,0,306,15,15
1697404020,10,16,0,307,15,15
1697404080,10,16,0,308,15,15
1697404140,10,16,0,309,15,15
1697404200,10,16,0,310,15,15
1697404260,10,16,0,311,15,15
1697404320,10,16,0,312,15,15
1697404380,10,16,0,313,15,15
1697404440,10,16,0,314,15,15
1697404500,10,16,0,315,15,15
1697404560,10,16,0,316,15,15
1697404620,10,16,0,317,15,15
1697404680,10,16,0,318,15,15
1697404740,10,16,0,319,15,15
1697404800,10,16,0,320,15,15
1697404920,10,16,0,322,15,15
1697405040,10,16,0,324,15,15
1697405100,10,16,0,325,15,15
1697405160,10,16,0,326,15,15
1697405220,10,16,0,327,15,15
1697405280,10,16,0,328,15,15
1697405340,10,16,0,329,15,15
1697405400,10,16,0,330,15,15
1697405460,10,16,0,331,15,15
1697405520,10,16,0,332,15,15
1697405580,10,16,0,333,15,15
1697405640,10,16,0,334,15,15
1697405700,10,16,0,335,15,15
1697405760,10,16,0,336,15,15
1697405820,10,16,0,337,15,15
1697405880,10,16,0,338,15,15
1697405940,10,16,0,339,15,15
1697406000,10,16,0,340,15,15
1697406060,10,16,0,341,15,15
1697406120,10,16,0,342,15,15
1697406180,10,16,0,343,15,15
1697406240,10,16,0,344,15,15
1697406300,10,16,0,345,15,15
1697406360,10,16,0,346,15,15
1697406420,10,16,0,347,15,15
1697406480,10,16,0,348,15,15
1697406540,10,16,0,349,15,15
1697406600,10,16,0,350,15,15
1697406660,10,16,0,351,15,15
1697406720,10,16,0,352,15,15
1697406780,10,16,0,353,15,15
1697406840,10,16,0,354,15,15
1697406900,10,16,0,355,15,15
1697406960,10,16,0,356,15,15
1697407020,10,16,0,357,15,15
1697407080,10,16,0,358,15,15
1697407140,10,16,0,359,15,15
1697407200,10,16,0,360,15,15
1697407260,10,16,0,361,15,15
1697407320,10,16,0,362,15,15
1697407380,10,16,0,363,15,15
1697407440,10,16,0,364,15,15
1697407500,10,16,0,365,15,15
1697407560,10,16,0,366,15,15
1697407620,10,16,0,367,15,15
1697407680,10,16,0,368,15,15
1697407740,10,16,0,369,15,15
1697407860,10,16,0,371,15,15
1697407920,10,16,0,372,15,15
1697407980,10,16,0,373,15,15
1697408040,10,16,0,374,15,15
1697408100,10,16,0,375,15,15
1697408160,10,16,0,376,15,15
1697408220,10,16,0,377,15,15
1697408280,10,16,0,378,15,15
1697408340,10,16,0,379,15,15
1697408460,10,16,0,381,15,15
1697408520,10,16,0,382,15,15
1697408580,10,16,0,383,15,15
1697408640,10,16,0,384,15,15
1697408700,10,16,0,385,15,15
1697408760,10,16,0,386,15,15
1697408820,10,16,0,387,15,15
1697408880,10,16,0,388,15,15
1697408940,10,16,0,389,15,15
1697409000,10,16,0,390,15,15
1697409060,10,16,0,391,15,15
1697409120,10,16,0,392,15,15
1697409180,10,16,0,393,15,15
1697409240,10,16,0,394,15,15
1697409300,10,16,0,395,15,15
1697409360,10,16,0,396,15,15
1697409420,10,16,0,397,15,15
1697409480,10,16,0,398,15,15
1697409540,10,16,0,399,15,15
1697409600,10,16,0,400,15,15
1697409660,10,16,0,401,15,14
1697409720,10,16,0,402,15,14
1697409780,10,16,0,403,15,14
1697409840,10,16,0,404,15,14
1697409900,10,16,0,405,15,14
1697409960,10,16,0,406,15,14
1697410020,10,16,0,407,15,14
1697410080,10,16,0,408,15,14
1697410140,10,16,0,409,15,14
1697410200,10,16,0,410,15,14
1697410260,10,16,0,411,15,14
1697410320,10,16,0,412,15,14
1697410380,10,16,0,413,15,14
1697410440,10,16,0,414,15,14
1697410500,10,16,0,415,15,14
1697410560,10,16,0,416,15,14
1697410620,10,16,0,417,15,14
1697410680,10,16,0,418,15,14
1697410740,10,16,0,419,15,14
1697410800,10,16,0,420,15,14
1697410920,10,16,0,422,15,14
1697410980,10,16,0,423,15,14
1697411040,10,16,0,424,15,14
1697411100,10,16,0,425,15,14
1697411160,10,16,0,426,15,14
1697411220,10,16,0,427,15,14
1697411280,10,16,0,428,15,14
1697411340,10,16,0,429,15,14
1697411400,10,16,0,430,15,14
1697411460,10,16,0,431,15,14
1697411520,10,16,0,432,15,15
1697411580,10,16,0,433,15,15
1697411640,10,16,0,434,15,15
1697411700,10,16,0,435,15,15
1697411760,10,16,0,436,15,15
1697411820,10,16,0,437,15,15
1697411880,10,16,0,438,15,15
1697411940,10,16,0,439,15,14
1697412060,10,16,0,441,15,14
1697412120,10,16,0,442,15,14
1697412180,10,16,0,443,15,15
1697412240,10,16,0,444,15,15
1697412300,10,16,0,445,15,15
1697412360,10,16,0,446,15,15
1697412420,10,16,0,447,15,15
1697412480,10,16,0,448,15,15
1697412540,10,16,0,449,15,15
1697412660,10,16,0,451,15,15
1697412720,10,16,0,452,15,15
1697412780,10,16,0,453,15,15
1697412840,10,16,0,454,15,15
1697412900,10,16,0,455,15,15
1697412960,10,16,0,456,15,15
1697413020,10,16,0,457,15,15
1697413080,10,16,0,458,15,15
1697413140,10,16,0,459,15,14
1697413200,10,16,0,460,15,15
1697413260,10,16,0,461,15,15
1697413320,10,16,0,462,15,15
1697413380,10,16,0,463,15,15
1697413440,10,16,0,464,15,15
1697413500,10,16,0,465,15,15
1697413560,10,16,0,466,15,15
1697413620,10,16,0,467,15,15
1697413680,10,16,0,468,15,15
1697413740,10,16,0,469,15,15
1697413800,10,16,0,470,15,14
1697413860,10,16,0,471,15,14
1697413920,10,16,0,472,15,14
1697413980,10,16,0,473,15,14
1697414040,10,16,0,474,15,14
1697414100,10,16,0,475,15,14
1697414160,10,16,0,476,15,14
1697414220,10,16,0,477,15,14
1697414280,10,16,0,478,15,14
1697414340,10,16,0,479,15,14
1697414460,10,16,0,481,15,14
1697414520,10,16,0,482,15,14
1697414580,10,16,0,483,15,14
1697414640,10,16,0,484,15,14
1697414700,10,16,0,485,15,15
1697414760,10,16,0,486,15,15
1697414820,10,16,0,487,15,15
1697414880,10,16,0,488,15,15
1697414940,10,16,0,489,15,15
1697415000,10,16,0,490,15,15
1697415060,10,16,0,491,15,15
1697415120,10,16,0,492,15,14
1697415180,10,16,0,493,15,13
1697415240,10,16,0,494,15,12
1697415300,10,16,0,495,15,12
1697415360,10,16,0,496,15,12
1697415420,10,16,0,497,15,12
1697415480,10,16,0,498,15,12
1697415540,10,16,0,499,15,10
1697415660,10,16,0,501,15,8
1697415720,10,16,0,502,15,7
1697415780,10,16,0,503,15,6
1697415840,10,16,0,504,15,3
1697415900,10,16,0,505,15,2
1697415960,10,16,0,506,15,0
1697416020,10,16,0,507,15,0
1697416080,10,16,0,508,15,0
1697416140,10,16,0,509,15,0
1697416260,10,16,0,511,15,0
1697416320,10,16,0,512,15,1
1697416380,10,16,0,513,15,1
1697416440,10,16,0,514,15,1
1697416500,10,16,0,515,15,2
1697416560,10,16,0,516,15,2
1697416620,10,16,0,517,15,1
1697416680,10,16,0,518,15,1
1697416740,10,16,0,519,15,2
1697416800,10,16,0,520,15,2
1697416860,10,16,0,521,15,2
1697416920,10,16,0,522,15,0
1697416980,10,16,0,523,15,0
1697417040,10,16,0,524,15,0
1697417100,10,16,0,525,15,0
1697417160,10,16,0,526,15,0
1697417220,10,16,0,527,15,0
1697417280,10,16,0,528,15,1
1697417340,10,16,0,529,15,1
1697417400,10,16,0,530,15,1
1697417460,10,16,0,531,15,1
1697417520,10,16,0,532,15,2
1697417580,10,16,0,533,15,2
1697417640,10,16,0,534,15,2
1697417700,10,16,0,535,15,2
1697417760,10,16,0,536,15,3
1697417820,10,16,0,537,15,3
1697417880,10,16,0,538,15,2
1697417940,10,16,0,539,15,2
1697418060,10,16,0,541,15,4
1697418120,10,16,0,542,15,3
1697418180,10,16,0,543,15,2
1697418240,10,16,0,544,15,0
1697418300,10,16,0,545,15,1
1697418360,10,16,0,546,15,2
1697418420,10,16,0,547,15,1
1697418480,10,16,0,548,15,2
1697418540,10,16,0,549,15,3
1697418600,10,16,0,550,15,3
1697418660,10,16,0,551,15,2
1697418720,10,16,0,552,15,1
1697418780,10,16,0,553,15,1
1697418840,10,16,0,554,15,0
1697418900,10,16,0,555,15,0
1697418960,10,16,0,556,15,0
1697419020,10,16,0,557,15,0
1697419080,10,16,0,558,15,0
1697419140,10,16,0,559,15,0
1697419260,10,16,0,561,15,0
1697419320,10,16,0,562,15,1
1697419380,10,16,0,563,15,1
1697419440,10,16,0,564,15,1
1697419500,10,16,0,565,15,1
1697419560,10,16,0,566,15,1
1697419620,10,16,0,567,15,0
1697419680,10,16,0,568,15,0
1697419740,10,16,0,569,15,0
1697419860,10,16,0,571,15,0
1697419920,10,16,0,572,15,1
1697419980,10,16,0,573,15,1
1697420040,10,16,0,574,15,0
1697420100,10,16,0,575,15,0
1697420160,10,16,0,576,15,0
1697420220,10,16,0,577,15,0
1697420280,10,16,0,578,15,0
1697420340,10,16,0,579,15,0
1697420400,10,16,0,580,15,0
1697420460,10,16,0,581,15,0
1697420520,10,16,0,582,15,0
1697420580,10,16,0,583,15,0
1697420640,10,16,0,584,15,0
1697420700,10,16,0,585,15,1
1697420760,10,16,0,586,15,1
1697420820,10,16,0,587,15,0
1697420880,10,16,0,588,15,2
1697420940,10,16,0,589,15,2
1697421000,10,16,0,590,15,2
1697421060,10,16,0,591,15,2
1697421120,10,16,0,592,15,2
1697421180,10,16,0,593,15,2
1697421240,10,16,0,594,15,2
1697421300,10,16,0,595,15,2
1697421360,10,16,0,596,15,1
1697421420,10,16,0,597,15,2
1697421480,10,16,0,598,15,2
1697421540,10,16,0,599,15,1
1697421600,10,16,0,600,15,1
1697421720,10,16,0,602,15,0
1697421780,10,16,0,603,15,0
1697421840,10,16,0,604,15,0
1697421900,10,16,0,605,15,0
1697421960,10,16,0,606,15,0
1697422020,10,16,0,607,15,0
1697422140,10,16,0,609,15,0
1697422260,10,16,0,611,15,0
1697422320,10,16,0,612,15,0
1697422380,10,16,0,613,15,0
1697422440,10,16,0,614,15,0
1697422500,10,16,0,615,15,0
1697422560,10,16,0,616,15,0
1697422620,10,16,0,617,15,0
1697422680,10,16,0,618,15,0
1697422740,10,16,0,619,15,0
1697422860,10,16,0,621,15,0
1697422920,10,16,0,622,15,0
1697422980,10,16,0,623,15,0
1697423040,10,16,0,624,15,0
1697423100,10,16,0,625,15,0
1697423160,10,16,0,626,15,0
1697423220,10,16,0,627,15,0
1697423280,10,16,0,628,15,0
1697423340,10,16,0,629,15,0
1697423460,10,16,0,631,15,0
1697423520,10,16,0,632,15,0
1697423580,10,16,0,633,15,0
1697423640,10,16,0,634,15,0
1697423700,10,16,0,635,15,0
1697423760,10,16,0,636,15,0
1697423820,10,16,0,637,15,0
1697423880,10,16,0,638,15,0
1697423940,10,16,0,639,15,0
1697424000,10,16,0,640,15,1
1697424060,10,16,0,641,15,1
1697424120,10,16,0,642,15,1
1697424180,10,16,0,643,15,0
1697424240,10,16,0,644,15,1
1697424300,10,16,0,645,15,1
1697424360,10,16,0,646,15,1
1697424420,10,16,0,647,15,1
1697424480,10,16,0,648,15,1
1697424540,10,16,0,649,15,1
1697424600,10,16,0,650,15,1
1697424660,10,16,0,651,15,1
1697424720,10,16,0,652,15,2
1697424780,10,16,0,653,15,2
1697424840,10,16,0,654,15,2
1697424900,10,16,0,655,15,2
1697424960,10,16,0,656,15,2
1697425020,10,16,0,657,15,2
1697425080,10,16,0,658,15,2
1697425140,10,16,0,659,15,2
1697425260,10,16,0,661,15,1
1697425320,10,16,0,662,15,2
1697425380,10,16,0,663,15,2
1697425440,10,16,0,664,15,2
1697425500,10,16,0,665,15,2
1697425560,10,16,0,666,15,2
1697425620,10,16,0,667,15,3
1697425680,10,16,0,668,15,3
1697425740,10,16,0,669,15,4
1697425800,10,16,0,670,15,3
1697425860,10,16,0,671,15,2
1697425920,10,16,0,672,15,2
1697426040,10,16,0,674,15,1
1697426100,10,16,0,675,15,1
1697426160,10,16,0,676,15,1
1697426220,10,16,0,677,15,0
1697426280,10,16,0,678,15,0
1697426340,10,16,0,679,15,0
1697426460,10,16,0,681,15,0
1697426520,10,16,0,682,15,0
1697426580,10,16,0,683,15,0
1697426640,10,16,0,684,15,0
1697426700,10,16,0,685,15,0
1697426760,10,16,0,686,15,0
1697426820,10,16,0,687,15,0
1697426880,10,16,0,688,15,0
1697426940,10,16,0,689,15,0
1697427000,10,16,0,690,15,0
1697427060,10,16,0,691,15,0
1697427120,10,16,0,692,15,2
1697427180,10,16,0,693,15,2
1697427240,10,16,0,694,15,2
1697427360,10,16,0,696,15,2
1697427420,10,16,0,697,15,2
1697427480,10,16,0,698,15,2
1697427540,10,16,0,699,15,3
1697427600,10,16,0,700,15,3
1697427660,10,16,0,701,15,3
1697427720,10,16,0,702,15,5
1697427780,10,16,0,703,15,5
1697427840,10,16,0,704,15,5
1697427900,10,16,0,705,15,5
1697427960,10,16,0,706,15,5
1697428020,10,16,0,707,15,6
1697428080,10,16,0,708,15,6
1697428140,10,16,0,709,15,6
1697428200,10,16,0,710,15,5
1697428260,10,16,0,711,15,4
1697428320,10,16,0,712,15,2
1697428380,10,16,0,713,15,1
1697428440,10,16,0,714,15,0
1697428500,10,16,0,715,15,0
1697428560,10,16,0,716,15,0
1697428620,10,16,0,717,15,0
1697428680,10,16,0,718,15,0
1697428740,10,16,0,719,15,1
1697428860,10,16,0,721,15,1
1697428920,10,16,0,722,15,1
1697428980,10,16,0,723,15,1
1697429040,10,16,0,724,15,1
1697429100,10,16,0,725,15,2
1697429160,10,16,0,726,15,2
1697429220,10,16,0,727,15,2
1697429280,10,16,0,728,15,2
1697429340,10,16,0,729,15,2
1697429400,10,16,0,730,15,2
1697429460,10,16,0,731,15,2
1697429520,10,16,0,732,15,2
1697429580,10,16,0,733,15,2
1697429640,10,16,0,734,15,2
1697429700,10,16,0,735,15,3
1697429760,10,16,0,736,15,3
1697429820,10,16,0,737,15,2
1697429880,10,16,0,738,15,1
1697429940,10,16,0,739,15,4
1697430060,10,16,0,741,15,3
1697430120,10,16,0,742,15,4
1697430180,10,16,0,743,15,3
1697430240,10,16,0,744,15,3
1697430360,10,16,0,746,15,3
1697430420,10,16,0,747,15,2
1697430480,10,16,0,748,15,4
1697430540,10,16,0,749,15,4
1697430660,10,16,0,751,15,4
1697430720,10,16,0,752,15,4
1697430780,10,16,0,753,15,3
1697430840,10,16,0,754,15,3
1697430900,10,16,0,755,15,3
1697430960,10,16,0,756,15,3
1697431020,10,16,0,757,15,3
1697431080,10,16,0,758,15,1
1697431140,10,16,0,759,15,0
1697431200,10,16,0,760,15,0
1697431260,10,16,0,761,15,0
1697431320,10,16,0,762,15,1
1697431380,10,16,0,763,15,1
1697431440,10,16,0,764,15,1
1697431500,10,16,0,765,15,1
1697431560,10,16,0,766,15,1
1697431620,10,16,0,767,15,1
1697431680,10,16,0,768,15,1
1697431740,10,16,0,769,15,1
1697431800,10,16,0,770,15,1
1697431860,10,16,0,771,15,1
1697431920,10,16,0,772,15,3
1697431980,10,16,0,773,15,3
1697432040,10,16,0,774,15,2
1697432100,10,16,0,775,15,2
1697432160,10,16,0,776,15,2
1697432220,10,16,0,777,15,2
1697432280,10,16,0,778,15,1
1697432340,10,16,0,779,15,1
1697432460,10,16,0,781,15,0
1697432520,10,16,0,782,15,1
1697432580,10,16,0,783,15,1
1697432640,10,16,0,784,15,1
1697432700,10,16,0,785,15,0
1697432760,10,16,0,786,15,1
1697432820,10,16,0,787,15,1
1697432880,10,16,0,788,15,2
1697432940,10,16,0,789,15,2
1697433000,10,16,0,790,15,2
1697433060,10,16,0,791,15,1
1697433120,10,16,0,792,15,1
1697433180,10,16,0,793,15,0
1697433240,10,16,0,794,15,0
1697433300,10,16,0,795,15,0
1697433360,10,16,0,796,15,1
1697433420,10,16,0,797,15,1
1697433480,10,16,0,798,15,0
1697433540,10,16,0,799,15,0
1697433660,10,16,0,801,15,0
1697433720,10,16,0,802,15,0
1697433780,10,16,0,803,15,0
1697433840,10,16,0,804,15,0
1697433900,10,16,0,805,15,0
1697433960,10,16,0,806,15,0
1697434020,10,16,0,807,15,1
1697434080,10,16,0,808,15,1
1697434140,10,16,0,809,15,2
1697434200,10,16,0,810,15,2
1697434260,10,16,0,811,15,4
1697434320,10,16,0,812,15,3
1697434380,10,16,0,813,15,3
1697434440,10,16,0,814,15,4
1697434500,10,16,0,815,15,2
1697434560,10,16,0,816,15,1
1697434620,10,16,0,817,15,1
1697434680,10,16,0,818,15,3
1697434740,10,16,0,819,15,3
1697434800,10,16,0,820,15,2
1697434860,10,16,0,821,15,1
1697434920,10,16,0,822,15,1
1697434980,10,16,0,823,15,1
1697435040,10,16,0,824,15,0
1697435100,10,16,0,825,15,0
1697435160,10,16,0,826,15,1
1697435220,10,16,0,827,15,1
1697435280,10,16,0,828,15,1
1697435340,10,16,0,829,15,1
1697435400,10,16,0,830,15,0
1697435460,10,16,0,831,15,0
1697435520,10,16,0,832,15,1
1697435580,10,16,0,833,15,0
1697435640,10,16,0,834,15,0
1697435700,10,16,0,835,15,0
1697435760,10,16,0,836,15,0
1697435820,10,16,0,837,15,0
1697435880,10,16,0,838,15,0
1697435940,10,16,0,839,15,1
1697436060,10,16,0,841,15,0
1697436120,10,16,0,842,15,0
1697436180,10,16,0,843,15,0
1697436240,10,16,0,844,15,0
1697436300,10,16,0,845,15,0
1697436360,10,16,0,846,15,0
1697436420,10,16,0,847,15,0
1697436480,10,16,0,848,15,0
1697436540,10,16,0,849,15,0
1697436600,10,16,0,850,15,0
1697436660,10,16,0,851,15,0
1697436720,10,16,0,852,15,0
1697436780,10,16,0,853,15,0
1697436840,10,16,0,854,15,0
1697436900,10,16,0,855,15,0
1697436960,10,16,0,856,15,0
1697437020,10,16,0,857,15,0
1697437080,10,16,0,858,15,2
1697437140,10,16,0,859,15,2
1697437260,10,16,0,861,15,2
1697437320,10,16,0,862,15,2
1697437380,10,16,0,863,15,2
1697437440,10,16,0,864,15,2
1697437500,10,16,0,865,15,2
1697437560,10,16,0,866,15,2
1697437620,10,16,0,867,15,2
1697437680,10,16,0,868,15,2
1697437740,10,16,0,869,15,1
1697437800,10,16,0,870,15,1
1697437860,10,16,0,871,15,2
1697437920,10,16,0,872,15,2
1697437980,10,16,0,873,15,2
1697438040,10,16,0,874,15,3
1697438100,10,16,0,875,15,2
1697438160,10,16,0,876,15,1
1697438220,10,16,0,877,15,1
1697438280,10,16,0,878,15,1
1697438340,10,16,0,879,15,1
1697438400,10,16,0,880,15,1
1697438460,10,16,0,881,15,1
1697438520,10,16,0,882,15,2
1697438580,10,16,0,883,15,2
1697438640,10,16,0,884,15,2
1697438700,10,16,0,885,15,2
1697438760,10,16,0,886,15,2
1697438820,10,16,0,887,15,2
1697438880,10,16,0,888,15,2
1697438940,10,16,0,889,15,2
1697439000,10,16,0,890,15,2
1697439060,10,16,0,891,15,2
1697439120,10,16,0,892,15,1
1697439180,10,16,0,893,15,1
1697439240,10,16,0,894,15,2
1697439300,10,16,0,895,15,2
1697439360,10,16,0,896,15,1
1697439420,10,16,0,897,15,1
1697439480,10,16,0,898,15,1
1697439540,10,16,0,899,15,1
1697439660,10,16,0,901,15,1
1697439720,10,16,0,902,15,0
1697439780,10,16,0,903,15,0
1697439840,10,16,0,904,15,0
1697439900,10,16,0,905,15,0
1697439960,10,16,0,906,15,1
1697440020,10,16,0,907,15,1
1697440080,10,16,0,908,15,0
1697440140,10,16,0,909,15,0
1697440200,10,16,0,910,15,2
1697440260,10,16,0,911,15,2
1697440320,10,16,0,912,15,2
1697440380,10,16,0,913,15,2
1697440440,10,16,0,914,15,3
1697440500,10,16,0,915,15,3
1697440560,10,16,0,916,15,3
1697440620,10,16,0,917,15,3
1697440680,10,16,0,918,15,4
1697440740,10,16,0,919,15,4
1697440920,10,16,0,922,15,1
1697440980,10,16,0,923,15,1
1697441040,10,16,0,924,15,1
1697441160,10,16,0,926,15,2
1697441220,10,16,0,927,15,1
1697441280,10,16,0,928,15,0
1697441340,10,16,0,929,15,0
1697441400,10,16,0,930,15,0
1697441460,10,16,0,931,15,2
1697441520,10,16,0,932,15,2
1697441580,10,16,0,933,15,2
1697441640,10,16,0,934,15,2
1697441700,10,16,0,935,15,2
1697441820,10,16,0,937,15,0
1697441880,10,16,0,938,15,0
1697441940,10,16,0,939,15,0
1697442060,10,16,0,941,15,0
1697442120,10,16,0,942,15,0
1697442180,10,16,0,943,15,0
1697442240,10,16,0,944,15,0
1697442300,10,16,0,945,15,0
1697442360,10,16,0,946,15,0
1697442420,10,16,0,947,15,0
1697442480,10,16,0,948,15,0
1697442540,10,16,0,949,15,0
1697442660,10,16,0,951,15,0
1697442780,10,16,0,953,15,0
1697442840,10,16,0,954,15,1
1697442960,10,16,0,956,15,0
1697443020,10,16,0,957,15,0
1697443080,10,16,0,958,15,0
1697443140,10,16,0,959,15,0
1697443260,10,16,0,961,15,0
1697443320,10,16,0,962,15,0
1697443380,10,16,0,963,15,0
1697443440,10,16,0,964,15,0
1697443500,10,16,0,965,15,0
1697443560,10,16,0,966,15,0
1697443620,10,16,0,967,15,0
1697443680,10,16,0,968,15,0
1697443740,10,16,0,969,15,0
1697443800,10,16,0,970,15,1
1697443860,10,16,0,971,15,0
1697443920,10,16,0,972,15,0
1697443980,10,16,0,973,15,0
1697444040,10,16,0,974,15,0
1697444100,10,16,0,975,15,0
1697444160,10,16,0,976,15,0
1697444220,10,16,0,977,15,0
1697444280,10,16,0,978,15,0
1697444340,10,16,0,979,15,0
1697444460,10,16,0,981,15,0
1697444520,10,16,0,982,15,1
1697444580,10,16,0,983,15,0
1697444640,10,16,0,984,15,0
1697444700,10,16,0,985,15,0
1697444760,10,16,0,986,15,2
1697444820,10,16,0,987,15,0
1697444880,10,16,0,988,15,0
1697444940,10,16,0,989,15,0
1697445000,10,16,0,990,15,0
1697445120,10,16,0,992,15,0
1697445180,10,16,0,993,15,0
1697445240,10,16,0,994,15,0
1697445300,10,16,0,995,15,0
1697445360,10,16,0,996,15,0
1697445420,10,16,0,997,15,0
1697445480,10,16,0,998,15,0
1697445540,10,16,0,999,15,0
1697445600,10,16,0,1000,15,0
1697445660,10,16,0,1001,15,0
1697445720,10,16,0,1002,15,0
1697445780,10,16,0,1003,15,0
1697445840,10,16,0,1004,15,0
1697445900,10,16,0,1005,15,0
1697445960,10,16,0,1006,15,3
1697446020,10,16,0,1007,15,3
1697446080,10,16,0,1008,15,3
1697446140,10,16,0,1009,15,3
1697446200,10,16,0,1010,15,3
1697446260,10,16,0,1011,15,2
1697446320,10,16,0,1012,15,2
1697446380,10,16,0,1013,15,3
1697446440,10,16,0,1014,15,3
1697446500,10,16,0,1015,15,3
1697446560,10,16,0,1016,15,3
1697446620,10,16,0,1017,15,3
1697446680,10,16,0,1018,15,3
1697446740,10,16,0,1019,15,3
1697446860,10,16,0,1021,15,3
1697446920,10,16,0,1022,15,3
1697446980,10,16,0,1023,15,3
1697447040,10,16,0,1024,15,3
1697447100,10,16,0,1025,15,3
1697447160,10,16,0,1026,15,2
1697447220,10,16,0,1027,15,1
1697447280,10,16,0,1028,15,1
1697447340,10,16,0,1029,15,2
1697447460,10,16,0,1031,15,4
1697447520,10,16,0,1032,15,4
1697447580,10,16,0,1033,15,6
1697447640,10,16,0,1034,15,6
1697447700,10,16,0,1035,15,6
1697447760,10,16,0,1036,15,6
1697447820,10,16,0,1037,15,7
1697447880,10,16,0,1038,15,6
1697447940,10,16,0,1039,15,5
1697448120,10,16,0,1042,15,5
1697448180,10,16,0,1043,15,5
1697448240,10,16,0,1044,15,5
1697448360,10,16,0,1046,15,5
1697448420,10,16,0,1047,15,5
1697448480,10,16,0,1048,15,5
1697448540,10,16,0,1049,15,5
1697448660,10,16,0,1051,15,5
1697448720,10,16,0,1052,15,5
1697448780,10,16,0,1053,15,6
1697448840,10,16,0,1054,15,6
1697448900,10,16,0,1055,15,4
1697448960,10,16,0,1056,15,4
1697449020,10,16,0,1057,15,4
1697449080,10,16,0,1058,15,2
1697449140,10,16,0,1059,15,2
1697449200,10,16,0,1060,15,1
1697449260,10,16,0,1061,15,1
1697449320,10,16,0,1062,15,2
1697449380,10,16,0,1063,15,2
1697449440,10,16,0,1064,15,2
1697449500,10,16,0,1065,15,3
1697449560,10,16,0,1066,15,4
1697449620,10,16,0,1067,15,3
1697449680,10,16,0,1068,15,1
1697449740,10,16,0,1069,15,1
1697449860,10,16,0,1071,15,0
1697449920,10,16,0,1072,15,0
1697449980,10,16,0,1073,15,1
1697450040,10,16,0,1074,15,0
1697450160,10,16,0,1076,15,0
1697450220,10,16,0,1077,15,0
1697450280,10,16,0,1078,15,0
1697450340,10,16,0,1079,15,0
1697450460,10,16,0,1081,15,0
1697450520,10,16,0,1082,15,0
1697450580,10,16,0,1083,15,0
1697450640,10,16,0,1084,15,0
1697450700,10,16,0,1085,15,0
1697450760,10,16,0,1086,15,0
1697450820,10,16,0,1087,15,0
1697450880,10,16,0,1088,15,0
1697450940,10,16,0,1089,15,0
1697451000,10,16,0,1090,15,0
1697451060,10,16,0,1091,15,0
1697451120,10,16,0,1092,15,0
1697451180,10,16,0,1093,15,1
1697451240,10,16,0,1094,15,0
1697451300,10,16,0,1095,15,0
1697451360,10,16,0,1096,15,0
1697451420,10,16,0,1097,15,0
1697451480,10,16,0,1098,15,0
1697451540,10,16,0,1099,15,0
1697451600,10,16,0,1100,15,0
1697451720,10,16,0,1102,15,0
1697451780,10,16,0,1103,15,0
1697451840,10,16,0,1104,15,0
1697451900,10,16,0,1105,15,0
1697451960,10,16,0,1106,15,0
1697452020,10,16,0,1107,15,0
1697452080,10,16,0,1108,15,0
1697452140,10,16,0,1109,15,0
1697452260,10,16,0,1111,15,0
1697452380,10,16,0,1113,15,1
1697452440,10,16,0,1114,15,1
1697452500,10,16,0,1115,15,1
1697452560,10,16,0,1116,15,1
1697452620,10,16,0,1117,15,1
1697452680,10,16,0,1118,15,0
1697452740,10,16,0,1119,15,0
1697452800,10,16,0,1120,15,0
1697452860,10,16,0,1121,15,0
1697452920,10,16,0,1122,15,1
1697452980,10,16,0,1123,15,0
1697453040,10,16,0,1124,15,0
1697453100,10,16,0,1125,15,0
1697453160,10,16,0,1126,15,0
1697453220,10,16,0,1127,15,0
1697453280,10,16,0,1128,15,0
1697453340,10,16,0,1129,15,0
1697453400,10,16,0,1130,15,0
1697453460,10,16,0,1131,15,0
1697453520,10,16,0,1132,15,0
1697453580,10,16,0,1133,15,1
1697453640,10,16,0,1134,15,1
1697453700,10,16,0,1135,15,1
1697453760,10,16,0,1136,15,1
1697453820,10,16,0,1137,15,1
1697453880,10,16,0,1138,15,1
1697453940,10,16,0,1139,15,1
1697454060,10,16,0,1141,15,1
1697454120,10,16,0,1142,15,1
1697454180,10,16,0,1143,15,1
1697454240,10,16,0,1144,15,1
1697454300,10,16,0,1145,15,1
1697454360,10,16,0,1146,15,1
1697454420,10,16,0,1147,15,1
1697454480,10,16,0,1148,15,1
1697454540,10,16,0,1149,15,2
1697454600,10,16,0,1150,15,2
1697454660,10,16,0,1151,15,3
1697454720,10,16,0,1152,15,2
1697454780,10,16,0,1153,15,4
1697454840,10,16,0,1154,15,4
1697454900,10,16,0,1155,15,4
1697454960,10,16,0,1156,15,4
1697455020,10,16,0,1157,15,4
1697455080,10,16,0,1158,15,3
1697455140,10,16,0,1159,15,4
1697455260,10,16,0,1161,15,4
1697455320,10,16,0,1162,15,3
1697455380,10,16,0,1163,15,3
1697455440,10,16,0,1164,15,2
1697455500,10,16,0,1165,15,2
1697455560,10,16,0,1166,15,2
1697455620,10,16,0,1167,15,2
1697455680,10,16,0,1168,15,2
1697455740,10,16,0,1169,15,2
1697455860,10,16,0,1171,15,2
1697455920,10,16,0,1172,15,1
1697455980,10,16,0,1173,15,2
1697456040,10,16,0,1174,15,3
1697456100,10,16,0,1175,15,3
1697456160,10,16,0,1176,15,3
1697456220,10,16,0,1177,15,4
1697456280,10,16,0,1178,15,5
1697456340,10,16,0,1179,15,5
1697456400,10,16,0,1180,15,5
1697456460,10,16,0,1181,15,5
1697456520,10,16,0,1182,15,5
1697456580,10,16,0,1183,15,5
1697456640,10,16,0,1184,15,5
1697456700,10,16,0,1185,15,5
1697456760,10,16,0,1186,15,5
1697456820,10,16,0,1187,15,5
1697456880,10,16,0,1188,15,4
1697456940,10,16,0,1189,15,4
1697457000,10,16,0,1190,15,5
1697457060,10,16,0,1191,15,5
1697457120,10,16,0,1192,15,5
1697457180,10,16,0,1193,15,4
1697457240,10,16,0,1194,15,4
1697457300,10,16,0,1195,15,4
1697457360,10,16,0,1196,15,4
1697457420,10,16,0,1197,15,4
1697457480,10,16,0,1198,15,5
1697457540,10,16,0,1199,15,4
1697457660,10,16,0,1201,15,4
1697457720,10,16,0,1202,15,4
1697457780,10,16,0,1203,15,4
1697457840,10,16,0,1204,15,4
1697457900,10,16,0,1205,15,4
1697457960,10,16,0,1206,15,3
1697458020,10,16,0,1207,15,3
1697458080,10,16,0,1208,15,3
1697458140,10,16,0,1209,15,3
1697458200,10,16,0,1210,15,3
1697458260,10,16,0,1211,15,3
1697458320,10,16,0,1212,15,3
1697458380,10,16,0,1213,15,3
1697458440,10,16,0,1214,15,4
1697458500,10,16,0,1215,15,4
1697458560,10,16,0,1216,15,4
1697458620,10,16,0,1217,15,4
1697458680,10,16,0,1218,15,4
1697458740,10,16,0,1219,15,4
1697458860,10,16,0,1221,15,4
1697458920,10,16,0,1222,15,4
1697459040,10,16,0,1224,15,4
1697459100,10,16,0,1225,15,3
1697459160,10,16,0,1226,15,3
1697459220,10,16,0,1227,15,3
1697459280,10,16,0,1228,15,3
1697459340,10,16,0,1229,15,3
1697459460,10,16,0,1231,15,2
1697459520,10,16,0,1232,15,2
1697459580,10,16,0,1233,15,2
1697459640,10,16,0,1234,15,2
1697459700,10,16,0,1235,15,2
1697459760,10,16,0,1236,15,2
1697459820,10,16,0,1237,15,1
1697459880,10,16,0,1238,15,1
1697459940,10,16,0,1239,15,2
1697460000,10,16,0,1240,15,2
1697460060,10,16,0,1241,15,2
1697460120,10,16,0,1242,15,3
1697460180,10,16,0,1243,15,3
1697460240,10,16,0,1244,15,3
1697460300,10,16,0,1245,15,3
1697460360,10,16,0,1246,15,3
1697460420,10,16,0,1247,15,3
1697460480,10,16,0,1248,15,3
1697460540,10,16,0,1249,15,3
1697460600,10,16,0,1250,15,3
1697460660,10,16,0,1251,15,3
1697460720,10,16,0,1252,15,3
1697460780,10,16,0,1253,15,3
1697460840,10,16,0,1254,15,4
1697460900,10,16,0,1255,15,4
1697460960,10,16,0,1256,15,4
1697461020,10,16,0,1257,15,4
1697461080,10,16,0,1258,15,4
1697461140,10,16,0,1259,15,4
1697461260,10,16,0,1261,15,4
1697461320,10,16,0,1262,15,4
1697461380,10,16,0,1263,15,4
1697461440,10,16,0,1264,15,4
1697461500,10,16,0,1265,15,3
1697461560,10,16,0,1266,15,5
1697461620,10,16,0,1267,15,5
1697461680,10,16,0,1268,15,5
1697461740,10,16,0,1269,15,5
1697461800,10,16,0,1270,15,3
1697461860,10,16,0,1271,15,3
1697461920,10,16,0,1272,15,3
1697461980,10,16,0,1273,15,3
1697462040,10,16,0,1274,15,4
1697462100,10,16,0,1275,15,4
1697462160,10,16,0,1276,15,4
1697462220,10,16,0,1277,15,3
1697462280,10,16,0,1278,15,3
1697462340,10,16,0,1279,15,2
1697462460,10,16,0,1281,15,2
1697462520,10,16,0,1282,15,1
1697462580,10,16,0,1283,15,1
1697462640,10,16,0,1284,15,1
1697462700,10,16,0,1285,15,1
1697462760,10,16,0,1286,15,1
1697462820,10,16,0,1287,15,0
1697462880,10,16,0,1288,15,0
1697462940,10,16,0,1289,15,0
1697463060,10,16,0,1291,15,0
1697463120,10,16,0,1292,15,0
1697463180,10,16,0,1293,15,0
1697463240,10,16,0,1294,15,1
1697463300,10,16,0,1295,15,1
1697463360,10,16,0,1296,15,1
1697463420,10,16,0,1297,15,1
1697463480,10,16,0,1298,15,1
1697463540,10,16,0,1299,15,1
1697463600,10,16,0,1300,15,1
1697463660,10,16,0,1301,15,1
1697463720,10,16,0,1302,15,2
1697463780,10,16,0,1303,15,2
1697463840,10,16,0,1304,15,2
1697463900,10,16,0,1305,15,2
1697463960,10,16,0,1306,15,2
1697464020,10,16,0,1307,15,1
1697464080,10,16,0,1308,15,1
1697464140,10,16,0,1309,15,1
1697464200,10,16,0,1310,15,1
1697464260,10,16,0,1311,15,1
1697464320,10,16,0,1312,15,1
1697464380,10,16,0,1313,15,1
1697464440,10,16,0,1314,15,0
1697464500,10,16,0,1315,15,0
1697464560,10,16,0,1316,15,0
1697464620,10,16,0,1317,15,0
1697464680,10,16,0,1318,15,0
1697464740,10,16,0,1319,15,0
1697464860,10,16,0,1321,15,0
1697464920,10,16,0,1322,15,0
1697464980,10,16,0,1323,15,0
1697465040,10,16,0,1324,15,0
1697465100,10,16,0,1325,15,0
1697465160,10,16,0,1326,15,0
1697465220,10,16,0,1327,15,0
1697465280,10,16,0,1328,15,0
1697465340,10,16,0,1329,15,0
1697465400,10,16,0,1330,15,0
1697465460,10,16,0,1331,15,0
1697465520,10,16,0,1332,15,0
1697465580,10,16,0,1333,15,0
1697465640,10,16,0,1334,15,0
1697465700,10,16,0,1335,15,0
1697465760,10,16,0,1336,15,0
1697465820,10,16,0,1337,15,0
1697465880,10,16,0,1338,15,1
1697465940,10,16,0,1339,15,1
1697466060,10,16,0,1341,15,1
1697466120,10,16,0,1342,15,0
1697466180,10,16,0,1343,15,0
1697466240,10,16,0,1344,15,0
1697466300,10,16,0,1345,15,0
1697466360,10,16,0,1346,15,0
1697466420,10,16,0,1347,15,0
1697466480,10,16,0,1348,15,0
1697466540,10,16,0,1349,15,0
1697466600,10,16,0,1350,15,0
1697466660,10,16,0,1351,15,0
1697466720,10,16,0,1352,15,0
1697466780,10,16,0,1353,15,0
1697466840,10,16,0,1354,15,0
1697466900,10,16,0,1355,15,0
1697466960,10,16,0,1356,15,0
1697467020,10,16,0,1357,15,0
1697467080,10,16,0,1358,15,1
1697467140,10,16,0,1359,15,0
1697467200,10,16,0,1360,15,0
1697467260,10,16,0,1361,15,0
1697467320,10,16,0,1362,15,0
1697467380,10,16,0,1363,15,0
1697467440,10,16,0,1364,15,0
1697467500,10,16,0,1365,15,0
1697467560,10,16,0,1366,15,1
1697467620,10,16,0,1367,15,1
1697467680,10,16,0,1368,15,1
1697467740,10,16,0,1369,15,1
1697467800,10,16,0,1370,15,1
1697467860,10,16,0,1371,15,3
1697467920,10,16,0,1372,15,3
1697467980,10,16,0,1373,15,3
1697468040,10,16,0,1374,15,3
1697468100,10,16,0,1375,15,3
1697468160,10,16,0,1376,15,3
1697468220,10,16,0,1377,15,3
1697468280,10,16,0,1378,15,4
1697468340,10,16,0,1379,15,5
1697468460,10,16,0,1381,15,5
1697468520,10,16,0,1382,15,5
1697468580,10,16,0,1383,15,5
1697468640,10,16,0,1384,15,6
1697468700,10,16,0,1385,15,5
1697468760,10,16,0,1386,15,5
1697468820,10,16,0,1387,15,5
1697468880,10,16,0,1388,15,5
1697468940,10,16,0,1389,15,5
1697469000,10,16,0,1390,15,5
1697469060,10,16,0,1391,15,5
1697469120,10,16,0,1392,15,5
1697469180,10,16,0,1393,15,6
1697469240,10,16,0,1394,15,6
1697469300,10,16,0,1395,15,6
1697469360,10,16,0,1396,15,6
1697469420,10,16,0,1397,15,6
1697469480,10,16,0,1398,15,6
1697469540,10,16,0,1399,15,6
1697469660,10,16,0,1401,15,6
1697469720,10,16,0,1402,15,6
1697469780,10,16,0,1403,15,5
1697469840,10,16,0,1404,15,5
1697469900,10,16,0,1405,15,5
1697469960,10,16,0,1406,15,5
1697470020,10,16,0,1407,15,5
1697470080,10,16,0,1408,15,5
1697470140,10,16,0,1409,15,5
1697470200,10,16,0,1410,15,5
1697470260,10,16,0,1411,15,5
1697470320,10,16,0,1412,15,5
1697470380,10,16,0,1413,15,5
1697470440,10,16,0,1414,15,5
1697470500,10,16,0,1415,15,6
1697470560,10,16,0,1416,15,7
1697470620,10,16,0,1417,15,7
1697470680,10,16,0,1418,15,7
1697470740,10,16,0,1419,15,6
1697470800,10,16,0,1420,15,6
1697470860,10,16,0,1421,15,6
1697470920,10,16,0,1422,15,6
1697470980,10,16,0,1423,15,6
1697471040,10,16,0,1424,15,6
1697471100,10,16,0,1425,15,6
1697471160,10,16,0,1426,15,7
1697471220,10,16,0,1427,15,7
1697471280,10,16,0,1428,15,7
1697471340,10,16,0,1429,15,8
1697471400,10,16,0,1430,15,8
1697471460,10,16,0,1431,15,9
1697471520,10,16,0,1432,15,9
1697471580,10,16,0,1433,15,9
1697471640,10,16,0,1434,15,9
1697471700,10,16,0,1435,15,9
1697471760,10,16,0,1436,15,9
1697471820,10,16,0,1437,15,9
1697471880,10,16,0,1438,15,9
1697471940,10,16,0,1439,15,9
1697472060,10,17,1,1,15,8
1697472120,10,17,1,2,15,6
1697472180,10,17,1,3,15,6
1697472240,10,17,1,4,15,5
1697472300,10,17,1,5,15,5
1697472360,10,17,1,6,15,5
1697472420,10,17,1,7,15,5
1697472480,10,17,1,8,15,5
1697472540,10,17,1,9,15,4
1697472600,10,17,1,10,15,3
1697472660,10,17,1,11,15,2
1697472720,10,17,1,12,15,2
1697472780,10,17,1,13,15,2
1697472840,10,17,1,14,15,1
1697472900,10,17,1,15,15,1
1697472960,10,17,1,16,15,1
1697473020,10,17,1,17,15,1
1697473080,10,17,1,18,15,1
1697473140,10,17,1,19,15,2
1697473260,10,17,1,21,15,2
1697473320,10,17,1,22,15,2
1697473380,10,17,1,23,15,2
1697473440,10,17,1,24,15,2
1697473500,10,17,1,25,15,2
1697473560,10,17,1,26,15,2
1697473620,10,17,1,27,15,2
1697473680,10,17,1,28,15,2
1697473740,10,17,1,29,15,2
1697473800,10,17,1,30,15,2
1697473860,10,17,1,31,15,2
1697473920,10,17,1,32,15,2
1697473980,10,17,1,33,15,2
1697474040,10,17,1,34,15,3
1697474100,10,17,1,35,15,2
1697474160,10,17,1,36,15,2
1697474220,10,17,1,37,15,1
1697474280,10,17,1,38,15,1
1697474340,10,17,1,39,15,1
1697474400,10,17,1,40,15,1
1697474460,10,17,1,41,15,2
1697474520,10,17,1,42,15,2
1697474580,10,17,1,43,15,2
1697474640,10,17,1,44,15,2
1697474700,10,17,1,45,15,2
1697474760,10,17,1,46,15,2
1697474820,10,17,1,47,15,2
1697474880,10,17,1,48,15,2
1697474940,10,17,1,49,15,2
1697475000,10,17,1,50,15,2
1697475060,10,17,1,51,15,2
1697475120,10,17,1,52,15,2
1697475180,10,17,1,53,15,2
1697475240,10,17,1,54,15,2
1697475300,10,17,1,55,15,2
1697475360,10,17,1,56,15,2
1697475420,10,17,1,57,15,2
1697475480,10,17,1,58,15,2
1697475540,10,17,1,59,15,2
1697475660,10,17,1,61,15,2
1697475720,10,17,1,62,15,2
1697475780,10,17,1,63,15,2
1697475840,10,17,1,64,15,2
1697475900,10,17,1,65,15,2
1697475960,10,17,1,66,15,2
1697476020,10,17,1,67,15,2
1697476080,10,17,1,68,15,2
1697476140,10,17,1,69,15,2
1697476200,10,17,1,70,15,2
1697476260,10,17,1,71,15,2
1697476320,10,17,1,72,15,2
1697476380,10,17,1,73,15,2
1697476440,10,17,1,74,15,2
1697476500,10,17,1,75,15,2
1697476560,10,17,1,76,15,2
1697476620,10,17,1,77,15,2
1697476680,10,17,1,78,15,2
1697476740,10,17,1,79,15,2
1697476860,10,17,1,81,15,2
1697476920,10,17,1,82,15,2
1697476980,10,17,1,83,15,2
1697477040,10,17,1,84,15,2
1697477100,10,17,1,85,15,2
1697477160,10,17,1,86,15,2
1697477220,10,17,1,87,15,3
1697477280,10,17,1,88,15,3
1697477340,10,17,1,89,15,3
1697477400,10,17,1,90,15,3
1697477460,10,17,1,91,15,3
1697477520,10,17,1,92,15,3
1697477580,10,17,1,93,15,3
1697477640,10,17,1,94,15,3
1697477700,10,17,1,95,15,3
1697477760,10,17,1,96,15,3
1697477820,10,17,1,97,15,3
1697477940,10,17,1,99,15,3
1697478000,10,17,1,100,15,3
1697478060,10,17,1,101,15,3
1697478120,10,17,1,102,15,3
1697478180,10,17,1,103,15,3
1697478240,10,17,1,104,15,3
1697478300,10,17,1,105,15,4
1697478360,10,17,1,106,15,4
1697478420,10,17,1,107,15,4
1697478480,10,17,1,108,15,4
1697478540,10,17,1,109,15,4
1697478600,10,17,1,110,15,4
1697478660,10,17,1,111,15,4
1697478720,10,17,1,112,15,4
1697478780,10,17,1,113,15,4
1697478840,10,17,1,114,15,4
1697478900,10,17,1,115,15,4
1697478960,10,17,1,116,15,4
1697479020,10,17,1,117,15,4
1697479080,10,17,1,118,15,4
1697479140,10,17,1,119,15,4
1697479260,10,17,1,121,15,4
1697479320,10,17,1,122,15,4
1697479380,10,17,1,123,15,4
1697479440,10,17,1,124,15,4
1697479500,10,17,1,125,15,4
1697479560,10,17,1,126,15,4
1697479620,10,17,1,127,15,4
1697479680,10,17,1,128,15,4
1697479740,10,17,1,129,15,4
1697479800,10,17,1,130,15,4
1697479860,10,17,1,131,15,4
1697479920,10,17,1,132,15,4
1697479980,10,17,1,133,15,4
1697480040,10,17,1,134,15,4
1697480100,10,17,1,135,15,4
1697480160,10,17,1,136,15,4
1697480220,10,17,1,137,15,4
1697480280,10,17,1,138,15,4
1697480340,10,17,1,139,15,4
1697480460,10,17,1,141,15,4
1697480520,10,17,1,142,15,4
1697480580,10,17,1,143,15,4
1697480640,10,17,1,144,15,4
1697480700,10,17,1,145,15,4
1697480760,10,17,1,146,15,4
1697480820,10,17,1,147,15,4
1697480880,10,17,1,148,15,4
1697480940,10,17,1,149,15,4
1697481000,10,17,1,150,15,4
1697481060,10,17,1,151,15,4
1697481120,10,17,1,152,15,4
1697481180,10,17,1,153,15,4
1697481240,10,17,1,154,15,4
1697481300,10,17,1,155,15,4
1697481360,10,17,1,156,15,4
1697481420,10,17,1,157,15,4
1697481480,10,17,1,158,15,4
1697481540,10,17,1,159,15,4
1697481600,10,17,1,160,15,4
1697481660,10,17,1,161,15,4
1697481720,10,17,1,162,15,4
1697481780,10,17,1,163,15,4
1697481840,10,17,1,164,15,4
1697481900,10,17,1,165,15,4
1697481960,10,17,1,166,15,4
1697482020,10,17,1,167,15,4
1697482080,10,17,1,168,15,4
1697482140,10,17,1,169,15,4
1697482200,10,17,1,170,15,4
1697482260,10,17,1,171,15,4
1697482320,10,17,1,172,15,4
1697482380,10,17,1,173,15,4
1697482440,10,17,1,174,15,4
1697482500,10,17,1,175,15,4
1697482560,10,17,1,176,15,4
1697482620,10,17,1,177,15,4
1697482680,10,17,1,178,15,4
1697482740,10,17,1,179,15,4
1697482800,10,17,1,180,15,4
1697482920,10,17,1,182,15,4
1697482980,10,17,1,183,15,4
1697483040,10,17,1,184,15,4
1697483100,10,17,1,185,15,4
1697483160,10,17,1,186,15,4
1697483220,10,17,1,187,15,4
1697483280,10,17,1,188,15,4
1697483340,10,17,1,189,15,4
1697483400,10,17,1,190,15,4
1697483460,10,17,1,191,15,4
1697483520,10,17,1,192,15,4
1697483580,10,17,1,193,15,4
1697483640,10,17,1,194,15,4
1697483700,10,17,1,195,15,4
1697483760,10,17,1,196,15,4
1697483820,10,17,1,197,15,4
1697483880,10,17,1,198,15,4
1697483940,10,17,1,199,15,4
1697484060,10,17,1,201,15,4
1697484120,10,17,1,202,15,4
1697484180,10,17,1,203,15,4
1697484240,10,17,1,204,15,4
1697484300,10,17,1,205,15,4
1697484360,10,17,1,206,15,4
1697484420,10,17,1,207,15,4
1697484480,10,17,1,208,15,4
1697484540,10,17,1,209,15,4
1697484660,10,17,1,211,15,4
1697484720,10,17,1,212,15,4
1697484780,10,17,1,213,15,4
1697484840,10,17,1,214,15,4
1697484900,10,17,1,215,15,4
1697484960,10,17,1,216,15,4
1697485020,10,17,1,217,15,4
1697485080,10,17,1,218,15,4
1697485140,10,17,1,219,15,4
1697485200,10,17,1,220,15,4
1697485260,10,17,1,221,15,4
1697485320,10,17,1,222,15,4
1697485380,10,17,1,223,15,4
1697485440,10,17,1,224,15,4
1697485500,10,17,1,225,15,4
1697485560,10,17,1,226,15,4
1697485620,10,17,1,227,15,4
1697485680,10,17,1,228,15,4
1697485740,10,17,1,229,15,4
1697485800,10,17,1,230,15,4
1697485860,10,17,1,231,15,4
1697485920,10,17,1,232,15,4
1697485980,10,17,1,233,15,4
1697486040,10,17,1,234,15,4
1697486100,10,17,1,235,15,4
1697486160,10,17,1,236,15,4
1697486220,10,17,1,237,15,4
1697486280,10,17,1,238,15,4
1697486340,10,17,1,239,15,4
1697486400,10,17,1,240,15,4
1697486460,10,17,1,241,15,4
1697486520,10,17,1,242,15,4
1697486580,10,17,1,243,15,4
1697486640,10,17,1,244,15,4
1697486700,10,17,1,245,15,4
1697486760,10,17,1,246,15,4
1697486820,10,17,1,247,15,4
1697486880,10,17,1,248,15,4
1697486940,10,17,1,249,15,4
1697487000,10,17,1,250,15,4
1697487060,10,17,1,251,15,4
1697487120,10,17,1,252,15,4
1697487180,10,17,1,253,15,4
1697487240,10,17,1,254,15,4
1697487300,10,17,1,255,15,4
1697487360,10,17,1,256,15,4
1697487420,10,17,1,257,15,4
1697487480,10,17,1,258,15,4
1697487540,10,17,1,259,15,4
1697487660,10,17,1,261,15,4
1697487720,10,17,1,262,15,4
1697487780,10,17,1,263,15,4
1697487840,10,17,1,264,15,4
1697487900,10,17,1,265,15,4
1697487960,10,17,1,266,15,4
1697488020,10,17,1,267,15,4
1697488080,10,17,1,268,15,5
1697488140,10,17,1,269,15,5
1697488200,10,17,1,270,15,5
1697488260,10,17,1,271,15,5
1697488320,10,17,1,272,15,5
1697488380,10,17,1,273,15,5
1697488440,10,17,1,274,15,5
1697488500,10,17,1,275,15,5
1697488560,10,17,1,276,15,5
1697488620,10,17,1,277,15,5
1697488680,10,17,1,278,15,5
1697488740,10,17,1,279,15,5
1697488800,10,17,1,280,15,5
1697488860,10,17,1,281,15,4
1697488920,10,17,1,282,15,4
1697488980,10,17,1,283,15,4
1697489040,10,17,1,284,15,4
1697489100,10,17,1,285,15,4
1697489160,10,17,1,286,15,4
1697489220,10,17,1,287,15,4
1697489280,10,17,1,288,15,4
1697489340,10,17,1,289,15,4
1697489400,10,17,1,290,15,4
1697489460,10,17,1,291,15,4
1697489520,10,17,1,292,15,4
1697489580,10,17,1,293,15,4
1697489640,10,17,1,294,15,4
1697489700,10,17,1,295,15,4
1697489760,10,17,1,296,15,4
1697489820,10,17,1,297,15,4
1697489880,10,17,1,298,15,4
1697489940,10,17,1,299,15,4
1697490000,10,17,1,300,15,4
1697490060,10,17,1,301,15,4
1697490120,10,17,1,302,15,4
1697490180,10,17,1,303,15,4
1697490240,10,17,1,304,15,4
1697490300,10,17,1,305,15,4
1697490360,10,17,1,306,15,4
1697490420,10,17,1,307,15,4
1697490480,10,17,1,308,15,4
1697490540,10,17,1,309,15,4
1697490600,10,17,1,310,15,4
1697490660,10,17,1,311,15,4
1697490720,10,17,1,312,15,4
1697490780,10,17,1,313,15,4
1697490840,10,17,1,314,15,4
1697490900,10,17,1,315,15,4
1697490960,10,17,1,316,15,4
1697491020,10,17,1,317,15,4
1697491080,10,17,1,318,15,4
1697491140,10,17,1,319,15,4
1697491260,10,17,1,321,15,4
1697491320,10,17,1,322,15,4
1697491380,10,17,1,323,15,4
1697491440,10,17,1,324,15,4
1697491500,10,17,1,325,15,4
1697491560,10,17,1,326,15,4
1697491620,10,17,1,327,15,4
1697491680,10,17,1,328,15,4
1697491740,10,17,1,329,15,4
1697491800,10,17,1,330,15,4
1697491860,10,17,1,331,15,4
1697491920,10,17,1,332,15,4
1697492040,10,17,1,334,15,4
1697492100,10,17,1,335,15,4
1697492160,10,17,1,336,15,4
1697492220,10,17,1,337,15,4
1697492280,10,17,1,338,15,4
1697492340,10,17,1,339,15,4
1697492400,10,17,1,340,15,4
1697492460,10,17,1,341,15,4
1697492520,10,17,1,342,15,4
1697492580,10,17,1,343,15,4
1697492640,10,17,1,344,15,4
1697492700,10,17,1,345,15,4
1697492760,10,17,1,346,15,4
1697492820,10,17,1,347,15,4
1697492880,10,17,1,348,15,4
1697492940,10,17,1,349,15,4
1697493000,10,17,1,350,15,4
1697493060,10,17,1,351,15,5
1697493120,10,17,1,352,15,5
1697493180,10,17,1,353,15,5
1697493240,10,17,1,354,15,5
1697493300,10,17,1,355,15,5
1697493360,10,17,1,356,15,5
1697493420,10,17,1,357,15,5
1697493480,10,17,1,358,15,5
1697493540,10,17,1,359,15,5
1697493600,10,17,1,360,15,5
1697493660,10,17,1,361,15,5
1697493720,10,17,1,362,15,5
1697493780,10,17,1,363,15,5
1697493840,10,17,1,364,15,5
1697493900,10,17,1,365,15,5
1697493960,10,17,1,366,15,5
1697494020,10,17,1,367,15,6
1697494080,10,17,1,368,15,6
1697494140,10,17,1,369,15,6
1697494200,10,17,1,370,15,7
1697494260,10,17,1,371,15,7
1697494320,10,17,1,372,15,7
1697494380,10,17,1,373,15,7
1697494440,10,17,1,374,15,7
1697494500,10,17,1,375,15,7
1697494560,10,17,1,376,15,7
1697494620,10,17,1,377,15,7
1697494680,10,17,1,378,15,7
1697494740,10,17,1,379,15,7
1697494860,10,17,1,381,15,7
1697494920,10,17,1,382,15,7
1697494980,10,17,1,383,15,7
1697495040,10,17,1,384,15,7
1697495100,10,17,1,385,15,7
1697495160,10,17,1,386,15,7
1697495220,10,17,1,387,15,7
1697495280,10,17,1,388,15,7
1697495340,10,17,1,389,15,7
1697495400,10,17,1,390,15,7
1697495460,10,17,1,391,15,7
1697495520,10,17,1,392,15,7
1697495580,10,17,1,393,15,7
1697495640,10,17,1,394,15,7
1697495700,10,17,1,395,15,7
1697495760,10,17,1,396,15,7
1697495820,10,17,1,397,15,7
1697495880,10,17,1,398,15,7
1697495940,10,17,1,399,15,7
1697496000,10,17,1,400,15,7
1697496060,10,17,1,401,15,7
1697496120,10,17,1,402,15,7
1697496180,10,17,1,403,15,7
1697496240,10,17,1,404,15,7
1697496300,10,17,1,405,15,7
1697496360,10,17,1,406,15,7
1697496420,10,17,1,407,15,7
1697496480,10,17,1,408,15,7
1697496540,10,17,1,409,15,7
1697496600,10,17,1,410,15,7
1697496660,10,17,1,411,15,7
1697496720,10,17,1,412,15,7
1697496780,10,17,1,413,15,8
1697496840,10,17,1,414,15,8
1697496900,10,17,1,415,15,8
1697496960,10,17,1,416,15,8
1697497020,10,17,1,417,15,8
1697497080,10,17,1,418,15,8
1697497140,10,17,1,419,15,8
1697497200,10,17,1,420,15,8
1697497320,10,17,1,422,15,8
1697497380,10,17,1,423,15,8
1697497440,10,17,1,424,15,8
1697497500,10,17,1,425,15,8
1697497560,10,17,1,426,15,7
1697497620,10,17,1,427,15,7
1697497680,10,17,1,428,15,7
1697497740,10,17,1,429,15,7
1697497800,10,17,1,430,15,6
1697497860,10,17,1,431,15,6
1697497920,10,17,1,432,15,6
1697497980,10,17,1,433,15,6
1697498040,10,17,1,434,15,6
1697498100,10,17,1,435,15,6
1697498160,10,17,1,436,15,6
1697498220,10,17,1,437,15,6
1697498280,10,17,1,438,15,6
1697498340,10,17,1,439,15,6
1697498460,10,17,1,441,15,6
1697498520,10,17,1,442,15,8
1697498580,10,17,1,443,15,8
1697498640,10,17,1,444,15,8
1697498700,10,17,1,445,15,8
1697498760,10,17,1,446,15,9
1697498820,10,17,1,447,15,9
1697498880,10,17,1,448,15,9
1697498940,10,17,1,449,15,9
1697499060,10,17,1,451,15,9
1697499120,10,17,1,452,15,10
1697499180,10,17,1,453,15,10
1697499240,10,17,1,454,15,10
1697499300,10,17,1,455,15,10
1697499360,10,17,1,456,15,9
1697499420,10,17,1,457,15,9
1697499480,10,17,1,458,15,10
1697499540,10,17,1,459,15,9
1697499600,10,17,1,460,15,9
1697499660,10,17,1,461,15,9
1697499720,10,17,1,462,15,9
1697499780,10,17,1,463,15,9
1697499840,10,17,1,464,15,9
1697499900,10,17,1,465,15,9
1697499960,10,17,1,466,15,9
1697500020,10,17,1,467,15,8
1697500080,10,17,1,468,15,9
1697500140,10,17,1,469,15,9
1697500200,10,17,1,470,15,9
1697500260,10,17,1,471,15,9
1697500320,10,17,1,472,15,9
1697500380,10,17,1,473,15,8
1697500440,10,17,1,474,15,8
1697500500,10,17,1,475,15,8
1697500560,10,17,1,476,15,8
1697500620,10,17,1,477,15,8
1697500680,10,17,1,478,15,7
1697500740,10,17,1,479,15,7
1697500860,10,17,1,481,15,4
1697500920,10,17,1,482,15,3
1697500980,10,17,1,483,15,3
1697501040,10,17,1,484,15,2
1697501100,10,17,1,485,15,2
1697501160,10,17,1,486,15,0
1697501220,10,17,1,487,15,0
1697501280,10,17,1,488,15,0
1697501340,10,17,1,489,15,0
1697501400,10,17,1,490,15,0
1697501460,10,17,1,491,15,0
1697501520,10,17,1,492,15,0
1697501580,10,17,1,493,15,0
1697501640,10,17,1,494,15,0
1697501700,10,17,1,495,15,1
1697501760,10,17,1,496,15,0
1697501820,10,17,1,497,15,0
1697501880,10,17,1,498,15,0
1697501940,10,17,1,499,15,0
1697502060,10,17,1,501,15,0
1697502120,10,17,1,502,15,0
1697502180,10,17,1,503,15,0
1697502240,10,17,1,504,15,0
1697502300,10,17,1,505,15,1
1697502360,10,17,1,506,15,1
1697502420,10,17,1,507,15,1
1697502480,10,17,1,508,15,2
1697502540,10,17,1,509,15,2
1697502660,10,17,1,511,15,2
1697502720,10,17,1,512,15,3
1697502780,10,17,1,513,15,2
1697502840,10,17,1,514,15,2
1697502900,10,17,1,515,15,1
1697502960,10,17,1,516,15,1
1697503020,10,17,1,517,15,0
1697503080,10,17,1,518,15,0
1697503140,10,17,1,519,15,0
1697503200,10,17,1,520,15,0
1697503260,10,17,1,521,15,0
1697503320,10,17,1,522,15,2
1697503380,10,17,1,523,15,1
1697503440,10,17,1,524,15,1
1697503500,10,17,1,525,15,1
1697503560,10,17,1,526,15,0
1697503620,10,17,1,527,15,0
1697503680,10,17,1,528,15,1
1697503740,10,17,1,529,15,1
1697503800,10,17,1,530,15,0
1697503860,10,17,1,531,15,0
1697503920,10,17,1,532,15,0
1697503980,10,17,1,533,15,0
1697504040,10,17,1,534,15,0
1697504100,10,17,1,535,15,0
1697504160,10,17,1,536,15,0
1697504220,10,17,1,537,15,0
1697504280,10,17,1,538,15,0
1697504340,10,17,1,539,15,0
1697504460,10,17,1,541,15,0
1697504520,10,17,1,542,15,1
1697504580,10,17,1,543,15,1
1697504640,10,17,1,544,15,1
1697504700,10,17,1,545,15,1
1697504760,10,17,1,546,15,0
1697504820,10,17,1,547,15,0
1697504880,10,17,1,548,15,0
1697504940,10,17,1,549,15,1
1697505000,10,17,1,550,15,0
1697505060,10,17,1,551,15,0
1697505120,10,17,1,552,15,2
1697505180,10,17,1,553,15,0
1697505240,10,17,1,554,15,0
1697505300,10,17,1,555,15,0
1697505360,10,17,1,556,15,0
1697505420,10,17,1,557,15,1
1697505480,10,17,1,558,15,0
1697505540,10,17,1,559,15,0
1697505600,10,17,1,560,15,0
1697505720,10,17,1,562,15,2
1697505780,10,17,1,563,15,2
1697505840,10,17,1,564,15,2
1697505900,10,17,1,565,15,1
1697505960,10,17,1,566,15,1
1697506020,10,17,1,567,15,1
1697506080,10,17,1,568,15,0
1697506140,10,17,1,569,15,0
1697506260,10,17,1,571,15,0
1697506320,10,17,1,572,15,0
1697506380,10,17,1,573,15,0
1697506440,10,17,1,574,15,0
1697506500,10,17,1,575,15,0
1697506560,10,17,1,576,15,0
1697506620,10,17,1,577,15,0
1697506680,10,17,1,578,15,0
1697506740,10,17,1,579,15,1
1697506800,10,17,1,580,15,0
1697506860,10,17,1,581,15,0
1697506920,10,17,1,582,15,0
1697506980,10,17,1,583,15,0
1697507040,10,17,1,584,15,0
1697507100,10,17,1,585,15,0
1697507160,10,17,1,586,15,0
1697507220,10,17,1,587,15,0
1697507280,10,17,1,588,15,0
1697507340,10,17,1,589,15,0
1697507400,10,17,1,590,15,0
1697507460,10,17,1,591,15,0
1697507520,10,17,1,592,15,1
1697507580,10,17,1,593,15,0
1697507640,10,17,1,594,15,0
1697507700,10,17,1,595,15,0
1697507760,10,17,1,596,15,0
1697507820,10,17,1,597,15,0
1697507880,10,17,1,598,15,0
1697507940,10,17,1,599,15,0
1697508060,10,17,1,601,15,0
1697508120,10,17,1,602,15,0
1697508180,10,17,1,603,15,0
1697508240,10,17,1,604,15,0
1697508300,10,17,1,605,15,0
1697508360,10,17,1,606,15,0
1697508420,10,17,1,607,15,0
1697508480,10,17,1,608,15,0
1697508540,10,17,1,609,15,0
1697508600,10,17,1,610,15,0
1697508660,10,17,1,611,15,0
1697508720,10,17,1,612,15,0
1697508780,10,17,1,613,15,0
1697508840,10,17,1,614,15,0
1697508960,10,17,1,616,15,0
1697509020,10,17,1,617,15,0
1697509080,10,17,1,618,15,0
1697509140,10,17,1,619,15,0
1697509320,10,17,1,622,15,0
1697509380,10,17,1,623,15,0
1697509440,10,17,1,624,15,0
1697509500,10,17,1,625,15,1
1697509560,10,17,1,626,15,1
1697509620,10,17,1,627,15,0
1697509680,10,17,1,628,15,0
1697509740,10,17,1,629,15,0
1697509860,10,17,1,631,15,0
1697509920,10,17,1,632,15,0
1697509980,10,17,1,633,15,0
1697510040,10,17,1,634,15,0
1697510100,10,17,1,635,15,0
1697510160,10,17,1,636,15,0
1697510220,10,17,1,637,15,0
1697510280,10,17,1,638,15,0
1697510340,10,17,1,639,15,0
1697510400,10,17,1,640,15,0
1697510460,10,17,1,641,15,0
1697510520,10,17,1,642,15,0
1697510580,10,17,1,643,15,0
1697510640,10,17,1,644,15,0
1697510700,10,17,1,645,15,0
1697510760,10,17,1,646,15,0
1697510820,10,17,1,647,15,0
1697510880,10,17,1,648,15,0
1697510940,10,17,1,649,15,0
1697511000,10,17,1,650,15,0
1697511060,10,17,1,651,15,0
1697511120,10,17,1,652,15,0
1697511240,10,17,1,654,15,0
1697511300,10,17,1,655,15,1
1697511360,10,17,1,656,15,1
1697511420,10,17,1,657,15,1
1697511480,10,17,1,658,15,1
1697511540,10,17,1,659,15,1
1697511660,10,17,1,661,15,0
1697511720,10,17,1,662,15,0
1697511780,10,17,1,663,15,0
1697511840,10,17,1,664,15,0
1697511900,10,17,1,665,15,0
1697511960,10,17,1,666,15,0
1697512020,10,17,1,667,15,0
1697512080,10,17,1,668,15,0
1697512140,10,17,1,669,15,0
1697512200,10,17,1,670,15,0
1697512260,10,17,1,671,15,0
1697512320,10,17,1,672,15,0
1697512380,10,17,1,673,15,0
1697512440,10,17,1,674,15,0
1697512500,10,17,1,675,15,0
1697512560,10,17,1,676,15,0
1697512620,10,17,1,677,15,0
1697512740,10,17,1,679,15,0
1697512800,10,17,1,680,15,0
1697512920,10,17,1,682,15,0
1697512980,10,17,1,683,15,0
1697513040,10,17,1,684,15,0
1697513100,10,17,1,685,15,1
1697513160,10,17,1,686,15,2
1697513220,10,17,1,687,15,2
1697513280,10,17,1,688,15,2
1697513340,10,17,1,689,15,3
1697513400,10,17,1,690,15,3
1697513460,10,17,1,691,15,1
1697513520,10,17,1,692,15,1
1697513580,10,17,1,693,15,1
1697513640,10,17,1,694,15,1
1697513700,10,17,1,695,15,1
1697513760,10,17,1,696,15,1
1697513820,10,17,1,697,15,0
1697513880,10,17,1,698,15,0
1697513940,10,17,1,699,15,0
1697514000,10,17,1,700,15,0
1697514060,10,17,1,701,15,0
1697514120,10,17,1,702,15,0
1697514180,10,17,1,703,15,0
1697514240,10,17,1,704,15,0
1697514300,10,17,1,705,15,0
1697514360,10,17,1,706,15,0
1697514420,10,17,1,707,15,0
1697514480,10,17,1,708,15,0
1697514540,10,17,1,709,15,1
1697514600,10,17,1,710,15,1
1697514660,10,17,1,711,15,1
1697514720,10,17,1,712,15,1
1697514780,10,17,1,713,15,0
1697514840,10,17,1,714,15,0
1697514900,10,17,1,715,15,0
1697514960,10,17,1,716,15,0
1697515020,10,17,1,717,15,0
1697515080,10,17,1,718,15,0
1697515140,10,17,1,719,15,1
1697515200,10,17,1,720,15,1
1697515320,10,17,1,722,15,0
1697515380,10,17,1,723,15,0
1697515440,10,17,1,724,15,0
1697515500,10,17,1,725,15,0
1697515560,10,17,1,726,15,1
1697515620,10,17,1,727,15,0
1697515680,10,17,1,728,15,0
1697515740,10,17,1,729,15,1
1697515800,10,17,1,730,15,0
1697515860,10,17,1,731,15,0
1697515920,10,17,1,732,15,0
1697515980,10,17,1,733,15,0
1697516040,10,17,1,734,15,0
1697516100,10,17,1,735,15,0
1697516160,10,17,1,736,15,1
1697516220,10,17,1,737,15,1
1697516280,10,17,1,738,15,0
1697516340,10,17,1,739,15,3
1697516460,10,17,1,741,15,2
1697516520,10,17,1,742,15,2
1697516580,10,17,1,743,15,2
1697516640,10,17,1,744,15,2
1697516700,10,17,1,745,15,2
1697516760,10,17,1,746,15,1
1697516820,10,17,1,747,15,1
1697516880,10,17,1,748,15,1
1697516940,10,17,1,749,15,0
1697517060,10,17,1,751,15,1
1697517120,10,17,1,752,15,2
1697517180,10,17,1,753,15,2
1697517240,10,17,1,754,15,2
1697517300,10,17,1,755,15,5
1697517360,10,17,1,756,15,6
1697517420,10,17,1,757,15,5
1697517480,10,17,1,758,15,5
1697517540,10,17,1,759,15,7
1697517600,10,17,1,760,15,7
1697517660,10,17,1,761,15,7
1697517720,10,17,1,762,15,7
1697517780,10,17,1,763,15,6
1697517840,10,17,1,764,15,6
1697517900,10,17,1,765,15,6
1697517960,10,17,1,766,15,6
1697518020,10,17,1,767,15,6
1697518080,10,17,1,768,15,4
1697518140,10,17,1,769,15,5
1697518200,10,17,1,770,15,3
1697518260,10,17,1,771,15,2
1697518320,10,17,1,772,15,2
1697518380,10,17,1,773,15,1
1697518440,10,17,1,774,15,1
1697518500,10,17,1,775,15,1
1697518560,10,17,1,776,15,1
1697518620,10,17,1,777,15,1
1697518680,10,17,1,778,15,1
1697518740,10,17,1,779,15,0
1697518860,10,17,1,781,15,0
1697518920,10,17,1,782,15,0
1697518980,10,17,1,783,15,0
1697519040,10,17,1,784,15,0
1697519100,10,17,1,785,15,0
1697519160,10,17,1,786,15,1
1697519220,10,17,1,787,15,1
1697519280,10,17,1,788,15,0
1697519340,10,17,1,789,15,0
1697519400,10,17,1,790,15,1
1697519460,10,17,1,791,15,0
1697519520,10,17,1,792,15,0
1697519580,10,17,1,793,15,0
1697519640,10,17,1,794,15,1
1697519700,10,17,1,795,15,0
1697519760,10,17,1,796,15,0
1697519820,10,17,1,797,15,0
1697519880,10,17,1,798,15,0
1697519940,10,17,1,799,15,0
1697520060,10,17,1,801,15,0
1697520120,10,17,1,802,15,0
1697520180,10,17,1,803,15,0
1697520240,10,17,1,804,15,0
1697520300,10,17,1,805,15,0
1697520360,10,17,1,806,15,1
1697520420,10,17,1,807,15,1
1697520480,10,17,1,808,15,1
1697520540,10,17,1,809,15,1
1697520600,10,17,1,810,15,1
1697520660,10,17,1,811,15,0
1697520720,10,17,1,812,15,0
1697520780,10,17,1,813,15,0
1697520840,10,17,1,814,15,0
1697520900,10,17,1,815,15,0
1697520960,10,17,1,816,15,1
1697521020,10,17,1,817,15,0
1697521080,10,17,1,818,15,1
1697521140,10,17,1,819,15,0
1697521200,10,17,1,820,15,0
1697521260,10,17,1,821,15,0
1697521320,10,17,1,822,15,0
1697521380,10,17,1,823,15,0
1697521440,10,17,1,824,15,0
1697521500,10,17,1,825,15,0
1697521560,10,17,1,826,15,0
1697521620,10,17,1,827,15,0
1697521680,10,17,1,828,15,0
1697521740,10,17,1,829,15,0
1697521800,10,17,1,830,15,0
1697521860,10,17,1,831,15,0
1697521920,10,17,1,832,15,0
1697521980,10,17,1,833,15,0
1697522040,10,17,1,834,15,0
1697522100,10,17,1,835,15,0
1697522160,10,17,1,836,15,0
1697522220,10,17,1,837,15,0
1697522280,10,17,1,838,15,0
1697522340,10,17,1,839,15,1
1697522460,10,17,1,841,15,1
1697522520,10,17,1,842,15,2
1697522580,10,17,1,843,15,2
1697522640,10,17,1,844,15,2
1697522700,10,17,1,845,15,2
1697522760,10,17,1,846,15,2
1697522820,10,17,1,847,15,2
1697522880,10,17,1,848,15,2
1697522940,10,17,1,849,15,2
1697523000,10,17,1,850,15,2
1697523060,10,17,1,851,15,2
1697523120,10,17,1,852,15,2
1697523180,10,17,1,853,15,2
1697523240,10,17,1,854,15,1
1697523300,10,17,1,855,15,1
1697523360,10,17,1,856,15,0
1697523420,10,17,1,857,15,0
1697523480,10,17,1,858,15,0
1697523540,10,17,1,859,15,1
1697523660,10,17,1,861,15,0
1697523720,10,17,1,862,15,0
1697523780,10,17,1,863,15,0
1697523840,10,17,1,864,15,0
1697523900,10,17,1,865,15,0
1697523960,10,17,1,866,15,0
1697524020,10,17,1,867,15,0
1697524080,10,17,1,868,15,0
1697524140,10,17,1,869,15,0
1697524200,10,17,1,870,15,0
1697524260,10,17,1,871,15,0
1697524320,10,17,1,872,15,0
1697524380,10,17,1,873,15,0
1697524440,10,17,1,874,15,0
1697524500,10,17,1,875,15,0
1697524560,10,17,1,876,15,0
1697524620,10,17,1,877,15,0
1697524680,10,17,1,878,15,2
1697524740,10,17,1,879,15,3
1697524800,10,17,1,880,15,3
1697524860,10,17,1,881,15,3
1697524920,10,17,1,882,15,3
1697524980,10,17,1,883,15,3
1697525040,10,17,1,884,15,3
1697525100,10,17,1,885,15,3
1697525160,10,17,1,886,15,3
1697525220,10,17,1,887,15,3
1697525280,10,17,1,888,15,3
1697525340,10,17,1,889,15,2
1697525400,10,17,1,890,15,2
1697525460,10,17,1,891,15,2
1697525520,10,17,1,892,15,2
1697525580,10,17,1,893,15,2
1697525640,10,17,1,894,15,2
1697525700,10,17,1,895,15,0
1697525760,10,17,1,896,15,0
1697525820,10,17,1,897,15,0
1697525880,10,17,1,898,15,0
1697525940,10,17,1,899,15,0
1697526000,10,17,1,900,15,0
1697526120,10,17,1,902,15,1
1697526240,10,17,1,904,15,1
1697526300,10,17,1,905,15,1
1697526360,10,17,1,906,15,0
1697526420,10,17,1,907,15,0
1697526480,10,17,1,908,15,0
1697526540,10,17,1,909,15,0
1697526600,10,17,1,910,15,3
1697526660,10,17,1,911,15,2
1697526720,10,17,1,912,15,0
1697526780,10,17,1,913,15,0
1697526840,10,17,1,914,15,1
1697526900,10,17,1,915,15,1
1697526960,10,17,1,916,15,0
1697527020,10,17,1,917,15,0
1697527080,10,17,1,918,15,1
1697527140,10,17,1,919,15,0
1697527260,10,17,1,921,15,0
1697527320,10,17,1,922,15,0
1697527380,10,17,1,923,15,0
1697527440,10,17,1,924,15,0
1697527500,10,17,1,925,15,1
1697527560,10,17,1,926,15,3
1697527620,10,17,1,927,15,1
1697527680,10,17,1,928,15,0
1697527740,10,17,1,929,15,0
1697527800,10,17,1,930,15,0
1697527860,10,17,1,931,15,0
1697527920,10,17,1,932,15,0
1697527980,10,17,1,933,15,0
1697528040,10,17,1,934,15,0
1697528100,10,17,1,935,15,0
1697528160,10,17,1,936,15,0
1697528220,10,17,1,937,15,0
1697528280,10,17,1,938,15,2
1697528340,10,17,1,939,15,2
1697528400,10,17,1,940,15,2
1697528460,10,17,1,941,15,1
1697528520,10,17,1,942,15,2
1697528580,10,17,1,943,15,2
1697528640,10,17,1,944,15,3
1697528700,10,17,1,945,15,3
1697528760,10,17,1,946,15,3
1697528820,10,17,1,947,15,3
1697528880,10,17,1,948,15,3
1697528940,10,17,1,949,15,3
1697529000,10,17,1,950,15,3
1697529060,10,17,1,951,15,3
1697529120,10,17,1,952,15,3
1697529180,10,17,1,953,15,3
1697529240,10,17,1,954,15,3
1697529300,10,17,1,955,15,3
1697529360,10,17,1,956,15,3
1697529420,10,17,1,957,15,3
1697529480,10,17,1,958,15,3
1697529540,10,17,1,959,15,3
1697529600,10,17,1,960,15,4
1697529720,10,17,1,962,15,4
1697529780,10,17,1,963,15,5
1697529840,10,17,1,964,15,5
1697529900,10,17,1,965,15,5
1697529960,10,17,1,966,15,5
1697530020,10,17,1,967,15,5
1697530080,10,17,1,968,15,5
1697530140,10,17,1,969,15,5
1697530260,10,17,1,971,15,6
1697530320,10,17,1,972,15,6
1697530380,10,17,1,973,15,6
1697530440,10,17,1,974,15,5
1697530500,10,17,1,975,15,4
1697530620,10,17,1,977,15,1
1697530680,10,17,1,978,15,5
1697530740,10,17,1,979,15,5
1697530860,10,17,1,981,15,5
1697530920,10,17,1,982,15,8
1697530980,10,17,1,983,15,8
1697531040,10,17,1,984,15,6
1697531100,10,17,1,985,15,6
1697531160,10,17,1,986,15,6
1697531220,10,17,1,987,15,5
1697531280,10,17,1,988,15,5
1697531340,10,17,1,989,15,5
1697531460,10,17,1,991,15,6
1697531520,10,17,1,992,15,6
1697531580,10,17,1,993,15,3
1697531640,10,17,1,994,15,3
1697531700,10,17,1,995,15,2
1697531760,10,17,1,996,15,1
1697531820,10,17,1,997,15,1
1697531880,10,17,1,998,15,1
1697531940,10,17,1,999,15,1
1697532060,10,17,1,1001,15,1
1697532120,10,17,1,1002,15,0
1697532180,10,17,1,1003,15,0
1697532240,10,17,1,1004,15,0
1697532300,10,17,1,1005,15,1
1697532360,10,17,1,1006,15,1
1697532420,10,17,1,1007,15,1
1697532480,10,17,1,1008,15,1
1697532540,10,17,1,1009,15,2
1697532600,10,17,1,1010,15,1
1697532660,10,17,1,1011,15,1
1697532720,10,17,1,1012,15,1
1697532780,10,17,1,1013,15,1
1697532900,10,17,1,1015,15,0
1697532960,10,17,1,1016,15,0
1697533020,10,17,1,1017,15,0
1697533080,10,17,1,1018,15,0
1697533140,10,17,1,1019,15,0
1697533260,10,17,1,1021,15,0
1697533320,10,17,1,1022,15,0
1697533380,10,17,1,1023,15,0
1697533500,10,17,1,1025,15,1
1697533560,10,17,1,1026,15,1
1697533620,10,17,1,1027,15,1
1697533680,10,17,1,1028,15,1
1697533740,10,17,1,1029,15,1
1697533800,10,17,1,1030,15,0
1697533860,10,17,1,1031,15,0
1697533920,10,17,1,1032,15,0
1697533980,10,17,1,1033,15,0
1697534040,10,17,1,1034,15,1
1697534100,10,17,1,1035,15,1
1697534160,10,17,1,1036,15,1
1697534220,10,17,1,1037,15,1
1697534280,10,17,1,1038,15,0
1697534340,10,17,1,1039,15,0
1697534400,10,17,1,1040,15,0
1697534520,10,17,1,1042,15,0
1697534580,10,17,1,1043,15,0
1697534640,10,17,1,1044,15,0
1697534700,10,17,1,1045,15,0
1697534760,10,17,1,1046,15,0
1697534820,10,17,1,1047,15,1
1697534880,10,17,1,1048,15,1
1697534940,10,17,1,1049,15,1
1697535060,10,17,1,1051,15,1
1697535120,10,17,1,1052,15,1
1697535180,10,17,1,1053,15,3
1697535240,10,17,1,1054,15,5
1697535300,10,17,1,1055,15,4
1697535360,10,17,1,1056,15,0
1697535420,10,17,1,1057,15,3
1697535480,10,17,1,1058,15,3
1697535540,10,17,1,1059,15,2
1697535600,10,17,1,1060,15,2
1697535660,10,17,1,1061,15,1
1697535720,10,17,1,1062,15,0
1697535780,10,17,1,1063,15,0
1697535840,10,17,1,1064,15,0
1697535900,10,17,1,1065,15,0
1697535960,10,17,1,1066,15,0
1697536020,10,17,1,1067,15,0
1697536080,10,17,1,1068,15,0
1697536140,10,17,1,1069,15,0
1697536200,10,17,1,1070,15,0
1697536260,10,17,1,1071,15,0
1697536320,10,17,1,1072,15,0
1697536380,10,17,1,1073,15,0
1697536440,10,17,1,1074,15,0
1697536500,10,17,1,1075,15,0
1697536560,10,17,1,1076,15,0
1697536620,10,17,1,1077,15,2
1697536680,10,17,1,1078,15,1
1697536740,10,17,1,1079,15,1
1697536860,10,17,1,1081,15,0
1697536980,10,17,1,1083,15,0
1697537040,10,17,1,1084,15,0
1697537100,10,17,1,1085,15,0
1697537160,10,17,1,1086,15,0
1697537220,10,17,1,1087,15,0
1697537280,10,17,1,1088,15,0
1697537340,10,17,1,1089,15,1
1697537400,10,17,1,1090,15,0
1697537460,10,17,1,1091,15,0
1697537520,10,17,1,1092,15,0
1697537580,10,17,1,1093,15,0
1697537640,10,17,1,1094,15,0
1697537700,10,17,1,1095,15,0
1697537760,10,17,1,1096,15,0
1697537820,10,17,1,1097,15,0
1697537880,10,17,1,1098,15,0
1697537940,10,17,1,1099,15,0
1697538060,10,17,1,1101,15,0
1697538120,10,17,1,1102,15,0
1697538180,10,17,1,1103,15,0
1697538240,10,17,1,1104,15,0
1697538300,10,17,1,1105,15,0
1697538360,10,17,1,1106,15,0
1697538420,10,17,1,1107,15,0
1697538480,10,17,1,1108,15,0
1697538540,10,17,1,1109,15,2
1697538660,10,17,1,1111,15,2
1697538720,10,17,1,1112,15,2
1697538780,10,17,1,1113,15,2
1697538840,10,17,1,1114,15,2
1697538900,10,17,1,1115,15,2
1697538960,10,17,1,1116,15,2
1697539020,10,17,1,1117,15,2
1697539080,10,17,1,1118,15,2
1697539140,10,17,1,1119,15,2
1697539200,10,17,1,1120,15,2
1697539260,10,17,1,1121,15,2
1697539320,10,17,1,1122,15,2
1697539380,10,17,1,1123,15,2
1697539440,10,17,1,1124,15,2
1697539500,10,17,1,1125,15,1
1697539560,10,17,1,1126,15,1
1697539620,10,17,1,1127,15,0
1697539680,10,17,1,1128,15,0
1697539740,10,17,1,1129,15,0
1697539800,10,17,1,1130,15,0
1697539860,10,17,1,1131,15,0
1697539920,10,17,1,1132,15,0
1697539980,10,17,1,1133,15,0
1697540040,10,17,1,1134,15,0
1697540100,10,17,1,1135,15,0
1697540160,10,17,1,1136,15,0
1697540220,10,17,1,1137,15,0
1697540280,10,17,1,1138,15,0
1697540340,10,17,1,1139,15,0
1697540460,10,17,1,1141,15,0
1697540520,10,17,1,1142,15,0
1697540580,10,17,1,1143,15,0
1697540640,10,17,1,1144,15,0
1697540700,10,17,1,1145,15,0
1697540760,10,17,1,1146,15,0
1697540820,10,17,1,1147,15,0
1697540880,10,17,1,1148,15,0
1697540940,10,17,1,1149,15,0
1697541000,10,17,1,1150,15,0
1697541060,10,17,1,1151,15,0
1697541120,10,17,1,1152,15,0
1697541180,10,17,1,1153,15,2
1697541240,10,17,1,1154,15,2
1697541300,10,17,1,1155,15,2
1697541360,10,17,1,1156,15,2
1697541420,10,17,1,1157,15,3
1697541480,10,17,1,1158,15,3
1697541540,10,17,1,1159,15,3
1697541660,10,17,1,1161,15,3
1697541720,10,17,1,1162,15,3
1697541780,10,17,1,1163,15,4
1697541840,10,17,1,1164,15,4
1697541900,10,17,1,1165,15,4
1697541960,10,17,1,1166,15,2
1697542020,10,17,1,1167,15,2
1697542080,10,17,1,1168,15,2
1697542140,10,17,1,1169,15,1
1697542260,10,17,1,1171,15,2
1697542320,10,17,1,1172,15,2
1697542380,10,17,1,1173,15,3
1697542440,10,17,1,1174,15,1
1697542500,10,17,1,1175,15,1
1697542560,10,17,1,1176,15,1
1697542620,10,17,1,1177,15,1
1697542680,10,17,1,1178,15,1
1697542740,10,17,1,1179,15,0
1697542800,10,17,1,1180,15,0
1697542860,10,17,1,1181,15,0
1697542920,10,17,1,1182,15,1
1697542980,10,17,1,1183,15,1
1697543040,10,17,1,1184,15,1
1697543100,10,17,1,1185,15,1
1697543160,10,17,1,1186,15,1
1697543220,10,17,1,1187,15,1
1697543280,10,17,1,1188,15,2
1697543400,10,17,1,1190,15,2
1697543460,10,17,1,1191,15,2
1697543520,10,17,1,1192,15,2
1697543580,10,17,1,1193,15,2
1697543640,10,17,1,1194,15,4
1697543700,10,17,1,1195,15,4
1697543760,10,17,1,1196,15,2
1697543820,10,17,1,1197,15,2
1697543880,10,17,1,1198,15,3
1697543940,10,17,1,1199,15,3
1697544060,10,17,1,1201,15,3
1697544120,10,17,1,1202,15,4
1697544180,10,17,1,1203,15,3
1697544240,10,17,1,1204,15,1
1697544300,10,17,1,1205,15,1
1697544360,10,17,1,1206,15,1
1697544420,10,17,1,1207,15,1
1697544480,10,17,1,1208,15,1
1697544540,10,17,1,1209,15,1
1697544600,10,17,1,1210,15,1
1697544660,10,17,1,1211,15,0
1697544720,10,17,1,1212,15,0
1697544780,10,17,1,1213,15,0
1697544840,10,17,1,1214,15,1
1697544900,10,17,1,1215,15,1
1697544960,10,17,1,1216,15,1
1697545020,10,17,1,1217,15,0
1697545080,10,17,1,1218,15,0
1697545140,10,17,1,1219,15,1
1697545200,10,17,1,1220,15,0
1697545320,10,17,1,1222,15,0
1697545380,10,17,1,1223,15,0
1697545440,10,17,1,1224,15,0
1697545500,10,17,1,1225,15,0
1697545560,10,17,1,1226,15,1
1697545620,10,17,1,1227,15,1
1697545680,10,17,1,1228,15,1
1697545740,10,17,1,1229,15,1
1697545860,10,17,1,1231,15,1
1697545920,10,17,1,1232,15,1
1697545980,10,17,1,1233,15,1
1697546040,10,17,1,1234,15,3
1697546100,10,17,1,1235,15,3
1697546160,10,17,1,1236,15,2
1697546220,10,17,1,1237,15,0
1697546280,10,17,1,1238,15,0
1697546340,10,17,1,1239,15,0
1697546400,10,17,1,1240,15,0
1697546460,10,17,1,1241,15,0
1697546520,10,17,1,1242,15,2
1697546580,10,17,1,1243,15,2
1697546640,10,17,1,1244,15,2
1697546700,10,17,1,1245,15,1
1697546760,10,17,1,1246,15,1
1697546820,10,17,1,1247,15,1
1697546880,10,17,1,1248,15,1
1697546940,10,17,1,1249,15,1
1697547000,10,17,1,1250,15,1
1697547060,10,17,1,1251,15,0
1697547120,10,17,1,1252,15,0
1697547180,10,17,1,1253,15,0
1697547240,10,17,1,1254,15,0
1697547300,10,17,1,1255,15,0
1697547360,10,17,1,1256,15,0
1697547420,10,17,1,1257,15,0
1697547480,10,17,1,1258,15,1
1697547540,10,17,1,1259,15,1
1697547600,10,17,1,1260,15,1
1697547720,10,17,1,1262,15,1
1697547780,10,17,1,1263,15,1
1697547840,10,17,1,1264,15,1
1697547900,10,17,1,1265,15,1
1697547960,10,17,1,1266,15,1
1697548020,10,17,1,1267,15,1
1697548080,10,17,1,1268,15,1
1697548140,10,17,1,1269,15,1
1697548200,10,17,1,1270,15,2
1697548260,10,17,1,1271,15,2
1697548320,10,17,1,1272,15,1
1697548380,10,17,1,1273,15,1
1697548440,10,17,1,1274,15,2
1697548500,10,17,1,1275,15,2
1697548560,10,17,1,1276,15,2
1697548620,10,17,1,1277,15,2
1697548680,10,17,1,1278,15,2
1697548740,10,17,1,1279,15,2
1697548800,10,17,1,1280,15,1
1697548920,10,17,1,1282,15,1
1697548980,10,17,1,1283,15,1
1697549040,10,17,1,1284,15,1
1697549100,10,17,1,1285,15,1
1697549160,10,17,1,1286,15,2
1697549220,10,17,1,1287,15,2
1697549280,10,17,1,1288,15,2
1697549340,10,17,1,1289,15,2
1697549460,10,17,1,1291,15,3
1697549520,10,17,1,1292,15,3
1697549580,10,17,1,1293,15,3
1697549640,10,17,1,1294,15,2
1697549700,10,17,1,1295,15,2
1697549760,10,17,1,1296,15,2
1697549820,10,17,1,1297,15,2
1697549880,10,17,1,1298,15,1
1697549940,10,17,1,1299,15,1
1697550000,10,17,1,1300,15,1
1697550060,10,17,1,1301,15,1
1697550120,10,17,1,1302,15,2
1697550180,10,17,1,1303,15,1
1697550240,10,17,1,1304,15,1
1697550300,10,17,1,1305,15,1
1697550360,10,17,1,1306,15,1
1697550420,10,17,1,1307,15,0
1697550480,10,17,1,1308,15,0
1697550540,10,17,1,1309,15,0
1697550600,10,17,1,1310,15,0
1697550660,10,17,1,1311,15,0
1697550720,10,17,1,1312,15,0
1697550780,10,17,1,1313,15,0
1697550840,10,17,1,1314,15,0
1697550900,10,17,1,1315,15,0
1697550960,10,17,1,1316,15,0
1697551020,10,17,1,1317,15,0
1697551080,10,17,1,1318,15,0
1697551140,10,17,1,1319,15,0
1697551260,10,17,1,1321,15,0
1697551320,10,17,1,1322,15,0
1697551380,10,17,1,1323,15,0
1697551440,10,17,1,1324,15,0
1697551500,10,17,1,1325,15,0
1697551560,10,17,1,1326,15,1
1697551620,10,17,1,1327,15,1
1697551680,10,17,1,1328,15,1
1697551740,10,17,1,1329,15,0
1697551800,10,17,1,1330,15,0
1697551860,10,17,1,1331,15,0
1697551920,10,17,1,1332,15,0
1697551980,10,17,1,1333,15,0
1697552040,10,17,1,1334,15,0
1697552100,10,17,1,1335,15,0
1697552160,10,17,1,1336,15,0
1697552220,10,17,1,1337,15,0
1697552280,10,17,1,1338,15,1
1697552340,10,17,1,1339,15,1
1697552460,10,17,1,1341,15,1
1697552520,10,17,1,1342,15,0
1697552580,10,17,1,1343,15,0
1697552640,10,17,1,1344,15,0
1697552700,10,17,1,1345,15,0
1697552760,10,17,1,1346,15,0
1697552820,10,17,1,1347,15,0
1697552880,10,17,1,1348,15,0
1697552940,10,17,1,1349,15,0
1697553000,10,17,1,1350,15,0
1697553060,10,17,1,1351,15,0
1697553120,10,17,1,1352,15,0
1697553180,10,17,1,1353,15,0
1697553240,10,17,1,1354,15,1
1697553300,10,17,1,1355,15,1
1697553360,10,17,1,1356,15,1
1697553420,10,17,1,1357,15,1
1697553480,10,17,1,1358,15,1
1697553540,10,17,1,1359,15,1
1697553600,10,17,1,1360,15,1
1697553660,10,17,1,1361,15,1
1697553720,10,17,1,1362,15,2
1697553780,10,17,1,1363,15,2
1697553840,10,17,1,1364,15,2
1697553900,10,17,1,1365,15,2
1697553960,10,17,1,1366,15,1
1697554020,10,17,1,1367,15,1
1697554080,10,17,1,1368,15,1
1697554140,10,17,1,1369,15,1
1697554200,10,17,1,1370,15,0
1697554260,10,17,1,1371,15,0
1697554320,10,17,1,1372,15,0
1697554380,10,17,1,1373,15,0
1697554440,10,17,1,1374,15,0
1697554500,10,17,1,1375,15,0
1697554560,10,17,1,1376,15,0
1697554620,10,17,1,1377,15,0
1697554680,10,17,1,1378,15,0
1697554740,10,17,1,1379,15,0
1697554860,10,17,1,1381,15,0
1697554920,10,17,1,1382,15,0
1697554980,10,17,1,1383,15,0
1697555040,10,17,1,1384,15,0
1697555100,10,17,1,1385,15,0
1697555160,10,17,1,1386,15,0
1697555220,10,17,1,1387,15,0
1697555280,10,17,1,1388,15,0
1697555340,10,17,1,1389,15,0
1697555400,10,17,1,1390,15,0
1697555460,10,17,1,1391,15,0
1697555520,10,17,1,1392,15,0
1697555580,10,17,1,1393,15,0
1697555640,10,17,1,1394,15,0
1697555700,10,17,1,1395,15,0
1697555760,10,17,1,1396,15,0
1697555820,10,17,1,1397,15,1
1697555880,10,17,1,1398,15,0
1697555940,10,17,1,1399,15,0
1697556060,10,17,1,1401,15,0
1697556120,10,17,1,1402,15,0
1697556180,10,17,1,1403,15,0
1697556240,10,17,1,1404,15,0
1697556300,10,17,1,1405,15,0
1697556360,10,17,1,1406,15,0
1697556420,10,17,1,1407,15,0
1697556480,10,17,1,1408,15,0
1697556540,10,17,1,1409,15,1
1697556600,10,17,1,1410,15,1
1697556660,10,17,1,1411,15,1
1697556720,10,17,1,1412,15,1
1697556780,10,17,1,1413,15,1
1697556840,10,17,1,1414,15,1
1697556900,10,17,1,1415,15,1
1697556960,10,17,1,1416,15,1
1697557020,10,17,1,1417,15,1
1697557080,10,17,1,1418,15,1
1697557140,10,17,1,1419,15,1
1697557200,10,17,1,1420,15,1
1697557260,10,17,1,1421,15,1
1697557320,10,17,1,1422,15,1
1697557380,10,17,1,1423,15,1
1697557440,10,17,1,1424,15,1
1697557500,10,17,1,1425,15,1
1697557560,10,17,1,1426,15,1
1697557620,10,17,1,1427,15,1
1697557680,10,17,1,1428,15,1
1697557740,10,17,1,1429,15,1
1697557800,10,17,1,1430,15,1
1697557860,10,17,1,1431,15,2
1697557920,10,17,1,1432,15,2
1697557980,10,17,1,1433,15,2
1697558040,10,17,1,1434,15,2
1697558100,10,17,1,1435,15,2
1697558160,10,17,1,1436,15,2
1697558220,10,17,1,1437,15,2
1697558280,10,17,1,1438,15,2
1697558340,10,17,1,1439,15,2
1697558460,10,18,2,1,15,2
1697558520,10,18,2,2,15,2
1697558580,10,18,2,3,15,2
1697558640,10,18,2,4,15,2
1697558700,10,18,2,5,15,3
1697558760,10,18,2,6,15,3
1697558820,10,18,2,7,15,3
1697558880,10,18,2,8,15,3
1697558940,10,18,2,9,15,3
1697559000,10,18,2,10,15,3
1697559060,10,18,2,11,15,3
1697559120,10,18,2,12,15,3
1697559180,10,18,2,13,15,3
1697559240,10,18,2,14,15,3
1697559300,10,18,2,15,15,3
1697559360,10,18,2,16,15,3
1697559420,10,18,2,17,15,3
1697559480,10,18,2,18,15,3
1697559540,10,18,2,19,15,3
1697559660,10,18,2,21,15,3
1697559720,10,18,2,22,15,3
1697559780,10,18,2,23,15,3
1697559840,10,18,2,24,15,3
1697559900,10,18,2,25,15,3
1697559960,10,18,2,26,15,3
1697560020,10,18,2,27,15,3
1697560080,10,18,2,28,15,3
1697560140,10,18,2,29,15,3
1697560200,10,18,2,30,15,3
1697560260,10,18,2,31,15,3
1697560320,10,18,2,32,15,3
1697560380,10,18,2,33,15,3
1697560440,10,18,2,34,15,3
1697560500,10,18,2,35,15,3
1697560560,10,18,2,36,15,3
1697560620,10,18,2,37,15,2
1697560680,10,18,2,38,15,2
1697560740,10,18,2,39,15,2
1697560800,10,18,2,40,15,2
1697560860,10,18,2,41,15,2
1697560920,10,18,2,42,15,2
1697560980,10,18,2,43,15,2
1697561040,10,18,2,44,15,2
1697561100,10,18,2,45,15,2
1697561160,10,18,2,46,15,1
1697561220,10,18,2,47,15,1
1697561280,10,18,2,48,15,1
1697561340,10,18,2,49,15,1
1697561400,10,18,2,50,15,1
1697561460,10,18,2,51,15,1
1697561520,10,18,2,52,15,1
1697561580,10,18,2,53,15,1
1697561640,10,18,2,54,15,1
1697561700,10,18,2,55,15,1
1697561760,10,18,2,56,15,1
1697561820,10,18,2,57,15,1
1697561880,10,18,2,58,15,1
1697561940,10,18,2,59,15,1
1697562060,10,18,2,61,15,1
1697562120,10,18,2,62,15,1
1697562180,10,18,2,63,15,1
1697562240,10,18,2,64,15,1
1697562300,10,18,2,65,15,1
1697562360,10,18,2,66,15,2
1697562420,10,18,2,67,15,2
1697562480,10,18,2,68,15,1
1697562540,10,18,2,69,15,1
1697562600,10,18,2,70,15,1
1697562660,10,18,2,71,15,1
1697562720,10,18,2,72,15,1
1697562780,10,18,2,73,15,1
1697562900,10,18,2,75,15,1
1697562960,10,18,2,76,15,1
1697563020,10,18,2,77,15,1
1697563080,10,18,2,78,15,1
1697563140,10,18,2,79,15,1
1697563260,10,18,2,81,15,1
1697563320,10,18,2,82,15,1
1697563380,10,18,2,83,15,1
1697563440,10,18,2,84,15,1
1697563500,10,18,2,85,15,1
1697563560,10,18,2,86,15,2
1697563620,10,18,2,87,15,2
1697563680,10,18,2,88,15,2
1697563740,10,18,2,89,15,2
1697563800,10,18,2,90,15,2
1697563860,10,18,2,91,15,2
1697563920,10,18,2,92,15,2
1697563980,10,18,2,93,15,2
1697564040,10,18,2,94,15,2
1697564100,10,18,2,95,15,2
1697564160,10,18,2,96,15,2
1697564220,10,18,2,97,15,2
1697564280,10,18,2,98,15,2
1697564340,10,18,2,99,15,2
1697564400,10,18,2,100,15,2
1697564460,10,18,2,101,15,2
1697564520,10,18,2,102,15,2
1697564580,10,18,2,103,15,2
1697564640,10,18,2,104,15,2
1697564700,10,18,2,105,15,2
1697564760,10,18,2,106,15,2
1697564820,10,18,2,107,15,2
1697564880,10,18,2,108,15,2
1697564940,10,18,2,109,15,2
1697565000,10,18,2,110,15,2
1697565060,10,18,2,111,15,2
1697565120,10,18,2,112,15,2
1697565180,10,18,2,113,15,0
1697565240,10,18,2,114,15,0
1697565300,10,18,2,115,15,0
1697565360,10,18,2,116,15,0
1697565420,10,18,2,117,15,0
1697565480,10,18,2,118,15,0
1697565540,10,18,2,119,15,0
1697565660,10,18,2,121,15,0
1697565720,10,18,2,122,15,0
1697565780,10,18,2,123,15,0
1697565840,10,18,2,124,15,0
1697565900,10,18,2,125,15,0
1697565960,10,18,2,126,15,0
1697566020,10,18,2,127,15,0
1697566080,10,18,2,128,15,0
1697566140,10,18,2,129,15,0
1697566200,10,18,2,130,15,0
1697566260,10,18,2,131,15,0
1697566320,10,18,2,132,15,0
1697566380,10,18,2,133,15,0
1697566440,10,18,2,134,15,0
1697566500,10,18,2,135,15,1
1697566560,10,18,2,136,15,1
1697566620,10,18,2,137,15,1
1697566680,10,18,2,138,15,1
1697566740,10,18,2,139,15,1
1697566860,10,18,2,141,15,1
1697566920,10,18,2,142,15,1
1697566980,10,18,2,143,15,1
1697567040,10,18,2,144,15,1
1697567100,10,18,2,145,15,1
1697567160,10,18,2,146,15,1
1697567220,10,18,2,147,15,1
1697567280,10,18,2,148,15,1
1697567340,10,18,2,149,15,1
1697567400,10,18,2,150,15,1
1697567460,10,18,2,151,15,1
1697567520,10,18,2,152,15,1
1697567580,10,18,2,153,15,1
1697567640,10,18,2,154,15,1
1697567700,10,18,2,155,15,1
1697567760,10,18,2,156,15,1
1697567820,10,18,2,157,15,1
1697567880,10,18,2,158,15,1
1697567940,10,18,2,159,15,1
1697568000,10,18,2,160,15,1
1697568060,10,18,2,161,15,1
1697568120,10,18,2,162,15,1
1697568180,10,18,2,163,15,1
1697568240,10,18,2,164,15,1
1697568300,10,18,2,165,15,1
1697568360,10,18,2,166,15,1
1697568420,10,18,2,167,15,1
1697568480,10,18,2,168,15,1
1697568540,10,18,2,169,15,1
1697568600,10,18,2,170,15,1
1697568660,10,18,2,171,15,0
1697568720,10,18,2,172,15,0
1697568780,10,18,2,173,15,0
1697568840,10,18,2,174,15,1
1697568900,10,18,2,175,15,1
1697568960,10,18,2,176,15,1
1697569020,10,18,2,177,15,1
1697569080,10,18,2,178,15,1
1697569140,10,18,2,179,15,1
1697569260,10,18,2,181,15,1
1697569320,10,18,2,182,15,1
1697569380,10,18,2,183,15,1
1697569440,10,18,2,184,15,1
1697569500,10,18,2,185,15,1
1697569560,10,18,2,186,15,1
1697569620,10,18,2,187,15,1
1697569680,10,18,2,188,15,1
1697569740,10,18,2,189,15,1
1697569800,10,18,2,190,15,1
1697569860,10,18,2,191,15,1
1697569920,10,18,2,192,15,1
1697569980,10,18,2,193,15,1
1697570040,10,18,2,194,15,1
1697570100,10,18,2,195,15,1
1697570160,10,18,2,196,15,1
1697570220,10,18,2,197,15,1
1697570280,10,18,2,198,15,1
1697570340,10,18,2,199,15,1
1697570460,10,18,2,201,15,1
1697570520,10,18,2,202,15,1
1697570580,10,18,2,203,15,1
1697570640,10,18,2,204,15,1
1697570700,10,18,2,205,15,1
1697570760,10,18,2,206,15,1
1697570820,10,18,2,207,15,1
1697570880,10,18,2,208,15,1
1697570940,10,18,2,209,15,1
1697571000,10,18,2,210,15,2
1697571060,10,18,2,211,15,2
1697571120,10,18,2,212,15,2
1697571180,10,18,2,213,15,2
1697571240,10,18,2,214,15,2
1697571300,10,18,2,215,15,2
1697571360,10,18,2,216,15,2
1697571420,10,18,2,217,15,2
1697571480,10,18,2,218,15,2
1697571540,10,18,2,219,15,2
1697571600,10,18,2,220,15,2
1697571660,10,18,2,221,15,2
1697571720,10,18,2,222,15,2
1697571780,10,18,2,223,15,2
1697571840,10,18,2,224,15,2
1697571900,10,18,2,225,15,2
1697571960,10,18,2,226,15,2
1697572020,10,18,2,227,15,2
1697572080,10,18,2,228,15,2
1697572140,10,18,2,229,15,2
1697572200,10,18,2,230,15,2
1697572260,10,18,2,231,15,2
1697572320,10,18,2,232,15,2
1697572380,10,18,2,233,15,2
1697572440,10,18,2,234,15,2
1697572500,10,18,2,235,15,2
1697572560,10,18,2,236,15,2
1697572620,10,18,2,237,15,2
1697572680,10,18,2,238,15,2
1697572740,10,18,2,239,15,2
1697572800,10,18,2,240,15,2
1697572860,10,18,2,241,15,2
1697572920,10,18,2,242,15,2
1697572980,10,18,2,243,15,2
1697573040,10,18,2,244,15,2
1697573100,10,18,2,245,15,2
1697573160,10,18,2,246,15,2
1697573220,10,18,2,247,15,2
1697573280,10,18,2,248,15,2
1697573340,10,18,2,249,15,2
1697573400,10,18,2,250,15,2
1697573460,10,18,2,251,15,2
1697573520,10,18,2,252,15,2
1697573580,10,18,2,253,15,2
1697573640,10,18,2,254,15,2
1697573700,10,18,2,255,15,2
1697573760,10,18,2,256,15,2
1697573820,10,18,2,257,15,2
1697573880,10,18,2,258,15,2
1697573940,10,18,2,259,15,2
1697574060,10,18,2,261,15,2
1697574120,10,18,2,262,15,2
1697574180,10,18,2,263,15,2
1697574240,10,18,2,264,15,2
1697574300,10,18,2,265,15,2
1697574360,10,18,2,266,15,2
1697574420,10,18,2,267,15,2
1697574480,10,18,2,268,15,2
1697574540,10,18,2,269,15,2
1697574600,10,18,2,270,15,2
1697574660,10,18,2,271,15,2
1697574720,10,18,2,272,15,2
1697574780,10,18,2,273,15,2
1697574840,10,18,2,274,15,2
1697574900,10,18,2,275,15,2
1697574960,10,18,2,276,15,2
1697575020,10,18,2,277,15,2
1697575080,10,18,2,278,15,2
1697575140,10,18,2,279,15,2
1697575200,10,18,2,280,15,2
1697575260,10,18,2,281,15,2
1697575320,10,18,2,282,15,2
1697575380,10,18,2,283,15,2
1697575440,10,18,2,284,15,2
1697575500,10,18,2,285,15,2
1697575560,10,18,2,286,15,2
1697575620,10,18,2,287,15,2
1697575680,10,18,2,288,15,2
1697575740,10,18,2,289,15,2
1697575800,10,18,2,290,15,2
1697575860,10,18,2,291,15,2
1697575920,10,18,2,292,15,2
1697575980,10,18,2,293,15,2
1697576040,10,18,2,294,15,2
1697576100,10,18,2,295,15,2
1697576160,10,18,2,296,15,2
1697576220,10,18,2,297,15,2
1697576280,10,18,2,298,15,2
1697576340,10,18,2,299,15,2
1697576400,10,18,2,300,15,2
1697576460,10,18,2,301,15,2
1697576520,10,18,2,302,15,2
1697576580,10,18,2,303,15,2
1697576640,10,18,2,304,15,2
1697576700,10,18,2,305,15,2
1697576760,10,18,2,306,15,2
1697576820,10,18,2,307,15,2
1697576880,10,18,2,308,15,2
1697576940,10,18,2,309,15,2
1697577000,10,18,2,310,15,2
1697577060,10,18,2,311,15,2
1697577120,10,18,2,312,15,2
1697577180,10,18,2,313,15,2
1697577240,10,18,2,314,15,2
1697577300,10,18,2,315,15,2
1697577360,10,18,2,316,15,2
1697577420,10,18,2,317,15,2
1697577480,10,18,2,318,15,2
1697577540,10,18,2,319,15,2
1697577660,10,18,2,321,15,2
1697577720,10,18,2,322,15,2
1697577780,10,18,2,323,15,3
1697577840,10,18,2,324,15,3
1697577900,10,18,2,325,15,4
1697577960,10,18,2,326,15,4
1697578020,10,18,2,327,15,4
1697578080,10,18,2,328,15,4
1697578140,10,18,2,329,15,4
1697578200,10,18,2,330,15,4
1697578260,10,18,2,331,15,4
1697578320,10,18,2,332,15,4
1697578380,10,18,2,333,15,4
1697578440,10,18,2,334,15,4
1697578500,10,18,2,335,15,4
1697578560,10,18,2,336,15,4
1697578620,10,18,2,337,15,4
1697578680,10,18,2,338,15,4
1697578740,10,18,2,339,15,4
1697578800,10,18,2,340,15,4
1697578860,10,18,2,341,15,4
1697578920,10,18,2,342,15,4
1697578980,10,18,2,343,15,4
1697579040,10,18,2,344,15,4
1697579100,10,18,2,345,15,4
1697579160,10,18,2,346,15,4
1697579220,10,18,2,347,15,4
1697579280,10,18,2,348,15,4
1697579340,10,18,2,349,15,4
1697579400,10,18,2,350,15,4
1697579460,10,18,2,351,15,4
1697579580,10,18,2,353,15,4
1697579640,10,18,2,354,15,4
1697579700,10,18,2,355,15,4
1697579760,10,18,2,356,15,4
1697579820,10,18,2,357,15,4
1697579880,10,18,2,358,15,4
1697579940,10,18,2,359,15,4
1697580000,10,18,2,360,15,4
1697580060,10,18,2,361,15,4
1697580120,10,18,2,362,15,4
1697580180,10,18,2,363,15,4
1697580240,10,18,2,364,15,4
1697580300,10,18,2,365,15,4
1697580360,10,18,2,366,15,4
1697580420,10,18,2,367,15,4
1697580480,10,18,2,368,15,4
1697580540,10,18,2,369,15,4
1697580600,10,18,2,370,15,5
1697580660,10,18,2,371,15,5
1697580720,10,18,2,372,15,6
1697580780,10,18,2,373,15,6
1697580840,10,18,2,374,15,6
1697580900,10,18,2,375,15,6
1697580960,10,18,2,376,15,6
1697581020,10,18,2,377,15,6
1697581080,10,18,2,378,15,6
1697581140,10,18,2,379,15,6
1697581260,10,18,2,381,15,6
1697581320,10,18,2,382,15,6
1697581380,10,18,2,383,15,6
1697581440,10,18,2,384,15,6
1697581500,10,18,2,385,15,6
1697581560,10,18,2,386,15,6
1697581620,10,18,2,387,15,6
1697581680,10,18,2,388,15,6
1697581740,10,18,2,389,15,6
1697581800,10,18,2,390,15,6
1697581860,10,18,2,391,15,6
1697581920,10,18,2,392,15,6
1697581980,10,18,2,393,15,6
1697582040,10,18,2,394,15,5
1697582100,10,18,2,395,15,5
1697582160,10,18,2,396,15,5
1697582220,10,18,2,397,15,5
1697582280,10,18,2,398,15,5
1697582340,10,18,2,399,15,5
1697582400,10,18,2,400,15,5
1697582460,10,18,2,401,15,5
1697582520,10,18,2,402,15,5
1697582580,10,18,2,403,15,5
1697582640,10,18,2,404,15,5
1697582700,10,18,2,405,15,5
1697582760,10,18,2,406,15,5
1697582820,10,18,2,407,15,5
1697582880,10,18,2,408,15,5
1697582940,10,18,2,409,15,5
1697583000,10,18,2,410,15,5
1697583060,10,18,2,411,15,5
1697583120,10,18,2,412,15,6
1697583180,10,18,2,413,15,6
1697583240,10,18,2,414,15,6
1697583300,10,18,2,415,15,6
1697583360,10,18,2,416,15,5
1697583420,10,18,2,417,15,5
1697583480,10,18,2,418,15,5
1697583540,10,18,2,419,15,4
1697583660,10,18,2,421,15,3
1697583720,10,18,2,422,15,3
1697583780,10,18,2,423,15,2
1697583840,10,18,2,424,15,2
1697583900,10,18,2,425,15,2
1697583960,10,18,2,426,15,2
1697584020,10,18,2,427,15,2
1697584080,10,18,2,428,15,2
1697584140,10,18,2,429,15,1
1697584200,10,18,2,430,15,1
1697584260,10,18,2,431,15,1
1697584320,10,18,2,432,15,1
1697584380,10,18,2,433,15,1
1697584440,10,18,2,434,15,1
1697584500,10,18,2,435,15,1
1697584560,10,18,2,436,15,0
1697584620,10,18,2,437,15,0
1697584680,10,18,2,438,15,0
1697584740,10,18,2,439,15,0
1697584800,10,18,2,440,15,1
1697584920,10,18,2,442,15,1
1697584980,10,18,2,443,15,1
1697585040,10,18,2,444,15,1
1697585100,10,18,2,445,15,1
1697585160,10,18,2,446,15,1
1697585220,10,18,2,447,15,1
1697585280,10,18,2,448,15,1
1697585340,10,18,2,449,15,1
1697585460,10,18,2,451,15,1
1697585520,10,18,2,452,15,1
1697585580,10,18,2,453,15,1
1697585640,10,18,2,454,15,1
1697585700,10,18,2,455,15,1
1697585760,10,18,2,456,15,1
1697585820,10,18,2,457,15,1
1697585880,10,18,2,458,15,2
1697585940,10,18,2,459,15,2
1697586000,10,18,2,460,15,2
1697586060,10,18,2,461,15,2
1697586120,10,18,2,462,15,3
1697586180,10,18,2,463,15,3
1697586240,10,18,2,464,15,3
1697586300,10,18,2,465,15,5
1697586360,10,18,2,466,15,5
1697586420,10,18,2,467,15,5
1697586480,10,18,2,468,15,4
1697586540,10,18,2,469,15,3
1697586600,10,18,2,470,15,3
1697586660,10,18,2,471,15,3
1697586720,10,18,2,472,15,4
1697586780,10,18,2,473,15,4
1697586840,10,18,2,474,15,4
1697586900,10,18,2,475,15,4
1697586960,10,18,2,476,15,5
1697587020,10,18,2,477,15,5
1697587080,10,18,2,478,15,5
1697587140,10,18,2,479,15,6
1697587260,10,18,2,481,15,6
1697587320,10,18,2,482,15,5
1697587380,10,18,2,483,15,5
1697587440,10,18,2,484,15,4
1697587560,10,18,2,486,15,5
1697587620,10,18,2,487,15,4
1697587680,10,18,2,488,15,5
1697587740,10,18,2,489,15,4
1697587800,10,18,2,490,15,3
1697587860,10,18,2,491,15,4
1697587920,10,18,2,492,15,5
1697587980,10,18,2,493,15,6
1697588040,10,18,2,494,15,5
1697588100,10,18,2,495,15,5
1697588160,10,18,2,496,15,5
1697588220,10,18,2,497,15,5
1697588280,10,18,2,498,15,5
1697588340,10,18,2,499,15,5
1697588400,10,18,2,500,15,4
1697588520,10,18,2,502,15,5
1697588580,10,18,2,503,15,5
1697588640,10,18,2,504,15,1
1697588700,10,18,2,505,15,1
1697588760,10,18,2,506,15,1
1697588820,10,18,2,507,15,1
1697588880,10,18,2,508,15,1
1697588940,10,18,2,509,15,2
1697589060,10,18,2,511,15,2
1697589120,10,18,2,512,15,1
1697589180,10,18,2,513,15,1
1697589240,10,18,2,514,15,0
1697589300,10,18,2,515,15,0
1697589360,10,18,2,516,15,0
1697589420,10,18,2,517,15,0
1697589480,10,18,2,518,15,0
1697589540,10,18,2,519,15,0
1697589600,10,18,2,520,15,0
1697589660,10,18,2,521,15,0
1697589720,10,18,2,522,15,1
1697589780,10,18,2,523,15,0
1697589840,10,18,2,524,15,0
1697589900,10,18,2,525,15,0
1697589960,10,18,2,526,15,0
1697590020,10,18,2,527,15,0
1697590080,10,18,2,528,15,1
1697590140,10,18,2,529,15,0
1697590200,10,18,2,530,15,0
1697590260,10,18,2,531,15,0
1697590320,10,18,2,532,15,0
1697590380,10,18,2,533,15,0
1697590440,10,18,2,534,15,0
1697590500,10,18,2,535,15,0
1697590560,10,18,2,536,15,0
1697590620,10,18,2,537,15,0
1697590680,10,18,2,538,15,0
1697590740,10,18,2,539,15,1
1697590860,10,18,2,541,15,0
1697590920,10,18,2,542,15,0
1697590980,10,18,2,543,15,0
1697591040,10,18,2,544,15,0
1697591100,10,18,2,545,15,0
1697591160,10,18,2,546,15,0
1697591220,10,18,2,547,15,0
1697591280,10,18,2,548,15,0
1697591340,10,18,2,549,15,0
1697591400,10,18,2,550,15,0
1697591460,10,18,2,551,15,0
1697591520,10,18,2,552,15,3
1697591580,10,18,2,553,15,3
1697591640,10,18,2,554,15,3
1697591700,10,18,2,555,15,3
1697591760,10,18,2,556,15,4
1697591820,10,18,2,557,15,4
1697591880,10,18,2,558,15,2
1697591940,10,18,2,559,15,1
1697592000,10,18,2,560,15,0
1697592120,10,18,2,562,15,0
1697592180,10,18,2,563,15,0
1697592240,10,18,2,564,15,0
1697592300,10,18,2,565,15,0
1697592360,10,18,2,566,15,0
1697592420,10,18,2,567,15,0
1697592480,10,18,2,568,15,0
1697592540,10,18,2,569,15,0
1697592600,10,18,2,570,15,0
1697592720,10,18,2,572,15,0
1697592780,10,18,2,573,15,0
1697592840,10,18,2,574,15,1
1697592900,10,18,2,575,15,1
1697592960,10,18,2,576,15,1
1697593020,10,18,2,577,15,0
1697593080,10,18,2,578,15,0
1697593140,10,18,2,579,15,1
1697593200,10,18,2,580,15,0
1697593260,10,18,2,581,15,0
1697593320,10,18,2,582,15,0
1697593380,10,18,2,583,15,0
1697593440,10,18,2,584,15,0
1697593500,10,18,2,585,15,1
1697593560,10,18,2,586,15,0
1697593620,10,18,2,587,15,0
1697593680,10,18,2,588,15,0
1697593740,10,18,2,589,15,0
1697593800,10,18,2,590,15,0
1697593860,10,18,2,591,15,0
1697593920,10,18,2,592,15,1
1697593980,10,18,2,593,15,0
1697594040,10,18,2,594,15,0
1697594100,10,18,2,595,15,0
1697594160,10,18,2,596,15,0
1697594220,10,18,2,597,15,0
1697594280,10,18,2,598,15,0
1697594340,10,18,2,599,15,2
1697594460,10,18,2,601,15,1
1697594520,10,18,2,602,15,2
1697594580,10,18,2,603,15,0
1697594640,10,18,2,604,15,0
1697594700,10,18,2,605,15,0
1697594760,10,18,2,606,15,0
1697594820,10,18,2,607,15,0
1697594880,10,18,2,608,15,0
1697594940,10,18,2,609,15,0
1697595000,10,18,2,610,15,0
1697595060,10,18,2,611,15,0
1697595120,10,18,2,612,15,1
1697595180,10,18,2,613,15,0
1697595240,10,18,2,614,15,0
1697595300,10,18,2,615,15,0
1697595360,10,18,2,616,15,0
1697595420,10,18,2,617,15,0
1697595480,10,18,2,618,15,0
1697595540,10,18,2,619,15,0
1697595660,10,18,2,621,15,0
1697595720,10,18,2,622,15,0
1697595780,10,18,2,623,15,0
1697595840,10,18,2,624,15,0
1697595900,10,18,2,625,15,0
1697595960,10,18,2,626,15,0
1697596020,10,18,2,627,15,0
1697596080,10,18,2,628,15,0
1697596140,10,18,2,629,15,0
1697596260,10,18,2,631,15,0
1697596320,10,18,2,632,15,0
1697596380,10,18,2,633,15,0
1697596440,10,18,2,634,15,0
1697596500,10,18,2,635,15,0
1697596560,10,18,2,636,15,0
1697596620,10,18,2,637,15,0
1697596680,10,18,2,638,15,0
1697596740,10,18,2,639,15,0
1697596800,10,18,2,640,15,0
1697596860,10,18,2,641,15,0
1697596920,10,18,2,642,15,0
1697596980,10,18,2,643,15,0
1697597040,10,18,2,644,15,0
1697597160,10,18,2,646,15,0
1697597220,10,18,2,647,15,0
1697597340,10,18,2,649,15,0
1697597400,10,18,2,650,15,0
1697597460,10,18,2,651,15,0
1697597520,10,18,2,652,15,0
1697597580,10,18,2,653,15,0
1697597640,10,18,2,654,15,0
1697597700,10,18,2,655,15,0
1697597760,10,18,2,656,15,1
1697597820,10,18,2,657,15,0
1697597880,10,18,2,658,15,0
1697597940,10,18,2,659,15,0
1697598000,10,18,2,660,15,0
1697598120,10,18,2,662,15,0
1697598180,10,18,2,663,15,0
1697598240,10,18,2,664,15,0
1697598300,10,18,2,665,15,0
1697598360,10,18,2,666,15,0
1697598420,10,18,2,667,15,0
1697598480,10,18,2,668,15,0
1697598540,10,18,2,669,15,0
1697598600,10,18,2,670,15,0
1697598660,10,18,2,671,15,0
1697598720,10,18,2,672,15,0
1697598780,10,18,2,673,15,0
1697598840,10,18,2,674,15,0
1697598900,10,18,2,675,15,0
1697598960,10,18,2,676,15,0
1697599020,10,18,2,677,15,0
1697599080,10,18,2,678,15,0
1697599140,10,18,2,679,15,1
1697599260,10,18,2,681,15,1
1697599320,10,18,2,682,15,1
1697599380,10,18,2,683,15,0
1697599440,10,18,2,684,15,0
1697599500,10,18,2,685,15,1
1697599560,10,18,2,686,15,2
1697599620,10,18,2,687,15,2
1697599680,10,18,2,688,15,2
1697599740,10,18,2,689,15,2
1697599860,10,18,2,691,15,2
1697599920,10,18,2,692,15,2
1697599980,10,18,2,693,15,2
1697600040,10,18,2,694,15,1
1697600100,10,18,2,695,15,1
1697600160,10,18,2,696,15,1
1697600220,10,18,2,697,15,1
1697600280,10,18,2,698,15,1
1697600340,10,18,2,699,15,2
1697600400,10,18,2,700,15,2
1697600460,10,18,2,701,15,2
1697600520,10,18,2,702,15,2
1697600580,10,18,2,703,15,2
1697600640,10,18,2,704,15,2
1697600700,10,18,2,705,15,1
1697600760,10,18,2,706,15,1
1697600820,10,18,2,707,15,1
1697600880,10,18,2,708,15,1
1697600940,10,18,2,709,15,2
1697601000,10,18,2,710,15,2
1697601060,10,18,2,711,15,2
1697601120,10,18,2,712,15,2
1697601180,10,18,2,713,15,1
1697601240,10,18,2,714,15,1
1697601300,10,18,2,715,15,1
1697601360,10,18,2,716,15,2
1697601420,10,18,2,717,15,2
1697601480,10,18,2,718,15,1
1697601540,10,18,2,719,15,1
1697601600,10,18,2,720,15,0
1697601720,10,18,2,722,15,1
1697601780,10,18,2,723,15,1
1697601840,10,18,2,724,15,1
1697601900,10,18,2,725,15,0
1697601960,10,18,2,726,15,1
1697602080,10,18,2,728,15,0
1697602140,10,18,2,729,15,0
1697602200,10,18,2,730,15,0
1697602260,10,18,2,731,15,0
1697602320,10,18,2,732,15,0
1697602380,10,18,2,733,15,0
1697602440,10,18,2,734,15,1
1697602500,10,18,2,735,15,2
1697602560,10,18,2,736,15,2
1697602620,10,18,2,737,15,3
1697602680,10,18,2,738,15,0
1697602740,10,18,2,739,15,0
1697602860,10,18,2,741,15,0
1697602920,10,18,2,742,15,1
1697602980,10,18,2,743,15,1
1697603040,10,18,2,744,15,1
1697603100,10,18,2,745,15,2
1697603160,10,18,2,746,15,2
1697603220,10,18,2,747,15,2
1697603280,10,18,2,748,15,2
1697603340,10,18,2,749,15,4
1697603460,10,18,2,751,15,3
1697603520,10,18,2,752,15,4
1697603580,10,18,2,753,15,3
1697603640,10,18,2,754,15,2
1697603700,10,18,2,755,15,4
1697603760,10,18,2,756,15,4
1697603820,10,18,2,757,15,3
1697603880,10,18,2,758,15,3
1697603940,10,18,2,759,15,3
1697604000,10,18,2,760,15,3
1697604060,10,18,2,761,15,3
1697604120,10,18,2,762,15,3
1697604180,10,18,2,763,15,3
1697604240,10,18,2,764,15,2
1697604300,10,18,2,765,15,2
1697604360,10,18,2,766,15,1
1697604420,10,18,2,767,15,1
1697604480,10,18,2,768,15,1
1697604540,10,18,2,769,15,0
1697604600,10,18,2,770,15,0
1697604660,10,18,2,771,15,0
1697604720,10,18,2,772,15,0
1697604780,10,18,2,773,15,0
1697604840,10,18,2,774,15,0
1697604900,10,18,2,775,15,0
1697604960,10,18,2,776,15,0
1697605020,10,18,2,777,15,0
1697605080,10,18,2,778,15,0
1697605140,10,18,2,779,15,0
1697605260,10,18,2,781,15,0
1697605320,10,18,2,782,15,0
1697605380,10,18,2,783,15,0
1697605440,10,18,2,784,15,0
1697605500,10,18,2,785,15,0
1697605560,10,18,2,786,15,0
1697605620,10,18,2,787,15,0
1697605680,10,18,2,788,15,0
1697605740,10,18,2,789,15,0
1697605800,10,18,2,790,15,0
1697605860,10,18,2,791,15,0
1697605920,10,18,2,792,15,0
1697605980,10,18,2,793,15,0
1697606040,10,18,2,794,15,0
1697606100,10,18,2,795,15,0
1697606160,10,18,2,796,15,0
1697606220,10,18,2,797,15,0
1697606280,10,18,2,798,15,0
1697606340,10,18,2,799,15,1
1697606460,10,18,2,801,15,1
1697606520,10,18,2,802,15,1
1697606580,10,18,2,803,15,0
1697606640,10,18,2,804,15,0
1697606700,10,18,2,805,15,0
1697606760,10,18,2,806,15,1
1697606820,10,18,2,807,15,0
1697606880,10,18,2,808,15,0
1697606940,10,18,2,809,15,0
1697607060,10,18,2,811,15,0
1697607120,10,18,2,812,15,0
1697607180,10,18,2,813,15,0
1697607240,10,18,2,814,15,0
1697607300,10,18,2,815,15,0
1697607360,10,18,2,816,15,1
1697607420,10,18,2,817,15,1
1697607480,10,18,2,818,15,1
1697607540,10,18,2,819,15,1
1697607600,10,18,2,820,15,1
1697607660,10,18,2,821,15,0
1697607720,10,18,2,822,15,0
1697607780,10,18,2,823,15,0
1697607840,10,18,2,824,15,0
1697607900,10,18,2,825,15,0
1697607960,10,18,2,826,15,0
1697608020,10,18,2,827,15,0
1697608080,10,18,2,828,15,0
1697608140,10,18,2,829,15,0
1697608200,10,18,2,830,15,1
1697608260,10,18,2,831,15,1
1697608320,10,18,2,832,15,1
1697608380,10,18,2,833,15,1
1697608440,10,18,2,834,15,2
1697608500,10,18,2,835,15,1
1697608560,10,18,2,836,15,0
1697608620,10,18,2,837,15,0
1697608680,10,18,2,838,15,0
1697608740,10,18,2,839,15,2
1697608800,10,18,2,840,15,0
1697608920,10,18,2,842,15,0
1697608980,10,18,2,843,15,0
1697609040,10,18,2,844,15,0
1697609100,10,18,2,845,15,0
1697609160,10,18,2,846,15,1
1697609220,10,18,2,847,15,1
1697609280,10,18,2,848,15,1
1697609340,10,18,2,849,15,1
1697609400,10,18,2,850,15,3
1697609460,10,18,2,851,15,2
1697609520,10,18,2,852,15,1
1697609580,10,18,2,853,15,1
1697609640,10,18,2,854,15,1
1697609700,10,18,2,855,15,1
1697609760,10,18,2,856,15,1
1697609820,10,18,2,857,15,1
1697609880,10,18,2,858,15,2
1697609940,10,18,2,859,15,2
1697610000,10,18,2,860,15,2
1697610120,10,18,2,862,15,2
1697610180,10,18,2,863,15,2
1697610240,10,18,2,864,15,0
1697610300,10,18,2,865,15,0
1697610360,10,18,2,866,15,0
1697610420,10,18,2,867,15,0
1697610480,10,18,2,868,15,0
1697610540,10,18,2,869,15,0
1697610600,10,18,2,870,15,0
1697610660,10,18,2,871,15,1
1697610720,10,18,2,872,15,0
1697610780,10,18,2,873,15,0
1697610840,10,18,2,874,15,1
1697610900,10,18,2,875,15,1
1697610960,10,18,2,876,15,0
1697611020,10,18,2,877,15,0
1697611080,10,18,2,878,15,0
1697611140,10,18,2,879,15,1
1697611200,10,18,2,880,15,1
1697611260,10,18,2,881,15,1
1697611320,10,18,2,882,15,2
1697611380,10,18,2,883,15,1
1697611440,10,18,2,884,15,1
1697611500,10,18,2,885,15,1
1697611560,10,18,2,886,15,1
1697611620,10,18,2,887,15,1
1697611680,10,18,2,888,15,1
1697611740,10,18,2,889,15,1
1697611800,10,18,2,890,15,0
1697611860,10,18,2,891,15,0
1697611920,10,18,2,892,15,0
1697611980,10,18,2,893,15,0
1697612040,10,18,2,894,15,0
1697612100,10,18,2,895,15,0
1697612160,10,18,2,896,15,0
1697612220,10,18,2,897,15,0
1697612280,10,18,2,898,15,2
1697612340,10,18,2,899,15,2
1697612400,10,18,2,900,15,1
1697612520,10,18,2,902,15,1
1697612580,10,18,2,903,15,1
1697612640,10,18,2,904,15,1
1697612700,10,18,2,905,15,1
1697612760,10,18,2,906,15,1
1697612820,10,18,2,907,15,0
1697612880,10,18,2,908,15,0
1697612940,10,18,2,909,15,0
1697613000,10,18,2,910,15,0
1697613060,10,18,2,911,15,0
1697613120,10,18,2,912,15,0
1697613180,10,18,2,913,15,0
1697613240,10,18,2,914,15,0
1697613300,10,18,2,915,15,0
1697613360,10,18,2,916,15,0
1697613420,10,18,2,917,15,0
1697613480,10,18,2,918,15,0
1697613540,10,18,2,919,15,1
1697613660,10,18,2,921,15,0
1697613720,10,18,2,922,15,2
1697613780,10,18,2,923,15,1
1697613840,10,18,2,924,15,1
1697613900,10,18,2,925,15,1
1697613960,10,18,2,926,15,0
1697614020,10,18,2,927,15,0
1697614080,10,18,2,928,15,0
1697614140,10,18,2,929,15,0
1697614260,10,18,2,931,15,0
1697614320,10,18,2,932,15,0
1697614380,10,18,2,933,15,0
1697614440,10,18,2,934,15,0
1697614500,10,18,2,935,15,0
1697614560,10,18,2,936,15,0
1697614620,10,18,2,937,15,0
1697614680,10,18,2,938,15,1
1697614740,10,18,2,939,15,2
1697614800,10,18,2,940,15,2
1697614860,10,18,2,941,15,2
1697614920,10,18,2,942,15,2
1697614980,10,18,2,943,15,1
1697615040,10,18,2,944,15,1
1697615160,10,18,2,946,15,1
1697615280,10,18,2,948,15,0
1697615340,10,18,2,949,15,0
1697615400,10,18,2,950,15,0
1697615520,10,18,2,952,15,0
1697615580,10,18,2,953,15,0
1697615640,10,18,2,954,15,0
1697615700,10,18,2,955,15,0
1697615760,10,18,2,956,15,0
1697615820,10,18,2,957,15,0
1697615880,10,18,2,958,15,1
1697615940,10,18,2,959,15,1
1697616060,10,18,2,961,15,1
1697616120,10,18,2,962,15,2
1697616180,10,18,2,963,15,2
1697616240,10,18,2,964,15,2
1697616300,10,18,2,965,15,2
1697616360,10,18,2,966,15,1
1697616420,10,18,2,967,15,1
1697616480,10,18,2,968,15,0
1697616540,10,18,2,969,15,0
1697616660,10,18,2,971,15,1
1697616720,10,18,2,972,15,3
1697616780,10,18,2,973,15,2
1697616840,10,18,2,974,15,2
1697616900,10,18,2,975,15,2
1697616960,10,18,2,976,15,1
1697617020,10,18,2,977,15,2
1697617080,10,18,2,978,15,2
1697617140,10,18,2,979,15,2
1697617260,10,18,2,981,15,1
1697617320,10,18,2,982,15,2
1697617380,10,18,2,983,15,2
1697617440,10,18,2,984,15,2
1697617500,10,18,2,985,15,2
1697617560,10,18,2,986,15,2
1697617620,10,18,2,987,15,2
1697617680,10,18,2,988,15,2
1697617740,10,18,2,989,15,2
1697617860,10,18,2,991,15,2
1697617920,10,18,2,992,15,2
1697617980,10,18,2,993,15,1
1697618040,10,18,2,994,15,2
1697618100,10,18,2,995,15,2
1697618160,10,18,2,996,15,2
1697618220,10,18,2,997,15,2
1697618280,10,18,2,998,15,2
1697618340,10,18,2,999,15,2
1697618460,10,18,2,1001,15,2
1697618520,10,18,2,1002,15,2
1697618580,10,18,2,1003,15,2
1697618640,10,18,2,1004,15,2
1697618700,10,18,2,1005,15,4
1697618760,10,18,2,1006,15,4
1697618820,10,18,2,1007,15,4
1697618880,10,18,2,1008,15,3
1697618940,10,18,2,1009,15,3
1697619060,10,18,2,1011,15,3
1697619120,10,18,2,1012,15,3
1697619180,10,18,2,1013,15,4
1697619240,10,18,2,1014,15,4
1697619300,10,18,2,1015,15,4
1697619360,10,18,2,1016,15,4
1697619420,10,18,2,1017,15,4
1697619480,10,18,2,1018,15,5
1697619540,10,18,2,1019,15,5
1697619660,10,18,2,1021,15,6
1697619720,10,18,2,1022,15,6
1697619780,10,18,2,1023,15,6
1697619840,10,18,2,1024,15,5
1697619900,10,18,2,1025,15,3
1697619960,10,18,2,1026,15,1
1697620020,10,18,2,1027,15,1
1697620080,10,18,2,1028,15,1
1697620140,10,18,2,1029,15,1
1697620260,10,18,2,1031,15,1
1697620320,10,18,2,1032,15,1
1697620380,10,18,2,1033,15,1
1697620440,10,18,2,1034,15,1
1697620500,10,18,2,1035,15,1
1697620560,10,18,2,1036,15,1
1697620620,10,18,2,1037,15,2
1697620680,10,18,2,1038,15,3
1697620740,10,18,2,1039,15,3
1697620860,10,18,2,1041,15,3
1697620920,10,18,2,1042,15,3
1697620980,10,18,2,1043,15,3
1697621040,10,18,2,1044,15,3
1697621100,10,18,2,1045,15,3
1697621160,10,18,2,1046,15,3
1697621220,10,18,2,1047,15,3
1697621280,10,18,2,1048,15,3
1697621340,10,18,2,1049,15,2
1697621460,10,18,2,1051,15,1
1697621520,10,18,2,1052,15,1
1697621580,10,18,2,1053,15,1
1697621640,10,18,2,1054,15,1
1697621700,10,18,2,1055,15,1
1697621760,10,18,2,1056,15,1
1697621820,10,18,2,1057,15,2
1697621880,10,18,2,1058,15,1
1697621940,10,18,2,1059,15,1
1697622060,10,18,2,1061,15,2
1697622120,10,18,2,1062,15,2
1697622180,10,18,2,1063,15,1
1697622240,10,18,2,1064,15,1
1697622300,10,18,2,1065,15,1
1697622360,10,18,2,1066,15,2
1697622420,10,18,2,1067,15,1
1697622480,10,18,2,1068,15,1
1697622540,10,18,2,1069,15,2
1697622600,10,18,2,1070,15,2
1697622660,10,18,2,1071,15,2
1697622720,10,18,2,1072,15,1
1697622780,10,18,2,1073,15,1
1697622840,10,18,2,1074,15,1
1697622900,10,18,2,1075,15,1
1697622960,10,18,2,1076,15,1
1697623020,10,18,2,1077,15,1
1697623080,10,18,2,1078,15,2
1697623140,10,18,2,1079,15,1
1697623260,10,18,2,1081,15,1
1697623320,10,18,2,1082,15,1
1697623380,10,18,2,1083,15,1
1697623440,10,18,2,1084,15,1
1697623500,10,18,2,1085,15,2
1697623560,10,18,2,1086,15,1
1697623620,10,18,2,1087,15,1
1697623680,10,18,2,1088,15,1
1697623740,10,18,2,1089,15,1
1697623800,10,18,2,1090,15,1
1697623860,10,18,2,1091,15,0
1697623920,10,18,2,1092,15,0
1697623980,10,18,2,1093,15,0
1697624040,10,18,2,1094,15,0
1697624100,10,18,2,1095,15,0
1697624160,10,18,2,1096,15,0
1697624220,10,18,2,1097,15,0
1697624280,10,18,2,1098,15,0
1697624340,10,18,2,1099,15,1
1697624460,10,18,2,1101,15,0
1697624520,10,18,2,1102,15,0
1697624580,10,18,2,1103,15,1
1697624640,10,18,2,1104,15,1
1697624700,10,18,2,1105,15,2
1697624760,10,18,2,1106,15,3
1697624820,10,18,2,1107,15,2
1697624880,10,18,2,1108,15,2
1697624940,10,18,2,1109,15,2
1697625060,10,18,2,1111,15,0
1697625120,10,18,2,1112,15,0
1697625180,10,18,2,1113,15,2
1697625240,10,18,2,1114,15,1
1697625300,10,18,2,1115,15,0
1697625360,10,18,2,1116,15,0
1697625420,10,18,2,1117,15,0
1697625480,10,18,2,1118,15,1
1697625540,10,18,2,1119,15,0
1697625600,10,18,2,1120,15,0
1697625660,10,18,2,1121,15,0
1697625720,10,18,2,1122,15,0
1697625780,10,18,2,1123,15,0
1697625840,10,18,2,1124,15,0
1697625900,10,18,2,1125,15,1
1697625960,10,18,2,1126,15,0
1697626020,10,18,2,1127,15,0
1697626080,10,18,2,1128,15,0
1697626140,10,18,2,1129,15,1
1697626200,10,18,2,1130,15,0
1697626260,10,18,2,1131,15,0
1697626320,10,18,2,1132,15,1
1697626380,10,18,2,1133,15,2
1697626440,10,18,2,1134,15,2
1697626500,10,18,2,1135,15,2
1697626560,10,18,2,1136,15,2
1697626620,10,18,2,1137,15,2
1697626680,10,18,2,1138,15,2
1697626740,10,18,2,1139,15,3
1697626860,10,18,2,1141,15,2
1697626920,10,18,2,1142,15,1
1697626980,10,18,2,1143,15,1
1697627040,10,18,2,1144,15,1
1697627100,10,18,2,1145,15,0
1697627160,10,18,2,1146,15,0
1697627220,10,18,2,1147,15,0
1697627280,10,18,2,1148,15,0
1697627340,10,18,2,1149,15,1
1697627400,10,18,2,1150,15,0
1697627460,10,18,2,1151,15,0
1697627520,10,18,2,1152,15,0
1697627580,10,18,2,1153,15,1
1697627640,10,18,2,1154,15,1
1697627700,10,18,2,1155,15,0
1697627760,10,18,2,1156,15,0
1697627820,10,18,2,1157,15,1
1697627880,10,18,2,1158,15,0
1697627940,10,18,2,1159,15,0
1697628060,10,18,2,1161,15,1
1697628120,10,18,2,1162,15,1
1697628180,10,18,2,1163,15,0
1697628240,10,18,2,1164,15,0
1697628300,10,18,2,1165,15,0
1697628360,10,18,2,1166,15,0
1697628420,10,18,2,1167,15,0
1697628480,10,18,2,1168,15,0
1697628540,10,18,2,1169,15,1
1697628660,10,18,2,1171,15,1
1697628720,10,18,2,1172,15,1
1697628780,10,18,2,1173,15,1
1697628840,10,18,2,1174,15,1
1697628900,10,18,2,1175,15,1
1697628960,10,18,2,1176,15,1
1697629020,10,18,2,1177,15,1
1697629080,10,18,2,1178,15,1
1697629140,10,18,2,1179,15,1
1697629200,10,18,2,1180,15,1
1697629260,10,18,2,1181,15,1
1697629320,10,18,2,1182,15,2
1697629380,10,18,2,1183,15,1
1697629440,10,18,2,1184,15,1
1697629500,10,18,2,1185,15,1
1697629560,10,18,2,1186,15,2
1697629620,10,18,2,1187,15,2
1697629680,10,18,2,1188,15,2
1697629740,10,18,2,1189,15,2
1697629800,10,18,2,1190,15,3
1697629860,10,18,2,1191,15,3
1697629920,10,18,2,1192,15,3
1697629980,10,18,2,1193,15,3
1697630040,10,18,2,1194,15,4
1697630100,10,18,2,1195,15,4
1697630160,10,18,2,1196,15,4
1697630220,10,18,2,1197,15,3
1697630280,10,18,2,1198,15,5
1697630340,10,18,2,1199,15,4
1697630460,10,18,2,1201,15,4
1697630520,10,18,2,1202,15,5
1697630580,10,18,2,1203,15,5
1697630640,10,18,2,1204,15,5
1697630700,10,18,2,1205,15,5
1697630760,10,18,2,1206,15,5
1697630820,10,18,2,1207,15,5
1697630880,10,18,2,1208,15,5
1697630940,10,18,2,1209,15,3
1697631000,10,18,2,1210,15,3
1697631060,10,18,2,1211,15,3
1697631120,10,18,2,1212,15,3
1697631180,10,18,2,1213,15,3
1697631240,10,18,2,1214,15,2
1697631300,10,18,2,1215,15,3
1697631360,10,18,2,1216,15,3
1697631420,10,18,2,1217,15,3
1697631480,10,18,2,1218,15,3
1697631540,10,18,2,1219,15,3
1697631600,10,18,2,1220,15,2
1697631720,10,18,2,1222,15,2
1697631780,10,18,2,1223,15,1
1697631900,10,18,2,1225,15,2
1697631960,10,18,2,1226,15,2
1697632020,10,18,2,1227,15,2
1697632080,10,18,2,1228,15,2
1697632140,10,18,2,1229,15,2
1697632260,10,18,2,1231,15,3
1697632320,10,18,2,1232,15,3
1697632380,10,18,2,1233,15,3
1697632440,10,18,2,1234,15,3
1697632500,10,18,2,1235,15,3
1697632560,10,18,2,1236,15,4
1697632620,10,18,2,1237,15,4
1697632680,10,18,2,1238,15,4
1697632740,10,18,2,1239,15,2
1697632800,10,18,2,1240,15,2
1697632860,10,18,2,1241,15,2
1697632920,10,18,2,1242,15,3
1697632980,10,18,2,1243,15,2
1697633040,10,18,2,1244,15,1
1697633100,10,18,2,1245,15,1
1697633160,10,18,2,1246,15,1
1697633220,10,18,2,1247,15,1
1697633280,10,18,2,1248,15,1
1697633340,10,18,2,1249,15,1
1697633460,10,18,2,1251,15,1
1697633520,10,18,2,1252,15,1
1697633580,10,18,2,1253,15,2
1697633640,10,18,2,1254,15,2
1697633700,10,18,2,1255,15,2
1697633760,10,18,2,1256,15,3
1697633820,10,18,2,1257,15,3
1697633880,10,18,2,1258,15,4
1697633940,10,18,2,1259,15,4
1697634060,10,18,2,1261,15,4
1697634120,10,18,2,1262,15,4
1697634180,10,18,2,1263,15,4
1697634240,10,18,2,1264,15,4
1697634300,10,18,2,1265,15,4
1697634360,10,18,2,1266,15,4
1697634420,10,18,2,1267,15,4
1697634480,10,18,2,1268,15,4
1697634540,10,18,2,1269,15,4
1697634600,10,18,2,1270,15,5
1697634660,10,18,2,1271,15,5
1697634720,10,18,2,1272,15,5
1697634780,10,18,2,1273,15,4
1697634840,10,18,2,1274,15,4
1697634900,10,18,2,1275,15,4
1697634960,10,18,2,1276,15,4
1697635020,10,18,2,1277,15,4
1697635080,10,18,2,1278,15,7
1697635140,10,18,2,1279,15,8
1697635260,10,18,2,1281,15,8
1697635320,10,18,2,1282,15,8
1697635380,10,18,2,1283,15,6
1697635440,10,18,2,1284,15,5
1697635500,10,18,2,1285,15,4
1697635560,10,18,2,1286,15,4
1697635620,10,18,2,1287,15,4
1697635680,10,18,2,1288,15,4
1697635740,10,18,2,1289,15,4
1697635860,10,18,2,1291,15,3
1697635920,10,18,2,1292,15,3
1697635980,10,18,2,1293,15,3
1697636040,10,18,2,1294,15,2
1697636100,10,18,2,1295,15,2
1697636160,10,18,2,1296,15,2
1697636220,10,18,2,1297,15,2
1697636280,10,18,2,1298,15,3
1697636340,10,18,2,1299,15,3
1697636400,10,18,2,1300,15,3
1697636460,10,18,2,1301,15,2
1697636520,10,18,2,1302,15,2
1697636580,10,18,2,1303,15,2
1697636640,10,18,2,1304,15,2
1697636700,10,18,2,1305,15,2
1697636760,10,18,2,1306,15,4
1697636820,10,18,2,1307,15,3
1697636880,10,18,2,1308,15,3
1697636940,10,18,2,1309,15,3
1697637000,10,18,2,1310,15,3
1697637060,10,18,2,1311,15,3
1697637120,10,18,2,1312,15,3
1697637180,10,18,2,1313,15,3
1697637240,10,18,2,1314,15,3
1697637300,10,18,2,1315,15,3
1697637360,10,18,2,1316,15,3
1697637420,10,18,2,1317,15,3
1697637480,10,18,2,1318,15,3
1697637540,10,18,2,1319,15,3
1697637600,10,18,2,1320,15,3
1697637720,10,18,2,1322,15,3
1697637780,10,18,2,1323,15,3
1697637840,10,18,2,1324,15,3
1697637900,10,18,2,1325,15,3
1697637960,10,18,2,1326,15,3
1697638020,10,18,2,1327,15,3
1697638080,10,18,2,1328,15,3
1697638140,10,18,2,1329,15,2
1697638200,10,18,2,1330,15,2
1697638260,10,18,2,1331,15,2
1697638320,10,18,2,1332,15,2
1697638380,10,18,2,1333,15,1
1697638440,10,18,2,1334,15,1
1697638500,10,18,2,1335,15,1
1697638560,10,18,2,1336,15,1
1697638620,10,18,2,1337,15,1
1697638680,10,18,2,1338,15,1
1697638740,10,18,2,1339,15,1
1697638860,10,18,2,1341,15,1
1697638920,10,18,2,1342,15,1
1697638980,10,18,2,1343,15,1
1697639040,10,18,2,1344,15,1
1697639100,10,18,2,1345,15,1
1697639160,10,18,2,1346,15,1
1697639220,10,18,2,1347,15,1
1697639280,10,18,2,1348,15,1
1697639340,10,18,2,1349,15,1
1697639460,10,18,2,1351,15,2
1697639520,10,18,2,1352,15,2
1697639580,10,18,2,1353,15,2
1697639640,10,18,2,1354,15,2
1697639700,10,18,2,1355,15,2
1697639760,10,18,2,1356,15,2
1697639820,10,18,2,1357,15,2
1697639880,10,18,2,1358,15,2
1697639940,10,18,2,1359,15,2
1697640000,10,18,2,1360,15,2
1697640060,10,18,2,1361,15,2
1697640120,10,18,2,1362,15,2
1697640180,10,18,2,1363,15,1
1697640240,10,18,2,1364,15,1
1697640300,10,18,2,1365,15,1
1697640360,10,18,2,1366,15,2
1697640420,10,18,2,1367,15,2
1697640480,10,18,2,1368,15,2
1697640540,10,18,2,1369,15,2
1697640600,10,18,2,1370,15,2
1697640660,10,18,2,1371,15,2
1697640720,10,18,2,1372,15,2
1697640780,10,18,2,1373,15,2
1697640840,10,18,2,1374,15,3
1697640900,10,18,2,1375,15,3
1697640960,10,18,2,1376,15,3
1697641020,10,18,2,1377,15,3
1697641080,10,18,2,1378,15,2
1697641140,10,18,2,1379,15,2
1697641260,10,18,2,1381,15,2
1697641320,10,18,2,1382,15,2
1697641380,10,18,2,1383,15,2
1697641440,10,18,2,1384,15,2
1697641500,10,18,2,1385,15,2
1697641560,10,18,2,1386,15,1
1697641620,10,18,2,1387,15,1
1697641680,10,18,2,1388,15,1
1697641740,10,18,2,1389,15,1
1697641800,10,18,2,1390,15,3
1697641860,10,18,2,1391,15,4
1697641920,10,18,2,1392,15,4
1697641980,10,18,2,1393,15,4
1697642040,10,18,2,1394,15,3
1697642100,10,18,2,1395,15,3
1697642160,10,18,2,1396,15,3
1697642220,10,18,2,1397,15,2
1697642280,10,18,2,1398,15,2
1697642340,10,18,2,1399,15,2
1697642460,10,18,2,1401,15,2
1697642520,10,18,2,1402,15,2
1697642580,10,18,2,1403,15,3
1697642640,10,18,2,1404,15,3
1697642700,10,18,2,1405,15,3
1697642760,10,18,2,1406,15,3
1697642820,10,18,2,1407,15,3
1697642880,10,18,2,1408,15,3
1697642940,10,18,2,1409,15,3
1697643000,10,18,2,1410,15,3
1697643060,10,18,2,1411,15,3
1697643120,10,18,2,1412,15,3
1697643180,10,18,2,1413,15,3
1697643240,10,18,2,1414,15,3
1697643300,10,18,2,1415,15,3
1697643360,10,18,2,1416,15,3
1697643420,10,18,2,1417,15,3
1697643480,10,18,2,1418,15,3
1697643540,10,18,2,1419,15,3
1697643600,10,18,2,1420,15,3
1697643660,10,18,2,1421,15,3
1697643720,10,18,2,1422,15,3
1697643780,10,18,2,1423,15,3
1697643840,10,18,2,1424,15,3
1697643900,10,18,2,1425,15,4
1697643960,10,18,2,1426,15,4
1697644020,10,18,2,1427,15,4
1697644080,10,18,2,1428,15,4
1697644140,10,18,2,1429,15,4
1697644200,10,18,2,1430,15,4
1697644260,10,18,2,1431,15,4
1697644320,10,18,2,1432,15,4
1697644380,10,18,2,1433,15,4
1697644440,10,18,2,1434,15,5
1697644500,10,18,2,1435,15,5
1697644560,10,18,2,1436,15,5
1697644620,10,18,2,1437,15,6
1697644680,10,18,2,1438,15,6
1697644740,10,18,2,1439,15,6
1697644860,10,19,3,1,15,6
1697644920,10,19,3,2,15,6
1697644980,10,19,3,3,15,7
1697645040,10,19,3,4,15,7
1697645100,10,19,3,5,15,7
1697645160,10,19,3,6,15,7
1697645220,10,19,3,7,15,7
1697645280,10,19,3,8,15,7
1697645340,10,19,3,9,15,8
1697645400,10,19,3,10,15,8
1697645460,10,19,3,11,15,8
1697645520,10,19,3,12,15,8
1697645580,10,19,3,13,15,8
1697645640,10,19,3,14,15,8
1697645700,10,19,3,15,15,8
1697645760,10,19,3,16,15,8
1697645820,10,19,3,17,15,8
1697645880,10,19,3,18,15,8
1697645940,10,19,3,19,15,8
1697646060,10,19,3,21,15,8
1697646120,10,19,3,22,15,8
1697646180,10,19,3,23,15,8
1697646240,10,19,3,24,15,7
1697646300,10,19,3,25,15,7
1697646360,10,19,3,26,15,7
1697646420,10,19,3,27,15,7
1697646480,10,19,3,28,15,7
1697646540,10,19,3,29,15,7
1697646600,10,19,3,30,15,7
1697646660,10,19,3,31,15,7
1697646720,10,19,3,32,15,7
1697646780,10,19,3,33,15,7
1697646840,10,19,3,34,15,7
1697646900,10,19,3,35,15,7
1697646960,10,19,3,36,15,7
1697647020,10,19,3,37,15,7
1697647080,10,19,3,38,15,7
1697647140,10,19,3,39,15,7
1697647200,10,19,3,40,15,7
1697647260,10,19,3,41,15,7
1697647320,10,19,3,42,15,7
1697647380,10,19,3,43,15,8
1697647440,10,19,3,44,15,8
1697647500,10,19,3,45,15,8
1697647560,10,19,3,46,15,8
1697647620,10,19,3,47,15,8
1697647680,10,19,3,48,15,8
1697647740,10,19,3,49,15,8
1697647800,10,19,3,50,15,7
1697647860,10,19,3,51,15,7
1697647920,10,19,3,52,15,7
1697647980,10,19,3,53,15,8
1697648040,10,19,3,54,15,8
1697648100,10,19,3,55,15,8
1697648160,10,19,3,56,15,8
1697648220,10,19,3,57,15,8
1697648280,10,19,3,58,15,8
1697648340,10,19,3,59,15,8
1697648460,10,19,3,61,15,8
1697648520,10,19,3,62,15,8
1697648580,10,19,3,63,15,9
1697648640,10,19,3,64,15,9
1697648700,10,19,3,65,15,8
1697648760,10,19,3,66,15,8
1697648820,10,19,3,67,15,8
1697648880,10,19,3,68,15,8
1697648940,10,19,3,69,15,8
1697649000,10,19,3,70,15,8
1697649060,10,19,3,71,15,9
1697649120,10,19,3,72,15,9
1697649180,10,19,3,73,15,10
1697649240,10,19,3,74,15,10
1697649300,10,19,3,75,15,10
1697649360,10,19,3,76,15,10
1697649420,10,19,3,77,15,10
1697649480,10,19,3,78,15,10
1697649540,10,19,3,79,15,10
1697649660,10,19,3,81,15,10
1697649720,10,19,3,82,15,10
1697649780,10,19,3,83,15,10
1697649840,10,19,3,84,15,10
1697649900,10,19,3,85,15,10
1697649960,10,19,3,86,15,10
1697650020,10,19,3,87,15,10
1697650080,10,19,3,88,15,10
1697650200,10,19,3,90,15,10
1697650260,10,19,3,91,15,10
1697650320,10,19,3,92,15,10
1697650380,10,19,3,93,15,10
1697650440,10,19,3,94,15,10
1697650500,10,19,3,95,15,10
1697650560,10,19,3,96,15,10
1697650620,10,19,3,97,15,10
1697650680,10,19,3,98,15,10
1697650740,10,19,3,99,15,10
1697650800,10,19,3,100,15,10
1697650860,10,19,3,101,15,10
1697650920,10,19,3,102,15,10
1697650980,10,19,3,103,15,10
1697651040,10,19,3,104,15,9
1697651100,10,19,3,105,15,9
1697651160,10,19,3,106,15,9
1697651220,10,19,3,107,15,9
1697651280,10,19,3,108,15,9
1697651340,10,19,3,109,15,9
1697651400,10,19,3,110,15,9
1697651460,10,19,3,111,15,9
1697651520,10,19,3,112,15,9
1697651580,10,19,3,113,15,9
1697651640,10,19,3,114,15,9
1697651700,10,19,3,115,15,9
1697651760,10,19,3,116,15,9
1697651820,10,19,3,117,15,9
1697651880,10,19,3,118,15,9
1697651940,10,19,3,119,15,9
1697652060,10,19,3,121,15,9
1697652120,10,19,3,122,15,9
1697652240,10,19,3,124,15,9
1697652300,10,19,3,125,15,9
1697652360,10,19,3,126,15,9
1697652420,10,19,3,127,15,9
1697652480,10,19,3,128,15,9
1697652540,10,19,3,129,15,9
1697652600,10,19,3,130,15,8
1697652660,10,19,3,131,15,8
1697652720,10,19,3,132,15,8
1697652780,10,19,3,133,15,8
1697652840,10,19,3,134,15,8
1697652900,10,19,3,135,15,8
1697652960,10,19,3,136,15,8
1697653020,10,19,3,137,15,8
1697653080,10,19,3,138,15,8
1697653140,10,19,3,139,15,8
1697653260,10,19,3,141,15,8
1697653320,10,19,3,142,15,8
1697653380,10,19,3,143,15,8
1697653440,10,19,3,144,15,8
1697653500,10,19,3,145,15,8
1697653560,10,19,3,146,15,8
1697653620,10,19,3,147,15,8
1697653680,10,19,3,148,15,8
1697653740,10,19,3,149,15,8
1697653800,10,19,3,150,15,8
1697653860,10,19,3,151,15,8
1697653920,10,19,3,152,15,8
1697653980,10,19,3,153,15,8
1697654040,10,19,3,154,15,8
1697654100,10,19,3,155,15,8
1697654160,10,19,3,156,15,8
1697654220,10,19,3,157,15,8
1697654280,10,19,3,158,15,8
1697654340,10,19,3,159,15,8
1697654400,10,19,3,160,15,8
1697654460,10,19,3,161,15,8
1697654520,10,19,3,162,15,8
1697654580,10,19,3,163,15,8
1697654640,10,19,3,164,15,8
1697654700,10,19,3,165,15,8
1697654760,10,19,3,166,15,8
1697654820,10,19,3,167,15,8
1697654880,10,19,3,168,15,8
1697654940,10,19,3,169,15,7
1697655000,10,19,3,170,15,7
1697655060,10,19,3,171,15,7
1697655120,10,19,3,172,15,7
1697655180,10,19,3,173,15,7
1697655240,10,19,3,174,15,7
1697655300,10,19,3,175,15,7
1697655360,10,19,3,176,15,7
1697655420,10,19,3,177,15,7
1697655480,10,19,3,178,15,7
1697655540,10,19,3,179,15,7
1697655660,10,19,3,181,15,7
1697655720,10,19,3,182,15,7
1697655780,10,19,3,183,15,7
1697655840,10,19,3,184,15,7
1697655900,10,19,3,185,15,7
1697655960,10,19,3,186,15,7
1697656020,10,19,3,187,15,7
1697656080,10,19,3,188,15,7
1697656140,10,19,3,189,15,7
1697656200,10,19,3,190,15,7
1697656260,10,19,3,191,15,7
1697656320,10,19,3,192,15,7
1697656380,10,19,3,193,15,7
1697656440,10,19,3,194,15,7
1697656500,10,19,3,195,15,7
1697656560,10,19,3,196,15,7
1697656620,10,19,3,197,15,7
1697656680,10,19,3,198,15,6
1697656740,10,19,3,199,15,6
1697656860,10,19,3,201,15,5
1697656920,10,19,3,202,15,5
1697656980,10,19,3,203,15,5
1697657040,10,19,3,204,15,5
1697657100,10,19,3,205,15,5
1697657160,10,19,3,206,15,5
1697657220,10,19,3,207,15,5
1697657280,10,19,3,208,15,5
1697657340,10,19,3,209,15,5
1697657400,10,19,3,210,15,5
1697657460,10,19,3,211,15,5
1697657520,10,19,3,212,15,5
1697657580,10,19,3,213,15,5
1697657640,10,19,3,214,15,5
1697657700,10,19,3,215,15,5
1697657760,10,19,3,216,15,5
1697657820,10,19,3,217,15,5
1697657880,10,19,3,218,15,5
1697657940,10,19,3,219,15,5
1697658000,10,19,3,220,15,5
1697658060,10,19,3,221,15,5
1697658120,10,19,3,222,15,5
1697658180,10,19,3,223,15,5
1697658240,10,19,3,224,15,5
1697658300,10,19,3,225,15,5
1697658360,10,19,3,226,15,5
1697658420,10,19,3,227,15,5
1697658480,10,19,3,228,15,5
1697658540,10,19,3,229,15,5
1697658600,10,19,3,230,15,5
1697658660,10,19,3,231,15,5
1697658720,10,19,3,232,15,5
1697658780,10,19,3,233,15,5
1697658840,10,19,3,234,15,5
1697658900,10,19,3,235,15,5
1697658960,10,19,3,236,15,5
1697659020,10,19,3,237,15,5
1697659080,10,19,3,238,15,5
1697659140,10,19,3,239,15,5
1697659200,10,19,3,240,15,5
1697659260,10,19,3,241,15,5
1697659320,10,19,3,242,15,5
1697659380,10,19,3,243,15,5
1697659440,10,19,3,244,15,5
1697659500,10,19,3,245,15,5
1697659560,10,19,3,246,15,5
1697659620,10,19,3,247,15,5
1697659680,10,19,3,248,15,5
1697659740,10,19,3,249,15,5
1697659800,10,19,3,250,15,5
1697659860,10,19,3,251,15,5
1697659920,10,19,3,252,15,5
1697659980,10,19,3,253,15,5
1697660040,10,19,3,254,15,5
1697660100,10,19,3,255,15,5
1697660160,10,19,3,256,15,5
1697660220,10,19,3,257,15,5
1697660280,10,19,3,258,15,5
1697660340,10,19,3,259,15,5
1697660460,10,19,3,261,15,5
1697660520,10,19,3,262,15,5
1697660580,10,19,3,263,15,5
1697660640,10,19,3,264,15,5
1697660700,10,19,3,265,15,5
1697660760,10,19,3,266,15,5
1697660820,10,19,3,267,15,5
1697660880,10,19,3,268,15,5
1697660940,10,19,3,269,15,5
1697661000,10,19,3,270,15,5
1697661060,10,19,3,271,15,5
1697661120,10,19,3,272,15,5
1697661180,10,19,3,273,15,5
1697661240,10,19,3,274,15,5
1697661300,10,19,3,275,15,5
1697661360,10,19,3,276,15,5
1697661420,10,19,3,277,15,5
1697661480,10,19,3,278,15,5
1697661540,10,19,3,279,15,5
1697661600,10,19,3,280,15,4
1697661660,10,19,3,281,15,4
1697661720,10,19,3,282,15,4
1697661780,10,19,3,283,15,4
1697661840,10,19,3,284,15,4
1697661900,10,19,3,285,15,4
1697661960,10,19,3,286,15,4
1697662020,10,19,3,287,15,4
1697662080,10,19,3,288,15,4
1697662140,10,19,3,289,15,4
1697662200,10,19,3,290,15,4
1697662260,10,19,3,291,15,4
1697662320,10,19,3,292,15,4
1697662380,10,19,3,293,15,4
1697662440,10,19,3,294,15,4
1697662500,10,19,3,295,15,4
1697662560,10,19,3,296,15,4
1697662620,10,19,3,297,15,4
1697662680,10,19,3,298,15,4
1697662740,10,19,3,299,15,4
1697662800,10,19,3,300,15,4
1697662860,10,19,3,301,15,4
1697662920,10,19,3,302,15,4
1697662980,10,19,3,303,15,4
1697663040,10,19,3,304,15,4
1697663100,10,19,3,305,15,4
1697663160,10,19,3,306,15,4
1697663220,10,19,3,307,15,4
1697663280,10,19,3,308,15,4
1697663340,10,19,3,309,15,4
1697663400,10,19,3,310,15,4
1697663460,10,19,3,311,15,4
1697663520,10,19,3,312,15,4
1697663580,10,19,3,313,15,4
1697663640,10,19,3,314,15,4
1697663700,10,19,3,315,15,4
1697663760,10,19,3,316,15,4
1697663820,10,19,3,317,15,4
1697663880,10,19,3,318,15,4
1697663940,10,19,3,319,15,4
1697664060,10,19,3,321,15,4
1697664120,10,19,3,322,15,4
1697664180,10,19,3,323,15,4
1697664240,10,19,3,324,15,4
1697664300,10,19,3,325,15,4
1697664360,10,19,3,326,15,4
1697664420,10,19,3,327,15,4
1697664480,10,19,3,328,15,4
1697664540,10,19,3,329,15,4
1697664600,10,19,3,330,15,4
1697664660,10,19,3,331,15,4
1697664720,10,19,3,332,15,4
1697664780,10,19,3,333,15,4
1697664840,10,19,3,334,15,4
1697664900,10,19,3,335,15,4
1697664960,10,19,3,336,15,4
1697665020,10,19,3,337,15,4
1697665080,10,19,3,338,15,4
1697665140,10,19,3,339,15,4
1697665200,10,19,3,340,15,4
1697665260,10,19,3,341,15,4
1697665320,10,19,3,342,15,4
1697665380,10,19,3,343,15,4
1697665440,10,19,3,344,15,4
1697665500,10,19,3,345,15,4
1697665560,10,19,3,346,15,4
1697665620,10,19,3,347,15,4
1697665680,10,19,3,348,15,4
1697665740,10,19,3,349,15,4
1697665800,10,19,3,350,15,5
1697665860,10,19,3,351,15,5
1697665920,10,19,3,352,15,4
1697665980,10,19,3,353,15,4
1697666040,10,19,3,354,15,4
1697666100,10,19,3,355,15,4
1697666160,10,19,3,356,15,4
1697666220,10,19,3,357,15,4
1697666280,10,19,3,358,15,4
1697666340,10,19,3,359,15,4
1697666400,10,19,3,360,15,4
1697666460,10,19,3,361,15,4
1697666520,10,19,3,362,15,4
1697666580,10,19,3,363,15,3
1697666640,10,19,3,364,15,3
1697666700,10,19,3,365,15,3
1697666760,10,19,3,366,15,3
1697666820,10,19,3,367,15,3
1697666880,10,19,3,368,15,3
1697666940,10,19,3,369,15,4
1697667000,10,19,3,370,15,4
1697667060,10,19,3,371,15,4
1697667120,10,19,3,372,15,4
1697667180,10,19,3,373,15,4
1697667240,10,19,3,374,15,4
1697667300,10,19,3,375,15,4
1697667360,10,19,3,376,15,3
1697667420,10,19,3,377,15,3
1697667480,10,19,3,378,15,3
1697667540,10,19,3,379,15,3
1697667660,10,19,3,381,15,3
1697667720,10,19,3,382,15,3
1697667780,10,19,3,383,15,3
1697667840,10,19,3,384,15,3
1697667900,10,19,3,385,15,3
1697667960,10,19,3,386,15,3
1697668020,10,19,3,387,15,3
1697668080,10,19,3,388,15,3
1697668140,10,19,3,389,15,3
1697668200,10,19,3,390,15,3
1697668320,10,19,3,392,15,3
1697668380,10,19,3,393,15,4
1697668440,10,19,3,394,15,4
1697668500,10,19,3,395,15,4
1697668560,10,19,3,396,15,4
1697668620,10,19,3,397,15,4
1697668680,10,19,3,398,15,4
1697668740,10,19,3,399,15,4
1697668800,10,19,3,400,15,4
1697668860,10,19,3,401,15,4
1697668920,10,19,3,402,15,4
1697668980,10,19,3,403,15,4
1697669040,10,19,3,404,15,4
1697669100,10,19,3,405,15,4
1697669160,10,19,3,406,15,4
1697669220,10,19,3,407,15,4
1697669280,10,19,3,408,15,4
1697669340,10,19,3,409,15,4
1697669400,10,19,3,410,15,4
1697669460,10,19,3,411,15,5
1697669520,10,19,3,412,15,5
1697669580,10,19,3,413,15,5
1697669640,10,19,3,414,15,5
1697669700,10,19,3,415,15,5
1697669760,10,19,3,416,15,5
1697669820,10,19,3,417,15,3
1697669880,10,19,3,418,15,3
1697669940,10,19,3,419,15,2
1697670060,10,19,3,421,15,2
1697670120,10,19,3,422,15,2
1697670180,10,19,3,423,15,2
1697670240,10,19,3,424,15,2
1697670300,10,19,3,425,15,2
1697670360,10,19,3,426,15,2
1697670420,10,19,3,427,15,2
1697670480,10,19,3,428,15,2
1697670540,10,19,3,429,15,2
1697670600,10,19,3,430,15,2
1697670660,10,19,3,431,15,2
1697670720,10,19,3,432,15,2
1697670780,10,19,3,433,15,2
1697670840,10,19,3,434,15,2
1697670900,10,19,3,435,15,2
1697670960,10,19,3,436,15,2
1697671020,10,19,3,437,15,2
1697671080,10,19,3,438,15,2
1697671140,10,19,3,439,15,2
1697671260,10,19,3,441,15,2
1697671320,10,19,3,442,15,2
1697671380,10,19,3,443,15,2
1697671440,10,19,3,444,15,1
1697671500,10,19,3,445,15,1
1697671560,10,19,3,446,15,2
1697671620,10,19,3,447,15,2
1697671680,10,19,3,448,15,2
1697671740,10,19,3,449,15,3
1697671860,10,19,3,451,15,1
1697671920,10,19,3,452,15,1
1697671980,10,19,3,453,15,1
1697672040,10,19,3,454,15,1
1697672100,10,19,3,455,15,1
1697672160,10,19,3,456,15,1
1697672220,10,19,3,457,15,1
1697672280,10,19,3,458,15,1
1697672340,10,19,3,459,15,2
1697672460,10,19,3,461,15,2
1697672520,10,19,3,462,15,4
1697672580,10,19,3,463,15,3
1697672640,10,19,3,464,15,2
1697672700,10,19,3,465,15,2
1697672760,10,19,3,466,15,3
1697672820,10,19,3,467,15,3
1697672880,10,19,3,468,15,4
1697672940,10,19,3,469,15,2
1697673060,10,19,3,471,15,2
1697673120,10,19,3,472,15,2
1697673180,10,19,3,473,15,2
1697673240,10,19,3,474,15,2
1697673300,10,19,3,475,15,2
1697673360,10,19,3,476,15,1
1697673420,10,19,3,477,15,1
1697673480,10,19,3,478,15,1
1697673540,10,19,3,479,15,1
1697673660,10,19,3,481,15,1
1697673720,10,19,3,482,15,2
1697673780,10,19,3,483,15,2
1697673840,10,19,3,484,15,1
1697673900,10,19,3,485,15,1
1697673960,10,19,3,486,15,3
1697674020,10,19,3,487,15,2
1697674080,10,19,3,488,15,2
1697674140,10,19,3,489,15,2
1697674260,10,19,3,491,15,1
1697674320,10,19,3,492,15,2
1697674380,10,19,3,493,15,2
1697674440,10,19,3,494,15,2
1697674500,10,19,3,495,15,2
1697674560,10,19,3,496,15,1
1697674620,10,19,3,497,15,1
1697674680,10,19,3,498,15,1
1697674740,10,19,3,499,15,1
1697674800,10,19,3,500,15,2
1697674920,10,19,3,502,15,3
1697674980,10,19,3,503,15,2
1697675040,10,19,3,504,15,2
1697675100,10,19,3,505,15,2
1697675160,10,19,3,506,15,1
1697675220,10,19,3,507,15,1
1697675280,10,19,3,508,15,1
1697675340,10,19,3,509,15,2
1697675460,10,19,3,511,15,2
1697675520,10,19,3,512,15,2
1697675580,10,19,3,513,15,2
1697675640,10,19,3,514,15,1
1697675700,10,19,3,515,15,1
1697675760,10,19,3,516,15,2
1697675820,10,19,3,517,15,1
1697675880,10,19,3,518,15,0
1697675940,10,19,3,519,15,0
1697676000,10,19,3,520,15,0
1697676060,10,19,3,521,15,0
1697676120,10,19,3,522,15,0
1697676180,10,19,3,523,15,1
1697676240,10,19,3,524,15,1
1697676300,10,19,3,525,15,1
1697676360,10,19,3,526,15,1
1697676420,10,19,3,527,15,1
1697676480,10,19,3,528,15,2
1697676540,10,19,3,529,15,2
1697676600,10,19,3,530,15,1
1697676660,10,19,3,531,15,1
1697676720,10,19,3,532,15,1
1697676780,10,19,3,533,15,1
1697676840,10,19,3,534,15,1
1697676900,10,19,3,535,15,1
1697676960,10,19,3,536,15,0
1697677020,10,19,3,537,15,1
1697677080,10,19,3,538,15,1
1697677140,10,19,3,539,15,1
1697677260,10,19,3,541,15,0
1697677320,10,19,3,542,15,0
1697677380,10,19,3,543,15,0
1697677440,10,19,3,544,15,1
1697677500,10,19,3,545,15,0
1697677560,10,19,3,546,15,0
1697677620,10,19,3,547,15,0
1697677680,10,19,3,548,15,0
1697677740,10,19,3,549,15,0
1697677800,10,19,3,550,15,0
1697677860,10,19,3,551,15,0
1697677920,10,19,3,552,15,0
1697677980,10,19,3,553,15,0
1697678040,10,19,3,554,15,0
1697678100,10,19,3,555,15,0
1697678160,10,19,3,556,15,0
1697678220,10,19,3,557,15,0
1697678280,10,19,3,558,15,0
1697678340,10,19,3,559,15,0
1697678460,10,19,3,561,15,0
1697678520,10,19,3,562,15,2
1697678580,10,19,3,563,15,2
1697678640,10,19,3,564,15,2
1697678700,10,19,3,565,15,2
1697678760,10,19,3,566,15,2
1697678820,10,19,3,567,15,2
1697678880,10,19,3,568,15,1
1697678940,10,19,3,569,15,1
1697679060,10,19,3,571,15,2
1697679120,10,19,3,572,15,2
1697679180,10,19,3,573,15,2
1697679240,10,19,3,574,15,2
1697679300,10,19,3,575,15,2
1697679360,10,19,3,576,15,1
1697679420,10,19,3,577,15,1
1697679480,10,19,3,578,15,1
1697679540,10,19,3,579,15,2
1697679600,10,19,3,580,15,2
1697679660,10,19,3,581,15,2
1697679720,10,19,3,582,15,4
1697679780,10,19,3,583,15,4
1697679840,10,19,3,584,15,3
1697679900,10,19,3,585,15,2
1697679960,10,19,3,586,15,1
1697680020,10,19,3,587,15,1
1697680080,10,19,3,588,15,1
1697680140,10,19,3,589,15,1
1697680200,10,19,3,590,15,1
1697680260,10,19,3,591,15,1
1697680320,10,19,3,592,15,1
1697680380,10,19,3,593,15,1
1697680440,10,19,3,594,15,1
1697680500,10,19,3,595,15,1
1697680560,10,19,3,596,15,1
1697680620,10,19,3,597,15,1
1697680680,10,19,3,598,15,1
1697680740,10,19,3,599,15,2
1697680860,10,19,3,601,15,1
1697680920,10,19,3,602,15,2
1697680980,10,19,3,603,15,1
1697681040,10,19,3,604,15,1
1697681100,10,19,3,605,15,1
1697681160,10,19,3,606,15,1
1697681220,10,19,3,607,15,1
1697681280,10,19,3,608,15,1
1697681340,10,19,3,609,15,2
1697681400,10,19,3,610,15,2
1697681460,10,19,3,611,15,1
1697681520,10,19,3,612,15,1
1697681580,10,19,3,613,15,3
1697681640,10,19,3,614,15,1
1697681700,10,19,3,615,15,1
1697681760,10,19,3,616,15,1
1697681820,10,19,3,617,15,1
1697681880,10,19,3,618,15,1
1697681940,10,19,3,619,15,1
1697682060,10,19,3,621,15,1
1697682120,10,19,3,622,15,1
1697682180,10,19,3,623,15,1
1697682240,10,19,3,624,15,1
1697682300,10,19,3,625,15,1
1697682360,10,19,3,626,15,2
1697682420,10,19,3,627,15,1
1697682480,10,19,3,628,15,1
1697682540,10,19,3,629,15,1
1697682660,10,19,3,631,15,1
1697682720,10,19,3,632,15,1
1697682780,10,19,3,633,15,1
1697682840,10,19,3,634,15,1
1697682900,10,19,3,635,15,1
1697682960,10,19,3,636,15,1
1697683020,10,19,3,637,15,1
1697683080,10,19,3,638,15,1
1697683140,10,19,3,639,15,2
1697683200,10,19,3,640,15,2
1697683260,10,19,3,641,15,2
1697683320,10,19,3,642,15,2
1697683380,10,19,3,643,15,2
1697683440,10,19,3,644,15,1
1697683500,10,19,3,645,15,1
1697683560,10,19,3,646,15,1
1697683620,10,19,3,647,15,0
1697683680,10,19,3,648,15,0
1697683740,10,19,3,649,15,0
1697683800,10,19,3,650,15,0
1697683860,10,19,3,651,15,0
1697683920,10,19,3,652,15,1
1697683980,10,19,3,653,15,1
1697684040,10,19,3,654,15,1
1697684100,10,19,3,655,15,1
1697684160,10,19,3,656,15,1
1697684220,10,19,3,657,15,1
1697684280,10,19,3,658,15,1
1697684340,10,19,3,659,15,1
1697684460,10,19,3,661,15,2
1697684520,10,19,3,662,15,1
1697684580,10,19,3,663,15,1
1697684640,10,19,3,664,15,1
1697684700,10,19,3,665,15,3
1697684760,10,19,3,666,15,3
1697684820,10,19,3,667,15,3
1697684880,10,19,3,668,15,3
1697684940,10,19,3,669,15,2
1697685000,10,19,3,670,15,2
1697685060,10,19,3,671,15,2
1697685120,10,19,3,672,15,2
1697685180,10,19,3,673,15,1
1697685240,10,19,3,674,15,1
1697685300,10,19,3,675,15,1
1697685360,10,19,3,676,15,1
1697685420,10,19,3,677,15,1
1697685480,10,19,3,678,15,0
1697685540,10,19,3,679,15,0
1697685660,10,19,3,681,15,0
1697685720,10,19,3,682,15,0
1697685780,10,19,3,683,15,0
1697685840,10,19,3,684,15,0
1697685900,10,19,3,685,15,0
1697685960,10,19,3,686,15,0
1697686020,10,19,3,687,15,0
1697686080,10,19,3,688,15,0
1697686140,10,19,3,689,15,0
1697686200,10,19,3,690,15,0
1697686260,10,19,3,691,15,0
1697686320,10,19,3,692,15,0
1697686440,10,19,3,694,15,0
1697686500,10,19,3,695,15,0
1697686560,10,19,3,696,15,0
1697686620,10,19,3,697,15,0
1697686680,10,19,3,698,15,0
1697686740,10,19,3,699,15,0
1697686800,10,19,3,700,15,0
1697686860,10,19,3,701,15,0
1697686920,10,19,3,702,15,0
1697686980,10,19,3,703,15,0
1697687040,10,19,3,704,15,0
1697687100,10,19,3,705,15,0
1697687160,10,19,3,706,15,0
1697687220,10,19,3,707,15,0
1697687280,10,19,3,708,15,0
1697687340,10,19,3,709,15,0
1697687400,10,19,3,710,15,0
1697687460,10,19,3,711,15,0
1697687520,10,19,3,712,15,0
1697687580,10,19,3,713,15,0
1697687640,10,19,3,714,15,0
1697687700,10,19,3,715,15,0
1697687760,10,19,3,716,15,0
1697687820,10,19,3,717,15,1
1697687880,10,19,3,718,15,0
1697687940,10,19,3,719,15,0
1697688060,10,19,3,721,15,0
1697688120,10,19,3,722,15,0
1697688180,10,19,3,723,15,0
1697688240,10,19,3,724,15,0
1697688300,10,19,3,725,15,0
1697688360,10,19,3,726,15,0
1697688420,10,19,3,727,15,0
1697688480,10,19,3,728,15,0
1697688540,10,19,3,729,15,0
1697688600,10,19,3,730,15,0
1697688660,10,19,3,731,15,0
1697688720,10,19,3,732,15,0
1697688780,10,19,3,733,15,0
1697688840,10,19,3,734,15,0
1697688900,10,19,3,735,15,0
1697688960,10,19,3,736,15,0
1697689020,10,19,3,737,15,0
1697689080,10,19,3,738,15,0
1697689140,10,19,3,739,15,1
1697689260,10,19,3,741,15,0
1697689320,10,19,3,742,15,3
1697689380,10,19,3,743,15,3
1697689440,10,19,3,744,15,3
1697689500,10,19,3,745,15,5
1697689560,10,19,3,746,15,6
1697689620,10,19,3,747,15,6
1697689680,10,19,3,748,15,6
1697689740,10,19,3,749,15,8
1697689860,10,19,3,751,15,9
1697689920,10,19,3,752,15,10
1697689980,10,19,3,753,15,10
1697690040,10,19,3,754,15,9
1697690100,10,19,3,755,15,8
1697690160,10,19,3,756,15,8
1697690220,10,19,3,757,15,8
1697690280,10,19,3,758,15,6
1697690340,10,19,3,759,15,7
1697690400,10,19,3,760,15,7
1697690460,10,19,3,761,15,5
1697690520,10,19,3,762,15,5
1697690580,10,19,3,763,15,5
1697690640,10,19,3,764,15,5
1697690700,10,19,3,765,15,5
1697690760,10,19,3,766,15,5
1697690820,10,19,3,767,15,5
1697690880,10,19,3,768,15,4
1697690940,10,19,3,769,15,4
1697691000,10,19,3,770,15,5
1697691060,10,19,3,771,15,4
1697691120,10,19,3,772,15,3
1697691180,10,19,3,773,15,3
1697691240,10,19,3,774,15,3
1697691300,10,19,3,775,15,2
1697691360,10,19,3,776,15,2
1697691420,10,19,3,777,15,2
1697691480,10,19,3,778,15,2
1697691540,10,19,3,779,15,2
1697691660,10,19,3,781,15,1
1697691720,10,19,3,782,15,1
1697691780,10,19,3,783,15,2
1697691840,10,19,3,784,15,2
1697691900,10,19,3,785,15,2
1697691960,10,19,3,786,15,1
1697692020,10,19,3,787,15,0
1697692080,10,19,3,788,15,0
1697692140,10,19,3,789,15,0
1697692200,10,19,3,790,15,0
1697692260,10,19,3,791,15,0
1697692320,10,19,3,792,15,0
1697692380,10,19,3,793,15,0
1697692440,10,19,3,794,15,2
1697692500,10,19,3,795,15,1
1697692560,10,19,3,796,15,0
1697692620,10,19,3,797,15,0
1697692680,10,19,3,798,15,0
1697692740,10,19,3,799,15,0
1697692860,10,19,3,801,15,0
1697692920,10,19,3,802,15,0
1697692980,10,19,3,803,15,0
1697693040,10,19,3,804,15,0
1697693100,10,19,3,805,15,0
1697693160,10,19,3,806,15,0
1697693220,10,19,3,807,15,0
1697693280,10,19,3,808,15,0
1697693340,10,19,3,809,15,0
1697693400,10,19,3,810,15,0
1697693460,10,19,3,811,15,0
1697693520,10,19,3,812,15,0
1697693580,10,19,3,813,15,0
1697693640,10,19,3,814,15,0
1697693700,10,19,3,815,15,0
1697693760,10,19,3,816,15,0
1697693820,10,19,3,817,15,0
1697693880,10,19,3,818,15,0
1697693940,10,19,3,819,15,0
1697694000,10,19,3,820,15,0
1697694060,10,19,3,821,15,0
1697694120,10,19,3,822,15,0
1697694180,10,19,3,823,15,0
1697694240,10,19,3,824,15,0
1697694300,10,19,3,825,15,0
1697694360,10,19,3,826,15,0
1697694420,10,19,3,827,15,0
1697694480,10,19,3,828,15,0
1697694540,10,19,3,829,15,0
1697694600,10,19,3,830,15,0
1697694660,10,19,3,831,15,0
1697694720,10,19,3,832,15,0
1697694780,10,19,3,833,15,0
1697694840,10,19,3,834,15,0
1697694900,10,19,3,835,15,0
1697694960,10,19,3,836,15,0
1697695020,10,19,3,837,15,0
1697695080,10,19,3,838,15,0
1697695140,10,19,3,839,15,0
1697695200,10,19,3,840,15,0
1697695320,10,19,3,842,15,0
1697695380,10,19,3,843,15,0
1697695440,10,19,3,844,15,0
1697695500,10,19,3,845,15,0
1697695560,10,19,3,846,15,0
1697695620,10,19,3,847,15,0
1697695680,10,19,3,848,15,0
1697695740,10,19,3,849,15,0
1697695800,10,19,3,850,15,1
1697695860,10,19,3,851,15,0
1697695920,10,19,3,852,15,0
1697695980,10,19,3,853,15,0
1697696040,10,19,3,854,15,1
1697696100,10,19,3,855,15,0
1697696160,10,19,3,856,15,0
1697696220,10,19,3,857,15,0
1697696280,10,19,3,858,15,2
1697696340,10,19,3,859,15,3
1697696460,10,19,3,861,15,3
1697696520,10,19,3,862,15,3
1697696580,10,19,3,863,15,3
1697696640,10,19,3,864,15,1
1697696700,10,19,3,865,15,1
1697696760,10,19,3,866,15,1
1697696820,10,19,3,867,15,1
1697696880,10,19,3,868,15,0
1697696940,10,19,3,869,15,0
1697697000,10,19,3,870,15,0
1697697060,10,19,3,871,15,0
1697697120,10,19,3,872,15,0
1697697180,10,19,3,873,15,0
1697697240,10,19,3,874,15,1
1697697300,10,19,3,875,15,0
1697697360,10,19,3,876,15,0
1697697420,10,19,3,877,15,0
1697697480,10,19,3,878,15,1
1697697540,10,19,3,879,15,1
1697697600,10,19,3,880,15,1
1697697660,10,19,3,881,15,1
1697697720,10,19,3,882,15,3
1697697780,10,19,3,883,15,3
1697697840,10,19,3,884,15,3
1697697900,10,19,3,885,15,3
1697697960,10,19,3,886,15,3
1697698020,10,19,3,887,15,3
1697698080,10,19,3,888,15,3
1697698140,10,19,3,889,15,3
1697698200,10,19,3,890,15,3
1697698260,10,19,3,891,15,3
1697698320,10,19,3,892,15,3
1697698380,10,19,3,893,15,2
1697698440,10,19,3,894,15,2
1697698500,10,19,3,895,15,2
1697698560,10,19,3,896,15,2
1697698620,10,19,3,897,15,2
1697698680,10,19,3,898,15,3
1697698740,10,19,3,899,15,3
1697698860,10,19,3,901,15,3
1697698920,10,19,3,902,15,3
1697698980,10,19,3,903,15,3
1697699040,10,19,3,904,15,5
1697699100,10,19,3,905,15,5
1697699160,10,19,3,906,15,5
1697699220,10,19,3,907,15,4
1697699280,10,19,3,908,15,4
1697699340,10,19,3,909,15,4
1697699400,10,19,3,910,15,4
1697699460,10,19,3,911,15,4
1697699520,10,19,3,912,15,4
1697699580,10,19,3,913,15,4
1697699640,10,19,3,914,15,4
1697699700,10,19,3,915,15,4
1697699760,10,19,3,916,15,3
1697699820,10,19,3,917,15,3
1697699880,10,19,3,918,15,4
1697699940,10,19,3,919,15,4
1697700060,10,19,3,921,15,4
1697700120,10,19,3,922,15,4
1697700180,10,19,3,923,15,1
1697700240,10,19,3,924,15,1
1697700300,10,19,3,925,15,0
1697700360,10,19,3,926,15,0
1697700420,10,19,3,927,15,0
1697700480,10,19,3,928,15,0
1697700540,10,19,3,929,15,0
1697700660,10,19,3,931,15,0
1697700720,10,19,3,932,15,0
1697700780,10,19,3,933,15,0
1697700840,10,19,3,934,15,1
1697700900,10,19,3,935,15,1
1697700960,10,19,3,936,15,1
1697701020,10,19,3,937,15,1
1697701080,10,19,3,938,15,1
1697701140,10,19,3,939,15,1
1697701200,10,19,3,940,15,1
1697701260,10,19,3,941,15,1
1697701320,10,19,3,942,15,1
1697701380,10,19,3,943,15,3
1697701440,10,19,3,944,15,3
1697701500,10,19,3,945,15,1
1697701560,10,19,3,946,15,2
1697701620,10,19,3,947,15,2
1697701680,10,19,3,948,15,2
1697701740,10,19,3,949,15,1
1697701800,10,19,3,950,15,1
1697701860,10,19,3,951,15,1
1697701920,10,19,3,952,15,1
1697701980,10,19,3,953,15,1
1697702040,10,19,3,954,15,1
1697702100,10,19,3,955,15,1
1697702160,10,19,3,956,15,1
1697702220,10,19,3,957,15,1
1697702280,10,19,3,958,15,2
1697702340,10,19,3,959,15,2
1697702460,10,19,3,961,15,2
1697702520,10,19,3,962,15,3
1697702580,10,19,3,963,15,3
1697702640,10,19,3,964,15,3
1697702700,10,19,3,965,15,3
1697702760,10,19,3,966,15,3
1697702820,10,19,3,967,15,3
1697702880,10,19,3,968,15,3
1697702940,10,19,3,969,15,3
1697703000,10,19,3,970,15,4
1697703060,10,19,3,971,15,4
1697703120,10,19,3,972,15,4
1697703180,10,19,3,973,15,4
1697703240,10,19,3,974,15,4
1697703300,10,19,3,975,15,4
1697703360,10,19,3,976,15,0
1697703420,10,19,3,977,15,0
1697703480,10,19,3,978,15,1
1697703540,10,19,3,979,15,1
1697703600,10,19,3,980,15,1
1697703720,10,19,3,982,15,2
1697703780,10,19,3,983,15,2
1697703840,10,19,3,984,15,2
1697703900,10,19,3,985,15,2
1697703960,10,19,3,986,15,4
1697704020,10,19,3,987,15,4
1697704080,10,19,3,988,15,4
1697704140,10,19,3,989,15,4
1697704260,10,19,3,991,15,3
1697704320,10,19,3,992,15,3
1697704380,10,19,3,993,15,1
1697704440,10,19,3,994,15,2
1697704500,10,19,3,995,15,2
1697704560,10,19,3,996,15,2
1697704620,10,19,3,997,15,2
1697704680,10,19,3,998,15,1
1697704740,10,19,3,999,15,1
1697704800,10,19,3,1000,15,1
1697704860,10,19,3,1001,15,1
1697704980,10,19,3,1003,15,1
1697705040,10,19,3,1004,15,1
1697705100,10,19,3,1005,15,1
1697705160,10,19,3,1006,15,1
1697705220,10,19,3,1007,15,2
1697705280,10,19,3,1008,15,1
1697705340,10,19,3,1009,15,1
1697705460,10,19,3,1011,15,0
1697705520,10,19,3,1012,15,0
1697705580,10,19,3,1013,15,0
1697705640,10,19,3,1014,15,0
1697705700,10,19,3,1015,15,0
1697705760,10,19,3,1016,15,0
1697705820,10,19,3,1017,15,0
1697705880,10,19,3,1018,15,0
1697705940,10,19,3,1019,15,0
1697706060,10,19,3,1021,15,0
1697706120,10,19,3,1022,15,0
1697706180,10,19,3,1023,15,0
1697706240,10,19,3,1024,15,0
1697706300,10,19,3,1025,15,0
1697706360,10,19,3,1026,15,0
1697706420,10,19,3,1027,15,0
1697706480,10,19,3,1028,15,0
1697706540,10,19,3,1029,15,0
1697706660,10,19,3,1031,15,0
1697706720,10,19,3,1032,15,0
1697706780,10,19,3,1033,15,0
1697706840,10,19,3,1034,15,0
1697706900,10,19,3,1035,15,0
1697706960,10,19,3,1036,15,0
1697707020,10,19,3,1037,15,0
1697707080,10,19,3,1038,15,0
1697707140,10,19,3,1039,15,0
1697707260,10,19,3,1041,15,0
1697707380,10,19,3,1043,15,0
1697707440,10,19,3,1044,15,0
1697707500,10,19,3,1045,15,0
1697707560,10,19,3,1046,15,1
1697707620,10,19,3,1047,15,1
1697707680,10,19,3,1048,15,0
1697707740,10,19,3,1049,15,2
1697707860,10,19,3,1051,15,2
1697707920,10,19,3,1052,15,2
1697707980,10,19,3,1053,15,3
1697708040,10,19,3,1054,15,1
1697708100,10,19,3,1055,15,1
1697708160,10,19,3,1056,15,0
1697708220,10,19,3,1057,15,0
1697708280,10,19,3,1058,15,0
1697708340,10,19,3,1059,15,0
1697708460,10,19,3,1061,15,0
1697708520,10,19,3,1062,15,0
1697708580,10,19,3,1063,15,0
1697708640,10,19,3,1064,15,0
1697708700,10,19,3,1065,15,0
1697708760,10,19,3,1066,15,0
1697708820,10,19,3,1067,15,0
1697708880,10,19,3,1068,15,0
1697708940,10,19,3,1069,15,0
1697709060,10,19,3,1071,15,0
1697709120,10,19,3,1072,15,0
1697709180,10,19,3,1073,15,0
1697709240,10,19,3,1074,15,0
1697709300,10,19,3,1075,15,0
1697709360,10,19,3,1076,15,0
1697709420,10,19,3,1077,15,2
1697709480,10,19,3,1078,15,0
1697709540,10,19,3,1079,15,0
1697709660,10,19,3,1081,15,0
1697709780,10,19,3,1083,15,0
1697709840,10,19,3,1084,15,0
1697709900,10,19,3,1085,15,0
1697709960,10,19,3,1086,15,0
1697710020,10,19,3,1087,15,0
1697710080,10,19,3,1088,15,0
1697710140,10,19,3,1089,15,0
1697710260,10,19,3,1091,15,0
1697710320,10,19,3,1092,15,0
1697710380,10,19,3,1093,15,0
1697710440,10,19,3,1094,15,0
1697710500,10,19,3,1095,15,0
1697710560,10,19,3,1096,15,0
1697710620,10,19,3,1097,15,1
1697710680,10,19,3,1098,15,1
1697710740,10,19,3,1099,15,0
1697710860,10,19,3,1101,15,0
1697710920,10,19,3,1102,15,0
1697710980,10,19,3,1103,15,0
1697711040,10,19,3,1104,15,0
1697711100,10,19,3,1105,15,0
1697711160,10,19,3,1106,15,0
1697711220,10,19,3,1107,15,0
1697711280,10,19,3,1108,15,0
1697711340,10,19,3,1109,15,2
1697711460,10,19,3,1111,15,0
1697711520,10,19,3,1112,15,0
1697711580,10,19,3,1113,15,0
1697711640,10,19,3,1114,15,1
1697711700,10,19,3,1115,15,0
1697711760,10,19,3,1116,15,0
1697711820,10,19,3,1117,15,0
1697711880,10,19,3,1118,15,0
1697711940,10,19,3,1119,15,0
1697712060,10,19,3,1121,15,0
1697712120,10,19,3,1122,15,0
1697712180,10,19,3,1123,15,0
1697712240,10,19,3,1124,15,0
1697712300,10,19,3,1125,15,2
1697712360,10,19,3,1126,15,1
1697712420,10,19,3,1127,15,1
1697712480,10,19,3,1128,15,0
1697712540,10,19,3,1129,15,0
1697712600,10,19,3,1130,15,0
1697712660,10,19,3,1131,15,0
1697712720,10,19,3,1132,15,0
1697712780,10,19,3,1133,15,0
1697712840,10,19,3,1134,15,0
1697712900,10,19,3,1135,15,0
1697712960,10,19,3,1136,15,0
1697713020,10,19,3,1137,15,1
1697713080,10,19,3,1138,15,0
1697713140,10,19,3,1139,15,0
1697713260,10,19,3,1141,15,0
1697713320,10,19,3,1142,15,0
1697713380,10,19,3,1143,15,0
1697713440,10,19,3,1144,15,0
1697713500,10,19,3,1145,15,0
1697713560,10,19,3,1146,15,0
1697713620,10,19,3,1147,15,0
1697713680,10,19,3,1148,15,0
1697713740,10,19,3,1149,15,0
1697713800,10,19,3,1150,15,0
1697713860,10,19,3,1151,15,0
1697713920,10,19,3,1152,15,0
1697713980,10,19,3,1153,15,0
1697714040,10,19,3,1154,15,0
1697714100,10,19,3,1155,15,0
1697714160,10,19,3,1156,15,0
1697714220,10,19,3,1157,15,0
1697714280,10,19,3,1158,15,0
1697714340,10,19,3,1159,15,0
1697714460,10,19,3,1161,15,0
1697714520,10,19,3,1162,15,1
1697714580,10,19,3,1163,15,1
1697714640,10,19,3,1164,15,1
1697714700,10,19,3,1165,15,1
1697714760,10,19,3,1166,15,1
1697714820,10,19,3,1167,15,1
1697714880,10,19,3,1168,15,0
1697714940,10,19,3,1169,15,3
1697715060,10,19,3,1171,15,1
1697715120,10,19,3,1172,15,1
1697715180,10,19,3,1173,15,1
1697715240,10,19,3,1174,15,1
1697715300,10,19,3,1175,15,1
1697715360,10,19,3,1176,15,1
1697715420,10,19,3,1177,15,1
1697715480,10,19,3,1178,15,2
1697715540,10,19,3,1179,15,2
1697715600,10,19,3,1180,15,1
1697715660,10,19,3,1181,15,1
1697715720,10,19,3,1182,15,2
1697715780,10,19,3,1183,15,2
1697715840,10,19,3,1184,15,2
1697715900,10,19,3,1185,15,2
1697715960,10,19,3,1186,15,3
1697716020,10,19,3,1187,15,3
1697716080,10,19,3,1188,15,2
1697716140,10,19,3,1189,15,2
1697716200,10,19,3,1190,15,1
1697716260,10,19,3,1191,15,1
1697716320,10,19,3,1192,15,1
1697716380,10,19,3,1193,15,1
1697716440,10,19,3,1194,15,1
1697716500,10,19,3,1195,15,1
1697716560,10,19,3,1196,15,1
1697716620,10,19,3,1197,15,1
1697716680,10,19,3,1198,15,1
1697716740,10,19,3,1199,15,1
1697716860,10,19,3,1201,15,1
1697716920,10,19,3,1202,15,1
1697716980,10,19,3,1203,15,1
1697717040,10,19,3,1204,15,1
1697717100,10,19,3,1205,15,1
1697717160,10,19,3,1206,15,4
1697717220,10,19,3,1207,15,4
1697717280,10,19,3,1208,15,4
1697717340,10,19,3,1209,15,4
1697717400,10,19,3,1210,15,4
1697717460,10,19,3,1211,15,4
1697717520,10,19,3,1212,15,4
1697717580,10,19,3,1213,15,4
1697717640,10,19,3,1214,15,4
1697717700,10,19,3,1215,15,4
1697717760,10,19,3,1216,15,4
1697717820,10,19,3,1217,15,4
1697717880,10,19,3,1218,15,2
1697717940,10,19,3,1219,15,2
1697718060,10,19,3,1221,15,2
1697718120,10,19,3,1222,15,3
1697718180,10,19,3,1223,15,3
1697718240,10,19,3,1224,15,2
1697718300,10,19,3,1225,15,2
1697718360,10,19,3,1226,15,6
1697718420,10,19,3,1227,15,5
1697718480,10,19,3,1228,15,6
1697718540,10,19,3,1229,15,6
1697718660,10,19,3,1231,15,5
1697718720,10,19,3,1232,15,5
1697718780,10,19,3,1233,15,4
1697718840,10,19,3,1234,15,4
1697718900,10,19,3,1235,15,4
1697718960,10,19,3,1236,15,3
1697719020,10,19,3,1237,15,3
1697719080,10,19,3,1238,15,3
1697719140,10,19,3,1239,15,3
1697719200,10,19,3,1240,15,3
1697719260,10,19,3,1241,15,3
1697719320,10,19,3,1242,15,3
1697719380,10,19,3,1243,15,3
1697719440,10,19,3,1244,15,3
1697719500,10,19,3,1245,15,3
1697719560,10,19,3,1246,15,3
1697719620,10,19,3,1247,15,3
1697719680,10,19,3,1248,15,3
1697719740,10,19,3,1249,15,3
1697719800,10,19,3,1250,15,4
1697719860,10,19,3,1251,15,4
1697719920,10,19,3,1252,15,4
1697719980,10,19,3,1253,15,4
1697720040,10,19,3,1254,15,4
1697720100,10,19,3,1255,15,4
1697720160,10,19,3,1256,15,4
1697720220,10,19,3,1257,15,4
1697720280,10,19,3,1258,15,3
1697720340,10,19,3,1259,15,3
1697720460,10,19,3,1261,15,3
1697720520,10,19,3,1262,15,3
1697720580,10,19,3,1263,15,3
1697720640,10,19,3,1264,15,3
1697720700,10,19,3,1265,15,2
1697720760,10,19,3,1266,15,2
1697720820,10,19,3,1267,15,2
1697720880,10,19,3,1268,15,2
1697720940,10,19,3,1269,15,2
1697721000,10,19,3,1270,15,2
1697721060,10,19,3,1271,15,1
1697721120,10,19,3,1272,15,1
1697721180,10,19,3,1273,15,0
1697721240,10,19,3,1274,15,0
1697721300,10,19,3,1275,15,0
1697721360,10,19,3,1276,15,0
1697721420,10,19,3,1277,15,0
1697721480,10,19,3,1278,15,0
1697721540,10,19,3,1279,15,0
1697721660,10,19,3,1281,15,0
1697721720,10,19,3,1282,15,0
1697721780,10,19,3,1283,15,0
1697721840,10,19,3,1284,15,0
1697721900,10,19,3,1285,15,0
1697721960,10,19,3,1286,15,0
1697722020,10,19,3,1287,15,1
1697722080,10,19,3,1288,15,1
1697722140,10,19,3,1289,15,1
1697722260,10,19,3,1291,15,1
1697722320,10,19,3,1292,15,1
1697722380,10,19,3,1293,15,1
1697722440,10,19,3,1294,15,1
1697722500,10,19,3,1295,15,1
1697722560,10,19,3,1296,15,0
1697722620,10,19,3,1297,15,0
1697722680,10,19,3,1298,15,0
1697722800,10,19,3,1300,15,0
1697722860,10,19,3,1301,15,0
1697722920,10,19,3,1302,15,1
1697722980,10,19,3,1303,15,0
1697723040,10,19,3,1304,15,0
1697723100,10,19,3,1305,15,0
1697723160,10,19,3,1306,15,0
1697723220,10,19,3,1307,15,0
1697723280,10,19,3,1308,15,0
1697723340,10,19,3,1309,15,0
1697723400,10,19,3,1310,15,0
1697723460,10,19,3,1311,15,0
1697723520,10,19,3,1312,15,0
1697723580,10,19,3,1313,15,0
1697723640,10,19,3,1314,15,1
1697723700,10,19,3,1315,15,1
1697723760,10,19,3,1316,15,1
1697723820,10,19,3,1317,15,1
1697723880,10,19,3,1318,15,1
1697723940,10,19,3,1319,15,1
1697724060,10,19,3,1321,15,1
1697724120,10,19,3,1322,15,1
1697724180,10,19,3,1323,15,1
1697724240,10,19,3,1324,15,1
1697724300,10,19,3,1325,15,1
1697724360,10,19,3,1326,15,1
1697724420,10,19,3,1327,15,1
1697724480,10,19,3,1328,15,1
1697724540,10,19,3,1329,15,1
1697724600,10,19,3,1330,15,1
1697724660,10,19,3,1331,15,1
1697724720,10,19,3,1332,15,0
1697724780,10,19,3,1333,15,0
1697724840,10,19,3,1334,15,0
1697724900,10,19,3,1335,15,0
1697724960,10,19,3,1336,15,0
1697725020,10,19,3,1337,15,0
1697725080,10,19,3,1338,15,0
1697725140,10,19,3,1339,15,0
1697725260,10,19,3,1341,15,0
1697725320,10,19,3,1342,15,1
1697725380,10,19,3,1343,15,1
1697725440,10,19,3,1344,15,0
1697725500,10,19,3,1345,15,0
1697725560,10,19,3,1346,15,0
1697725620,10,19,3,1347,15,0
1697725680,10,19,3,1348,15,0
1697725740,10,19,3,1349,15,0
1697725800,10,19,3,1350,15,0
1697725860,10,19,3,1351,15,2
1697725920,10,19,3,1352,15,2
1697725980,10,19,3,1353,15,2
1697726040,10,19,3,1354,15,1
1697726100,10,19,3,1355,15,1
1697726160,10,19,3,1356,15,1
1697726220,10,19,3,1357,15,1
1697726280,10,19,3,1358,15,1
1697726340,10,19,3,1359,15,1
1697726400,10,19,3,1360,15,1
1697726460,10,19,3,1361,15,1
1697726520,10,19,3,1362,15,3
1697726580,10,19,3,1363,15,3
1697726640,10,19,3,1364,15,3
1697726700,10,19,3,1365,15,3
1697726760,10,19,3,1366,15,3
1697726820,10,19,3,1367,15,3
1697726880,10,19,3,1368,15,3
1697726940,10,19,3,1369,15,3
1697727000,10,19,3,1370,15,3
1697727060,10,19,3,1371,15,3
1697727120,10,19,3,1372,15,3
1697727180,10,19,3,1373,15,3
1697727240,10,19,3,1374,15,3
1697727300,10,19,3,1375,15,3
1697727360,10,19,3,1376,15,3
1697727420,10,19,3,1377,15,3
1697727480,10,19,3,1378,15,3
1697727540,10,19,3,1379,15,2
1697727660,10,19,3,1381,15,2
1697727720,10,19,3,1382,15,1
1697727780,10,19,3,1383,15,1
1697727840,10,19,3,1384,15,0
1697727900,10,19,3,1385,15,0
1697727960,10,19,3,1386,15,1
1697728020,10,19,3,1387,15,1
1697728080,10,19,3,1388,15,2
1697728140,10,19,3,1389,15,2
1697728200,10,19,3,1390,15,2
1697728260,10,19,3,1391,15,3
1697728320,10,19,3,1392,15,3
1697728380,10,19,3,1393,15,2
1697728440,10,19,3,1394,15,2
1697728500,10,19,3,1395,15,2
1697728560,10,19,3,1396,15,2
1697728620,10,19,3,1397,15,2
1697728680,10,19,3,1398,15,2
1697728740,10,19,3,1399,15,2
1697728860,10,19,3,1401,15,2
1697728920,10,19,3,1402,15,2
1697728980,10,19,3,1403,15,2
1697729040,10,19,3,1404,15,2
1697729100,10,19,3,1405,15,2
1697729160,10,19,3,1406,15,2
1697729220,10,19,3,1407,15,3
1697729280,10,19,3,1408,15,3
1697729340,10,19,3,1409,15,3
1697729400,10,19,3,1410,15,3
1697729460,10,19,3,1411,15,3
1697729520,10,19,3,1412,15,3
1697729580,10,19,3,1413,15,3
1697729640,10,19,3,1414,15,3
1697729700,10,19,3,1415,15,3
1697729760,10,19,3,1416,15,3
1697729820,10,19,3,1417,15,3
1697729880,10,19,3,1418,15,3
1697729940,10,19,3,1419,15,3
1697730000,10,19,3,1420,15,3
1697730060,10,19,3,1421,15,4
1697730120,10,19,3,1422,15,4
1697730180,10,19,3,1423,15,4
1697730240,10,19,3,1424,15,4
1697730300,10,19,3,1425,15,4
1697730360,10,19,3,1426,15,4
1697730420,10,19,3,1427,15,5
1697730480,10,19,3,1428,15,5
1697730540,10,19,3,1429,15,5
1697730600,10,19,3,1430,15,5
1697730660,10,19,3,1431,15,5
1697730720,10,19,3,1432,15,5
1697730780,10,19,3,1433,15,5
1697730840,10,19,3,1434,15,5
1697730900,10,19,3,1435,15,5
1697730960,10,19,3,1436,15,5
1697731020,10,19,3,1437,15,5
1697731080,10,19,3,1438,15,5
1697731140,10,19,3,1439,15,5
1697731260,10,20,4,1,15,5
1697731320,10,20,4,2,15,5
1697731380,10,20,4,3,15,5
1697731440,10,20,4,4,15,5
1697731500,10,20,4,5,15,5
1697731560,10,20,4,6,15,5
1697731620,10,20,4,7,15,6
1697731680,10,20,4,8,15,6
1697731800,10,20,4,10,15,6
1697731860,10,20,4,11,15,6
1697731920,10,20,4,12,15,6
1697731980,10,20,4,13,15,6
1697732040,10,20,4,14,15,6
1697732100,10,20,4,15,15,6
1697732160,10,20,4,16,15,6
1697732220,10,20,4,17,15,6
1697732280,10,20,4,18,15,6
1697732340,10,20,4,19,15,6
1697732460,10,20,4,21,15,6
1697732520,10,20,4,22,15,6
1697732580,10,20,4,23,15,6
1697732640,10,20,4,24,15,6
1697732700,10,20,4,25,15,6
1697732760,10,20,4,26,15,6
1697732820,10,20,4,27,15,6
1697732880,10,20,4,28,15,6
1697732940,10,20,4,29,15,6
1697733060,10,20,4,31,15,5
1697733120,10,20,4,32,15,5
1697733240,10,20,4,34,15,5
1697733300,10,20,4,35,15,5
1697733360,10,20,4,36,15,5
1697733420,10,20,4,37,15,5
1697733480,10,20,4,38,15,5
1697733540,10,20,4,39,15,5
1697733660,10,20,4,41,15,5
1697733720,10,20,4,42,15,5
1697733780,10,20,4,43,15,5
1697733840,10,20,4,44,15,5
1697733900,10,20,4,45,15,6
1697733960,10,20,4,46,15,6
1697734020,10,20,4,47,15,6
1697734080,10,20,4,48,15,6
1697734140,10,20,4,49,15,6
1697734200,10,20,4,50,15,6
1697734260,10,20,4,51,15,6
1697734320,10,20,4,52,15,6
1697734380,10,20,4,53,15,6
1697734440,10,20,4,54,15,6
1697734500,10,20,4,55,15,6
1697734560,10,20,4,56,15,6
1697734620,10,20,4,57,15,7
1697734680,10,20,4,58,15,7
1697734740,10,20,4,59,15,7
1697734860,10,20,4,61,15,7
1697734920,10,20,4,62,15,7
1697734980,10,20,4,63,15,7
1697735040,10,20,4,64,15,7
1697735100,10,20,4,65,15,7
1697735160,10,20,4,66,15,7
1697735220,10,20,4,67,15,7
1697735280,10,20,4,68,15,7
1697735340,10,20,4,69,15,7
1697735400,10,20,4,70,15,7
1697735460,10,20,4,71,15,7
1697735520,10,20,4,72,15,7
1697735580,10,20,4,73,15,7
1697735640,10,20,4,74,15,7
1697735700,10,20,4,75,15,7
1697735760,10,20,4,76,15,7
1697735820,10,20,4,77,15,7
1697735880,10,20,4,78,15,8
1697735940,10,20,4,79,15,8
1697736060,10,20,4,81,15,8
1697736120,10,20,4,82,15,8
1697736180,10,20,4,83,15,8
1697736240,10,20,4,84,15,8
1697736300,10,20,4,85,15,8
1697736360,10,20,4,86,15,8
1697736420,10,20,4,87,15,8
1697736480,10,20,4,88,15,8
1697736540,10,20,4,89,15,8
1697736600,10,20,4,90,15,7
1697736660,10,20,4,91,15,7
1697736720,10,20,4,92,15,7
1697736780,10,20,4,93,15,7
1697736840,10,20,4,94,15,7
1697736900,10,20,4,95,15,7
1697736960,10,20,4,96,15,7
1697737020,10,20,4,97,15,7
1697737080,10,20,4,98,15,7
1697737140,10,20,4,99,15,7
1697737200,10,20,4,100,15,7
1697737260,10,20,4,101,15,7
1697737320,10,20,4,102,15,7
1697737380,10,20,4,103,15,7
1697737440,10,20,4,104,15,7
1697737500,10,20,4,105,15,7
1697737560,10,20,4,106,15,7
1697737620,10,20,4,107,15,7
1697737680,10,20,4,108,15,7
1697737740,10,20,4,109,15,7
1697737800,10,20,4,110,15,7
1697737860,10,20,4,111,15,7
1697737920,10,20,4,112,15,7
1697737980,10,20,4,113,15,7
1697738040,10,20,4,114,15,7
1697738100,10,20,4,115,15,7
1697738160,10,20,4,116,15,7
1697738220,10,20,4,117,15,7
1697738280,10,20,4,118,15,7
1697738340,10,20,4,119,15,7
1697738460,10,20,4,121,15,7
1697738520,10,20,4,122,15,7
1697738580,10,20,4,123,15,7
1697738640,10,20,4,124,15,7
1697738700,10,20,4,125,15,7
1697738760,10,20,4,126,15,7
1697738820,10,20,4,127,15,7
1697738880,10,20,4,128,15,7
1697738940,10,20,4,129,15,7
1697739000,10,20,4,130,15,7
1697739060,10,20,4,131,15,7
1697739120,10,20,4,132,15,7
1697739180,10,20,4,133,15,7
1697739240,10,20,4,134,15,7
1697739300,10,20,4,135,15,7
1697739360,10,20,4,136,15,7
1697739420,10,20,4,137,15,7
1697739480,10,20,4,138,15,7
1697739540,10,20,4,139,15,7
1697739660,10,20,4,141,15,7
1697739720,10,20,4,142,15,7
1697739780,10,20,4,143,15,7
1697739840,10,20,4,144,15,7
1697739900,10,20,4,145,15,6
1697739960,10,20,4,146,15,6
1697740020,10,20,4,147,15,6
1697740080,10,20,4,148,15,6
1697740140,10,20,4,149,15,6
1697740200,10,20,4,150,15,6
1697740260,10,20,4,151,15,6
1697740320,10,20,4,152,15,6
1697740380,10,20,4,153,15,6
1697740440,10,20,4,154,15,6
1697740500,10,20,4,155,15,6
1697740560,10,20,4,156,15,6
1697740620,10,20,4,157,15,6
1697740680,10,20,4,158,15,6
1697740740,10,20,4,159,15,6
1697740800,10,20,4,160,15,6
1697740860,10,20,4,161,15,6
1697740920,10,20,4,162,15,6
1697740980,10,20,4,163,15,6
1697741040,10,20,4,164,15,6
1697741100,10,20,4,165,15,6
1697741160,10,20,4,166,15,6
1697741220,10,20,4,167,15,6
1697741280,10,20,4,168,15,6
1697741340,10,20,4,169,15,6
1697741400,10,20,4,170,15,6
1697741460,10,20,4,171,15,6
1697741520,10,20,4,172,15,6
1697741580,10,20,4,173,15,6
1697741640,10,20,4,174,15,6
1697741700,10,20,4,175,15,6
1697741760,10,20,4,176,15,6
1697741820,10,20,4,177,15,6
1697741880,10,20,4,178,15,6
1697741940,10,20,4,179,15,6
1697742000,10,20,4,180,15,6
1697742060,10,20,4,181,15,6
1697742120,10,20,4,182,15,6
1697742180,10,20,4,183,15,6
1697742240,10,20,4,184,15,6
1697742300,10,20,4,185,15,6
1697742360,10,20,4,186,15,6
1697742420,10,20,4,187,15,6
1697742480,10,20,4,188,15,6
1697742540,10,20,4,189,15,6
1697742600,10,20,4,190,15,6
1697742660,10,20,4,191,15,6
1697742720,10,20,4,192,15,6
1697742780,10,20,4,193,15,6
1697742840,10,20,4,194,15,6
1697742900,10,20,4,195,15,6
1697742960,10,20,4,196,15,6
1697743020,10,20,4,197,15,6
1697743080,10,20,4,198,15,6
1697743140,10,20,4,199,15,6
1697743260,10,20,4,201,15,6
1697743320,10,20,4,202,15,6
1697743380,10,20,4,203,15,6
1697743440,10,20,4,204,15,6
1697743500,10,20,4,205,15,6
1697743560,10,20,4,206,15,6
1697743620,10,20,4,207,15,6
1697743680,10,20,4,208,15,6
1697743740,10,20,4,209,15,6
1697743800,10,20,4,210,15,6
1697743860,10,20,4,211,15,6
1697743920,10,20,4,212,15,6
1697743980,10,20,4,213,15,6
1697744040,10,20,4,214,15,6
1697744100,10,20,4,215,15,6
1697744160,10,20,4,216,15,6
1697744220,10,20,4,217,15,6
1697744280,10,20,4,218,15,6
1697744340,10,20,4,219,15,6
1697744400,10,20,4,220,15,6
1697744460,10,20,4,221,15,6
1697744520,10,20,4,222,15,6
1697744580,10,20,4,223,15,6
1697744640,10,20,4,224,15,6
1697744700,10,20,4,225,15,6
1697744760,10,20,4,226,15,6
1697744820,10,20,4,227,15,6
1697744880,10,20,4,228,15,6
1697744940,10,20,4,229,15,5
1697745000,10,20,4,230,15,5
1697745060,10,20,4,231,15,5
1697745120,10,20,4,232,15,5
1697745180,10,20,4,233,15,5
1697745240,10,20,4,234,15,5
1697745300,10,20,4,235,15,5
1697745360,10,20,4,236,15,5
1697745420,10,20,4,237,15,5
1697745480,10,20,4,238,15,5
1697745540,10,20,4,239,15,5
1697745600,10,20,4,240,15,5
1697745660,10,20,4,241,15,5
1697745720,10,20,4,242,15,5
1697745780,10,20,4,243,15,5
1697745840,10,20,4,244,15,5
1697745900,10,20,4,245,15,5
1697745960,10,20,4,246,15,5
1697746020,10,20,4,247,15,5
1697746080,10,20,4,248,15,5
1697746140,10,20,4,249,15,5
1697746200,10,20,4,250,15,5
1697746260,10,20,4,251,15,5
1697746320,10,20,4,252,15,5
1697746380,10,20,4,253,15,5
1697746440,10,20,4,254,15,5
1697746500,10,20,4,255,15,5
1697746560,10,20,4,256,15,5
1697746620,10,20,4,257,15,5
1697746680,10,20,4,258,15,5
1697746740,10,20,4,259,15,5
1697746860,10,20,4,261,15,5
1697746920,10,20,4,262,15,5
1697747040,10,20,4,264,15,5
1697747100,10,20,4,265,15,5
1697747160,10,20,4,266,15,5
1697747220,10,20,4,267,15,5
1697747280,10,20,4,268,15,5
1697747340,10,20,4,269,15,5
1697747400,10,20,4,270,15,5
1697747460,10,20,4,271,15,5
1697747520,10,20,4,272,15,5
1697747580,10,20,4,273,15,5
1697747640,10,20,4,274,15,5
1697747700,10,20,4,275,15,5
1697747760,10,20,4,276,15,5
1697747820,10,20,4,277,15,5
1697747880,10,20,4,278,15,5
1697747940,10,20,4,279,15,5
1697748000,10,20,4,280,15,5
1697748060,10,20,4,281,15,5
1697748120,10,20,4,282,15,5
1697748180,10,20,4,283,15,5
1697748240,10,20,4,284,15,5
1697748300,10,20,4,285,15,5
1697748360,10,20,4,286,15,5
1697748420,10,20,4,287,15,5
1697748480,10,20,4,288,15,5
1697748540,10,20,4,289,15,5
1697748600,10,20,4,290,15,5
1697748660,10,20,4,291,15,5
1697748720,10,20,4,292,15,5
1697748780,10,20,4,293,15,5
1697748840,10,20,4,294,15,5
1697748900,10,20,4,295,15,5
1697748960,10,20,4,296,15,5
1697749020,10,20,4,297,15,5
1697749080,10,20,4,298,15,5
1697749140,10,20,4,299,15,5
1697749200,10,20,4,300,15,5
1697749260,10,20,4,301,15,5
1697749320,10,20,4,302,15,5
1697749380,10,20,4,303,15,5
1697749440,10,20,4,304,15,5
1697749500,10,20,4,305,15,5
1697749560,10,20,4,306,15,5
1697749620,10,20,4,307,15,5
1697749680,10,20,4,308,15,5
1697749740,10,20,4,309,15,5
1697749800,10,20,4,310,15,5
1697749860,10,20,4,311,15,5
1697749920,10,20,4,312,15,5
1697749980,10,20,4,313,15,5
1697750040,10,20,4,314,15,5
1697750100,10,20,4,315,15,5
1697750160,10,20,4,316,15,5
1697750220,10,20,4,317,15,5
1697750280,10,20,4,318,15,5
1697750340,10,20,4,319,15,5
1697750460,10,20,4,321,15,5
1697750520,10,20,4,322,15,5
1697750580,10,20,4,323,15,5
1697750640,10,20,4,324,15,5
1697750700,10,20,4,325,15,5
1697750760,10,20,4,326,15,5
1697750820,10,20,4,327,15,5
1697750880,10,20,4,328,15,5
1697750940,10,20,4,329,15,5
1697751000,10,20,4,330,15,5
1697751060,10,20,4,331,15,5
1697751120,10,20,4,332,15,5
1697751180,10,20,4,333,15,5
1697751240,10,20,4,334,15,5
1697751300,10,20,4,335,15,5
1697751360,10,20,4,336,15,5
1697751420,10,20,4,337,15,5
1697751480,10,20,4,338,15,5
1697751540,10,20,4,339,15,5
1697751600,10,20,4,340,15,5
1697751660,10,20,4,341,15,5
1697751720,10,20,4,342,15,5
1697751780,10,20,4,343,15,5
1697751840,10,20,4,344,15,5
1697751900,10,20,4,345,15,5
1697751960,10,20,4,346,15,5
1697752020,10,20,4,347,15,5
1697752080,10,20,4,348,15,5
1697752140,10,20,4,349,15,5
1697752200,10,20,4,350,15,5
1697752260,10,20,4,351,15,5
1697752320,10,20,4,352,15,6
1697752380,10,20,4,353,15,6
1697752440,10,20,4,354,15,6
1697752500,10,20,4,355,15,6
1697752560,10,20,4,356,15,6
1697752620,10,20,4,357,15,6
1697752680,10,20,4,358,15,6
1697752740,10,20,4,359,15,6
1697752860,10,20,4,361,15,6
1697752920,10,20,4,362,15,6
1697752980,10,20,4,363,15,6
1697753040,10,20,4,364,15,6
1697753100,10,20,4,365,15,6
1697753160,10,20,4,366,15,6
1697753220,10,20,4,367,15,6
1697753280,10,20,4,368,15,6
1697753340,10,20,4,369,15,6
1697753400,10,20,4,370,15,7
1697753460,10,20,4,371,15,7
1697753520,10,20,4,372,15,7
1697753580,10,20,4,373,15,7
1697753640,10,20,4,374,15,7
1697753700,10,20,4,375,15,7
1697753760,10,20,4,376,15,7
1697753820,10,20,4,377,15,7
1697753880,10,20,4,378,15,7
1697753940,10,20,4,379,15,7
1697754060,10,20,4,381,15,7
1697754120,10,20,4,382,15,7
1697754180,10,20,4,383,15,7
1697754240,10,20,4,384,15,7
1697754300,10,20,4,385,15,7
1697754360,10,20,4,386,15,7
1697754420,10,20,4,387,15,7
1697754480,10,20,4,388,15,7
1697754540,10,20,4,389,15,7
1697754600,10,20,4,390,15,7
1697754660,10,20,4,391,15,8
1697754720,10,20,4,392,15,8
1697754780,10,20,4,393,15,8
1697754840,10,20,4,394,15,8
1697754900,10,20,4,395,15,8
1697754960,10,20,4,396,15,8
1697755020,10,20,4,397,15,8
1697755080,10,20,4,398,15,8
1697755140,10,20,4,399,15,8
1697755200,10,20,4,400,15,8
1697755260,10,20,4,401,15,8
1697755320,10,20,4,402,15,8
1697755380,10,20,4,403,15,8
1697755440,10,20,4,404,15,8
1697755500,10,20,4,405,15,7
1697755560,10,20,4,406,15,7
1697755620,10,20,4,407,15,7
1697755680,10,20,4,408,15,7
1697755740,10,20,4,409,15,7
1697755800,10,20,4,410,15,7
1697755860,10,20,4,411,15,7
1697755920,10,20,4,412,15,7
1697755980,10,20,4,413,15,7
1697756040,10,20,4,414,15,7
1697756100,10,20,4,415,15,7
1697756160,10,20,4,416,15,7
1697756220,10,20,4,417,15,7
1697756280,10,20,4,418,15,7
1697756340,10,20,4,419,15,7
1697756400,10,20,4,420,15,7
1697756520,10,20,4,422,15,7
1697756580,10,20,4,423,15,7
1697756640,10,20,4,424,15,7
1697756700,10,20,4,425,15,7
1697756760,10,20,4,426,15,7
1697756820,10,20,4,427,15,7
1697756880,10,20,4,428,15,7
1697756940,10,20,4,429,15,7
1697757000,10,20,4,430,15,7
1697757060,10,20,4,431,15,7
1697757120,10,20,4,432,15,7
1697757180,10,20,4,433,15,7
1697757240,10,20,4,434,15,7
1697757300,10,20,4,435,15,7
1697757360,10,20,4,436,15,7
1697757420,10,20,4,437,15,7
1697757480,10,20,4,438,15,7
1697757540,10,20,4,439,15,7
1697757660,10,20,4,441,15,7
1697757720,10,20,4,442,15,7
1697757780,10,20,4,443,15,7
1697757840,10,20,4,444,15,7
1697757900,10,20,4,445,15,7
1697757960,10,20,4,446,15,7
1697758020,10,20,4,447,15,7
1697758080,10,20,4,448,15,7
1697758140,10,20,4,449,15,7
1697758260,10,20,4,451,15,7
1697758320,10,20,4,452,15,6
1697758380,10,20,4,453,15,6
1697758440,10,20,4,454,15,6
1697758500,10,20,4,455,15,7
1697758560,10,20,4,456,15,7
1697758620,10,20,4,457,15,7
1697758680,10,20,4,458,15,8
1697758740,10,20,4,459,15,8
1697758800,10,20,4,460,15,8
1697758860,10,20,4,461,15,8
1697758920,10,20,4,462,15,9
1697758980,10,20,4,463,15,9
1697759040,10,20,4,464,15,8
1697759100,10,20,4,465,15,8
1697759160,10,20,4,466,15,9
1697759220,10,20,4,467,15,9
1697759280,10,20,4,468,15,8
1697759340,10,20,4,469,15,8
1697759400,10,20,4,470,15,6
1697759460,10,20,4,471,15,6
1697759520,10,20,4,472,15,6
1697759580,10,20,4,473,15,5
1697759640,10,20,4,474,15,5
1697759700,10,20,4,475,15,5
1697759760,10,20,4,476,15,5
1697759820,10,20,4,477,15,5
1697759880,10,20,4,478,15,6
1697759940,10,20,4,479,15,6
1697760060,10,20,4,481,15,6
1697760120,10,20,4,482,15,7
1697760180,10,20,4,483,15,7
1697760240,10,20,4,484,15,7
1697760300,10,20,4,485,15,7
1697760360,10,20,4,486,15,8
1697760420,10,20,4,487,15,7
1697760480,10,20,4,488,15,6
1697760540,10,20,4,489,15,6
1697760600,10,20,4,490,15,6
1697760660,10,20,4,491,15,6
1697760720,10,20,4,492,15,6
1697760780,10,20,4,493,15,6
1697760840,10,20,4,494,15,6
1697760900,10,20,4,495,15,5
1697760960,10,20,4,496,15,3
1697761020,10,20,4,497,15,2
1697761080,10,20,4,498,15,1
1697761140,10,20,4,499,15,1
1697761260,10,20,4,501,15,1
1697761320,10,20,4,502,15,1
1697761380,10,20,4,503,15,1
1697761440,10,20,4,504,15,0
1697761500,10,20,4,505,15,0
1697761560,10,20,4,506,15,0
1697761620,10,20,4,507,15,0
1697761680,10,20,4,508,15,0
1697761740,10,20,4,509,15,0
1697761860,10,20,4,511,15,0
1697761920,10,20,4,512,15,0
1697761980,10,20,4,513,15,0
1697762040,10,20,4,514,15,0
1697762100,10,20,4,515,15,0
1697762160,10,20,4,516,15,0
1697762220,10,20,4,517,15,0
1697762280,10,20,4,518,15,0
1697762340,10,20,4,519,15,0
1697762400,10,20,4,520,15,0
1697762460,10,20,4,521,15,0
1697762520,10,20,4,522,15,0
1697762580,10,20,4,523,15,1
1697762640,10,20,4,524,15,0
1697762700,10,20,4,525,15,2
1697762760,10,20,4,526,15,2
1697762820,10,20,4,527,15,2
1697762880,10,20,4,528,15,2
1697762940,10,20,4,529,15,0
1697763000,10,20,4,530,15,0
1697763060,10,20,4,531,15,0
1697763120,10,20,4,532,15,0
1697763180,10,20,4,533,15,1
1697763240,10,20,4,534,15,0
1697763300,10,20,4,535,15,0
1697763360,10,20,4,536,15,0
1697763420,10,20,4,537,15,0
1697763480,10,20,4,538,15,0
1697763540,10,20,4,539,15,2
1697763660,10,20,4,541,15,0
1697763720,10,20,4,542,15,0
1697763780,10,20,4,543,15,0
1697763840,10,20,4,544,15,0
1697763900,10,20,4,545,15,0
1697763960,10,20,4,546,15,0
1697764020,10,20,4,547,15,0
1697764080,10,20,4,548,15,0
1697764140,10,20,4,549,15,0
1697764200,10,20,4,550,15,0
1697764260,10,20,4,551,15,0
1697764320,10,20,4,552,15,0
1697764380,10,20,4,553,15,1
1697764440,10,20,4,554,15,0
1697764500,10,20,4,555,15,1
1697764560,10,20,4,556,15,2
1697764620,10,20,4,557,15,2
1697764680,10,20,4,558,15,0
1697764740,10,20,4,559,15,1
1697764860,10,20,4,561,15,0
1697764920,10,20,4,562,15,3
1697764980,10,20,4,563,15,3
1697765040,10,20,4,564,15,3
1697765100,10,20,4,565,15,2
1697765160,10,20,4,566,15,2
1697765220,10,20,4,567,15,0
1697765280,10,20,4,568,15,0
1697765340,10,20,4,569,15,0
1697765460,10,20,4,571,15,0
1697765520,10,20,4,572,15,0
1697765580,10,20,4,573,15,0
1697765640,10,20,4,574,15,1
1697765700,10,20,4,575,15,1
1697765760,10,20,4,576,15,0
1697765820,10,20,4,577,15,0
1697765880,10,20,4,578,15,0
1697765940,10,20,4,579,15,0
1697766000,10,20,4,580,15,0
1697766060,10,20,4,581,15,0
1697766120,10,20,4,582,15,1
1697766180,10,20,4,583,15,0
1697766240,10,20,4,584,15,0
1697766300,10,20,4,585,15,0
1697766360,10,20,4,586,15,0
1697766420,10,20,4,587,15,0
1697766480,10,20,4,588,15,0
1697766540,10,20,4,589,15,0
1697766600,10,20,4,590,15,0
1697766660,10,20,4,591,15,0
1697766720,10,20,4,592,15,0
1697766780,10,20,4,593,15,0
1697766840,10,20,4,594,15,0
1697766900,10,20,4,595,15,0
1697766960,10,20,4,596,15,0
1697767020,10,20,4,597,15,0
1697767080,10,20,4,598,15,0
1697767140,10,20,4,599,15,0
1697767260,10,20,4,601,15,0
1697767320,10,20,4,602,15,0
1697767380,10,20,4,603,15,0
1697767440,10,20,4,604,15,0
1697767500,10,20,4,605,15,1
1697767560,10,20,4,606,15,1
1697767620,10,20,4,607,15,0
1697767680,10,20,4,608,15,0
1697767740,10,20,4,609,15,1
1697767800,10,20,4,610,15,0
1697767860,10,20,4,611,15,0
1697767920,10,20,4,612,15,0
1697767980,10,20,4,613,15,0
1697768040,10,20,4,614,15,0
1697768100,10,20,4,615,15,1
1697768160,10,20,4,616,15,1
1697768220,10,20,4,617,15,1
1697768280,10,20,4,618,15,0
1697768340,10,20,4,619,15,0
1697768460,10,20,4,621,15,0
1697768520,10,20,4,622,15,0
1697768580,10,20,4,623,15,0
1697768640,10,20,4,624,15,0
1697768700,10,20,4,625,15,0
1697768760,10,20,4,626,15,0
1697768820,10,20,4,627,15,0
1697768880,10,20,4,628,15,0
1697768940,10,20,4,629,15,1
1697769060,10,20,4,631,15,0
1697769120,10,20,4,632,15,0
1697769180,10,20,4,633,15,0
1697769240,10,20,4,634,15,0
1697769300,10,20,4,635,15,0
1697769360,10,20,4,636,15,0
1697769480,10,20,4,638,15,0
1697769540,10,20,4,639,15,0
1697769600,10,20,4,640,15,0
1697769660,10,20,4,641,15,0
1697769720,10,20,4,642,15,1
1697769780,10,20,4,643,15,1
1697769840,10,20,4,644,15,1
1697769900,10,20,4,645,15,1
1697769960,10,20,4,646,15,1
1697770020,10,20,4,647,15,1
1697770080,10,20,4,648,15,1
1697770140,10,20,4,649,15,1
1697770200,10,20,4,650,15,1
1697770260,10,20,4,651,15,1
1697770320,10,20,4,652,15,0
1697770380,10,20,4,653,15,0
1697770440,10,20,4,654,15,0
1697770500,10,20,4,655,15,0
1697770560,10,20,4,656,15,0
1697770620,10,20,4,657,15,0
1697770680,10,20,4,658,15,0
1697770740,10,20,4,659,15,0
1697770860,10,20,4,661,15,0
1697770920,10,20,4,662,15,0
1697770980,10,20,4,663,15,0
1697771040,10,20,4,664,15,0
1697771100,10,20,4,665,15,1
1697771160,10,20,4,666,15,1
1697771220,10,20,4,667,15,1
1697771280,10,20,4,668,15,0
1697771340,10,20,4,669,15,0
1697771400,10,20,4,670,15,0
1697771460,10,20,4,671,15,0
1697771520,10,20,4,672,15,1
1697771580,10,20,4,673,15,1
1697771640,10,20,4,674,15,0
1697771700,10,20,4,675,15,0
1697771760,10,20,4,676,15,0
1697771820,10,20,4,677,15,0
1697771880,10,20,4,678,15,0
1697771940,10,20,4,679,15,0
1697772060,10,20,4,681,15,0
1697772120,10,20,4,682,15,0
1697772180,10,20,4,683,15,0
1697772240,10,20,4,684,15,0
1697772300,10,20,4,685,15,1
1697772360,10,20,4,686,15,2
1697772420,10,20,4,687,15,1
1697772480,10,20,4,688,15,0
1697772540,10,20,4,689,15,0
1697772660,10,20,4,691,15,0
1697772720,10,20,4,692,15,0
1697772780,10,20,4,693,15,0
1697772840,10,20,4,694,15,0
1697772900,10,20,4,695,15,0
1697772960,10,20,4,696,15,0
1697773020,10,20,4,697,15,0
1697773080,10,20,4,698,15,0
1697773140,10,20,4,699,15,1
1697773200,10,20,4,700,15,1
1697773260,10,20,4,701,15,1
1697773320,10,20,4,702,15,1
1697773380,10,20,4,703,15,0
1697773440,10,20,4,704,15,0
1697773500,10,20,4,705,15,0
1697773560,10,20,4,706,15,0
1697773620,10,20,4,707,15,0
1697773680,10,20,4,708,15,1
1697773740,10,20,4,709,15,2
1697773800,10,20,4,710,15,2
1697773860,10,20,4,711,15,2
1697773920,10,20,4,712,15,3
1697773980,10,20,4,713,15,2
1697774040,10,20,4,714,15,2
1697774100,10,20,4,715,15,2
1697774160,10,20,4,716,15,0
1697774220,10,20,4,717,15,0
1697774280,10,20,4,718,15,0
1697774340,10,20,4,719,15,0
1697774460,10,20,4,721,15,1
1697774520,10,20,4,722,15,1
1697774580,10,20,4,723,15,1
1697774640,10,20,4,724,15,1
1697774700,10,20,4,725,15,0
1697774760,10,20,4,726,15,0
1697774820,10,20,4,727,15,0
1697774880,10,20,4,728,15,0
1697774940,10,20,4,729,15,0
1697775000,10,20,4,730,15,0
1697775060,10,20,4,731,15,0
1697775120,10,20,4,732,15,3
1697775180,10,20,4,733,15,1
1697775240,10,20,4,734,15,0
1697775300,10,20,4,735,15,0
1697775360,10,20,4,736,15,0
1697775420,10,20,4,737,15,0
1697775480,10,20,4,738,15,0
1697775540,10,20,4,739,15,1
1697775660,10,20,4,741,15,0
1697775720,10,20,4,742,15,0
1697775780,10,20,4,743,15,0
1697775840,10,20,4,744,15,0
1697775900,10,20,4,745,15,0
1697775960,10,20,4,746,15,0
1697776020,10,20,4,747,15,0
1697776080,10,20,4,748,15,0
1697776140,10,20,4,749,15,1
1697776260,10,20,4,751,15,0
1697776320,10,20,4,752,15,0
1697776380,10,20,4,753,15,0
1697776440,10,20,4,754,15,0
1697776500,10,20,4,755,15,1
1697776560,10,20,4,756,15,1
1697776620,10,20,4,757,15,0
1697776680,10,20,4,758,15,0
1697776740,10,20,4,759,15,1
1697776800,10,20,4,760,15,1
1697776860,10,20,4,761,15,1
1697776920,10,20,4,762,15,1
1697776980,10,20,4,763,15,1
1697777040,10,20,4,764,15,1
1697777100,10,20,4,765,15,0
1697777160,10,20,4,766,15,0
1697777220,10,20,4,767,15,0
1697777280,10,20,4,768,15,0
1697777340,10,20,4,769,15,0
1697777400,10,20,4,770,15,0
1697777460,10,20,4,771,15,0
1697777520,10,20,4,772,15,0
1697777580,10,20,4,773,15,0
1697777640,10,20,4,774,15,0
1697777700,10,20,4,775,15,0
1697777760,10,20,4,776,15,0
1697777820,10,20,4,777,15,0
1697777880,10,20,4,778,15,0
1697777940,10,20,4,779,15,0
1697778060,10,20,4,781,15,0
1697778120,10,20,4,782,15,0
1697778180,10,20,4,783,15,0
1697778240,10,20,4,784,15,0
1697778300,10,20,4,785,15,0
1697778360,10,20,4,786,15,0
1697778420,10,20,4,787,15,0
1697778480,10,20,4,788,15,0
1697778540,10,20,4,789,15,0
1697778600,10,20,4,790,15,2
1697778660,10,20,4,791,15,1
1697778720,10,20,4,792,15,0
1697778780,10,20,4,793,15,0
1697778840,10,20,4,794,15,0
1697778900,10,20,4,795,15,0
1697778960,10,20,4,796,15,0
1697779020,10,20,4,797,15,0
1697779080,10,20,4,798,15,1
1697779140,10,20,4,799,15,1
1697779260,10,20,4,801,15,1
1697779320,10,20,4,802,15,0
1697779380,10,20,4,803,15,0
1697779440,10,20,4,804,15,0
1697779500,10,20,4,805,15,0
1697779560,10,20,4,806,15,1
1697779620,10,20,4,807,15,1
1697779680,10,20,4,808,15,1
1697779740,10,20,4,809,15,1
1697779800,10,20,4,810,15,1
1697779860,10,20,4,811,15,0
1697779920,10,20,4,812,15,0
1697779980,10,20,4,813,15,0
1697780040,10,20,4,814,15,1
1697780100,10,20,4,815,15,1
1697780160,10,20,4,816,15,0
1697780220,10,20,4,817,15,0
1697780280,10,20,4,818,15,0
1697780340,10,20,4,819,15,0
1697780400,10,20,4,820,15,0
1697780460,10,20,4,821,15,0
1697780520,10,20,4,822,15,0
1697780580,10,20,4,823,15,0
1697780640,10,20,4,824,15,0
1697780700,10,20,4,825,15,0
1697780760,10,20,4,826,15,0
1697780820,10,20,4,827,15,0
1697780880,10,20,4,828,15,0
1697780940,10,20,4,829,15,0
1697781000,10,20,4,830,15,0
1697781060,10,20,4,831,15,0
1697781120,10,20,4,832,15,0
1697781180,10,20,4,833,15,0
1697781240,10,20,4,834,15,0
1697781300,10,20,4,835,15,1
1697781360,10,20,4,836,15,0
1697781420,10,20,4,837,15,0
1697781480,10,20,4,838,15,1
1697781540,10,20,4,839,15,1
1697781660,10,20,4,841,15,0
1697781720,10,20,4,842,15,0
1697781780,10,20,4,843,15,0
1697781840,10,20,4,844,15,0
1697781900,10,20,4,845,15,0
1697781960,10,20,4,846,15,1
1697782020,10,20,4,847,15,0
1697782080,10,20,4,848,15,0
1697782140,10,20,4,849,15,0
1697782200,10,20,4,850,15,0
1697782260,10,20,4,851,15,0
1697782320,10,20,4,852,15,0
1697782380,10,20,4,853,15,0
1697782440,10,20,4,854,15,0
1697782500,10,20,4,855,15,0
1697782560,10,20,4,856,15,0
1697782620,10,20,4,857,15,0
1697782680,10,20,4,858,15,0
1697782740,10,20,4,859,15,0
1697782860,10,20,4,861,15,0
1697782920,10,20,4,862,15,0
1697782980,10,20,4,863,15,0
1697783040,10,20,4,864,15,0
1697783100,10,20,4,865,15,0
1697783160,10,20,4,866,15,0
1697783220,10,20,4,867,15,0
1697783280,10,20,4,868,15,0
1697783340,10,20,4,869,15,0
1697783400,10,20,4,870,15,0
1697783460,10,20,4,871,15,0
1697783520,10,20,4,872,15,0
1697783580,10,20,4,873,15,0
1697783640,10,20,4,874,15,0
1697783700,10,20,4,875,15,0
1697783760,10,20,4,876,15,0
1697783820,10,20,4,877,15,0
1697783880,10,20,4,878,15,1
1697783940,10,20,4,879,15,1
1697784000,10,20,4,880,15,1
1697784060,10,20,4,881,15,1
1697784120,10,20,4,882,15,1
1697784180,10,20,4,883,15,1
1697784240,10,20,4,884,15,1
1697784300,10,20,4,885,15,1
1697784360,10,20,4,886,15,0
1697784420,10,20,4,887,15,0
1697784480,10,20,4,888,15,0
1697784540,10,20,4,889,15,0
1697784600,10,20,4,890,15,0
1697784660,10,20,4,891,15,0
1697784720,10,20,4,892,15,0
1697784780,10,20,4,893,15,0
1697784840,10,20,4,894,15,0
1697784900,10,20,4,895,15,0
1697784960,10,20,4,896,15,0
1697785020,10,20,4,897,15,0
1697785080,10,20,4,898,15,0
1697785140,10,20,4,899,15,0
1697785260,10,20,4,901,15,0
1697785320,10,20,4,902,15,0
1697785380,10,20,4,903,15,0
1697785440,10,20,4,904,15,0
1697785500,10,20,4,905,15,0
1697785560,10,20,4,906,15,0
1697785620,10,20,4,907,15,0
1697785680,10,20,4,908,15,0
1697785740,10,20,4,909,15,0
1697785800,10,20,4,910,15,0
1697785860,10,20,4,911,15,0
1697785920,10,20,4,912,15,0
1697785980,10,20,4,913,15,0
1697786040,10,20,4,914,15,0
1697786100,10,20,4,915,15,0
1697786160,10,20,4,916,15,0
1697786220,10,20,4,917,15,0
1697786280,10,20,4,918,15,0
1697786340,10,20,4,919,15,0
1697786460,10,20,4,921,15,0
1697786520,10,20,4,922,15,0
1697786580,10,20,4,923,15,0
1697786640,10,20,4,924,15,0
1697786700,10,20,4,925,15,0
1697786760,10,20,4,926,15,0
1697786820,10,20,4,927,15,0
1697786880,10,20,4,928,15,0
1697786940,10,20,4,929,15,0
1697787000,10,20,4,930,15,0
1697787060,10,20,4,931,15,1
1697787120,10,20,4,932,15,1
1697787180,10,20,4,933,15,1
1697787240,10,20,4,934,15,2
1697787300,10,20,4,935,15,1
1697787360,10,20,4,936,15,1
1697787480,10,20,4,938,15,2
1697787540,10,20,4,939,15,2
1697787600,10,20,4,940,15,1
1697787660,10,20,4,941,15,1
1697787720,10,20,4,942,15,3
1697787780,10,20,4,943,15,3
1697787840,10,20,4,944,15,3
1697787900,10,20,4,945,15,2
1697787960,10,20,4,946,15,3
1697788020,10,20,4,947,15,3
1697788080,10,20,4,948,15,2
1697788140,10,20,4,949,15,2
1697788200,10,20,4,950,15,2
1697788260,10,20,4,951,15,2
1697788320,10,20,4,952,15,2
1697788380,10,20,4,953,15,1
1697788440,10,20,4,954,15,1
1697788500,10,20,4,955,15,1
1697788560,10,20,4,956,15,0
1697788620,10,20,4,957,15,0
1697788680,10,20,4,958,15,1
1697788740,10,20,4,959,15,2
1697788860,10,20,4,961,15,2
1697788920,10,20,4,962,15,2
1697788980,10,20,4,963,15,2
1697789040,10,20,4,964,15,1
1697789100,10,20,4,965,15,1
1697789160,10,20,4,966,15,0
1697789220,10,20,4,967,15,0
1697789280,10,20,4,968,15,0
1697789340,10,20,4,969,15,0
1697789400,10,20,4,970,15,0
1697789460,10,20,4,971,15,0
1697789520,10,20,4,972,15,0
1697789580,10,20,4,973,15,0
1697789640,10,20,4,974,15,0
1697789700,10,20,4,975,15,0
1697789760,10,20,4,976,15,0
1697789820,10,20,4,977,15,0
1697789880,10,20,4,978,15,0
1697789940,10,20,4,979,15,1
1697790060,10,20,4,981,15,0
1697790120,10,20,4,982,15,0
1697790180,10,20,4,983,15,0
1697790240,10,20,4,984,15,0
1697790300,10,20,4,985,15,0
1697790360,10,20,4,986,15,0
1697790420,10,20,4,987,15,0
1697790480,10,20,4,988,15,0
1697790540,10,20,4,989,15,0
1697790660,10,20,4,991,15,1
1697790720,10,20,4,992,15,0
1697790780,10,20,4,993,15,0
1697790840,10,20,4,994,15,0
1697790900,10,20,4,995,15,0
1697790960,10,20,4,996,15,0
1697791020,10,20,4,997,15,0
1697791080,10,20,4,998,15,0
1697791140,10,20,4,999,15,0
1697791200,10,20,4,1000,15,0
1697791260,10,20,4,1001,15,0
1697791320,10,20,4,1002,15,0
1697791380,10,20,4,1003,15,0
1697791440,10,20,4,1004,15,0
1697791500,10,20,4,1005,15,0
1697791560,10,20,4,1006,15,0
1697791620,10,20,4,1007,15,0
1697791680,10,20,4,1008,15,0
1697791740,10,20,4,1009,15,0
1697791800,10,20,4,1010,15,0
1697791860,10,20,4,1011,15,0
1697791920,10,20,4,1012,15,0
1697791980,10,20,4,1013,15,0
1697792040,10,20,4,1014,15,0
1697792100,10,20,4,1015,15,0
1697792160,10,20,4,1016,15,0
1697792220,10,20,4,1017,15,0
1697792280,10,20,4,1018,15,0
1697792340,10,20,4,1019,15,0
1697792460,10,20,4,1021,15,0
1697792520,10,20,4,1022,15,0
1697792580,10,20,4,1023,15,0
1697792640,10,20,4,1024,15,0
1697792700,10,20,4,1025,15,2
1697792760,10,20,4,1026,15,2
1697792820,10,20,4,1027,15,2
1697792880,10,20,4,1028,15,2
1697792940,10,20,4,1029,15,2
1697793000,10,20,4,1030,15,2
1697793060,10,20,4,1031,15,1
1697793120,10,20,4,1032,15,1
1697793180,10,20,4,1033,15,1
1697793240,10,20,4,1034,15,0
1697793300,10,20,4,1035,15,0
1697793360,10,20,4,1036,15,0
1697793420,10,20,4,1037,15,1
1697793480,10,20,4,1038,15,0
1697793540,10,20,4,1039,15,0
1697793660,10,20,4,1041,15,1
1697793720,10,20,4,1042,15,1
1697793780,10,20,4,1043,15,0
1697793840,10,20,4,1044,15,0
1697793900,10,20,4,1045,15,0
1697793960,10,20,4,1046,15,1
1697794020,10,20,4,1047,15,1
1697794080,10,20,4,1048,15,1
1697794140,10,20,4,1049,15,2
1697794260,10,20,4,1051,15,1
1697794320,10,20,4,1052,15,1
1697794380,10,20,4,1053,15,4
1697794440,10,20,4,1054,15,4
1697794500,10,20,4,1055,15,2
1697794560,10,20,4,1056,15,1
1697794620,10,20,4,1057,15,1
1697794680,10,20,4,1058,15,0
1697794740,10,20,4,1059,15,0
1697794800,10,20,4,1060,15,0
1697794860,10,20,4,1061,15,0
1697794920,10,20,4,1062,15,0
1697794980,10,20,4,1063,15,0
1697795040,10,20,4,1064,15,0
1697795100,10,20,4,1065,15,2
1697795160,10,20,4,1066,15,2
1697795220,10,20,4,1067,15,0
1697795280,10,20,4,1068,15,0
1697795340,10,20,4,1069,15,0
1697795400,10,20,4,1070,15,0
1697795460,10,20,4,1071,15,0
1697795520,10,20,4,1072,15,0
1697795580,10,20,4,1073,15,0
1697795640,10,20,4,1074,15,0
1697795700,10,20,4,1075,15,0
1697795760,10,20,4,1076,15,0
1697795820,10,20,4,1077,15,0
1697795880,10,20,4,1078,15,0
1697795940,10,20,4,1079,15,0
1697796060,10,20,4,1081,15,0
1697796120,10,20,4,1082,15,0
1697796180,10,20,4,1083,15,0
1697796240,10,20,4,1084,15,0
1697796300,10,20,4,1085,15,0
1697796360,10,20,4,1086,15,0
1697796420,10,20,4,1087,15,0
1697796480,10,20,4,1088,15,0
1697796540,10,20,4,1089,15,0
1697796600,10,20,4,1090,15,0
1697796660,10,20,4,1091,15,0
1697796720,10,20,4,1092,15,0
1697796780,10,20,4,1093,15,0
1697796840,10,20,4,1094,15,0
1697796900,10,20,4,1095,15,0
1697796960,10,20,4,1096,15,0
1697797020,10,20,4,1097,15,0
1697797080,10,20,4,1098,15,0
1697797140,10,20,4,1099,15,0
1697797260,10,20,4,1101,15,1
1697797320,10,20,4,1102,15,1
1697797380,10,20,4,1103,15,0
1697797440,10,20,4,1104,15,0
1697797500,10,20,4,1105,15,3
1697797560,10,20,4,1106,15,1
1697797620,10,20,4,1107,15,1
1697797680,10,20,4,1108,15,0
1697797740,10,20,4,1109,15,0
1697797860,10,20,4,1111,15,0
1697797920,10,20,4,1112,15,0
1697797980,10,20,4,1113,15,0
1697798040,10,20,4,1114,15,0
1697798100,10,20,4,1115,15,0
1697798160,10,20,4,1116,15,0
1697798220,10,20,4,1117,15,1
1697798280,10,20,4,1118,15,1
1697798340,10,20,4,1119,15,0
1697798400,10,20,4,1120,15,0
1697798460,10,20,4,1121,15,0
1697798520,10,20,4,1122,15,0
1697798580,10,20,4,1123,15,0
1697798640,10,20,4,1124,15,0
1697798700,10,20,4,1125,15,0
1697798760,10,20,4,1126,15,0
1697798820,10,20,4,1127,15,0
1697798880,10,20,4,1128,15,0
1697798940,10,20,4,1129,15,0
1697799000,10,20,4,1130,15,0
1697799060,10,20,4,1131,15,0
1697799120,10,20,4,1132,15,0
1697799180,10,20,4,1133,15,0
1697799240,10,20,4,1134,15,0
1697799300,10,20,4,1135,15,0
1697799360,10,20,4,1136,15,0
1697799420,10,20,4,1137,15,0
1697799480,10,20,4,1138,15,0
1697799540,10,20,4,1139,15,0
1697799660,10,20,4,1141,15,0
1697799720,10,20,4,1142,15,0
1697799780,10,20,4,1143,15,0
1697799840,10,20,4,1144,15,0
1697799900,10,20,4,1145,15,0
1697799960,10,20,4,1146,15,0
1697800020,10,20,4,1147,15,0
1697800080,10,20,4,1148,15,0
1697800140,10,20,4,1149,15,0
1697800200,10,20,4,1150,15,0
1697800260,10,20,4,1151,15,0
1697800320,10,20,4,1152,15,0
1697800380,10,20,4,1153,15,0
1697800440,10,20,4,1154,15,0
1697800500,10,20,4,1155,15,0
1697800560,10,20,4,1156,15,0
1697800620,10,20,4,1157,15,0
1697800680,10,20,4,1158,15,0
1697800740,10,20,4,1159,15,0
1697800860,10,20,4,1161,15,1
1697800920,10,20,4,1162,15,1
1697800980,10,20,4,1163,15,1
1697801040,10,20,4,1164,15,1
1697801100,10,20,4,1165,15,1
1697801160,10,20,4,1166,15,1
1697801220,10,20,4,1167,15,1
1697801280,10,20,4,1168,15,1
1697801340,10,20,4,1169,15,1
1697801460,10,20,4,1171,15,1
1697801520,10,20,4,1172,15,1
1697801580,10,20,4,1173,15,1
1697801640,10,20,4,1174,15,1
1697801700,10,20,4,1175,15,1
1697801760,10,20,4,1176,15,1
1697801820,10,20,4,1177,15,1
1697801880,10,20,4,1178,15,3
1697801940,10,20,4,1179,15,3
1697802000,10,20,4,1180,15,2
1697802060,10,20,4,1181,15,1
1697802120,10,20,4,1182,15,1
1697802180,10,20,4,1183,15,1
1697802240,10,20,4,1184,15,1
1697802300,10,20,4,1185,15,1
1697802360,10,20,4,1186,15,1
1697802420,10,20,4,1187,15,1
1697802480,10,20,4,1188,15,1
1697802540,10,20,4,1189,15,1
1697802600,10,20,4,1190,15,1
1697802660,10,20,4,1191,15,0
1697802720,10,20,4,1192,15,0
1697802780,10,20,4,1193,15,0
1697802840,10,20,4,1194,15,1
1697802900,10,20,4,1195,15,1
1697802960,10,20,4,1196,15,1
1697803020,10,20,4,1197,15,1
1697803080,10,20,4,1198,15,2
1697803140,10,20,4,1199,15,2
1697803260,10,20,4,1201,15,1
1697803320,10,20,4,1202,15,1
1697803380,10,20,4,1203,15,1
1697803440,10,20,4,1204,15,1
1697803500,10,20,4,1205,15,1
1697803560,10,20,4,1206,15,1
1697803620,10,20,4,1207,15,0
1697803680,10,20,4,1208,15,0
1697803740,10,20,4,1209,15,0
1697803800,10,20,4,1210,15,1
1697803860,10,20,4,1211,15,1
1697803920,10,20,4,1212,15,1
1697803980,10,20,4,1213,15,1
1697804040,10,20,4,1214,15,1
1697804100,10,20,4,1215,15,0
1697804160,10,20,4,1216,15,0
1697804220,10,20,4,1217,15,0
1697804280,10,20,4,1218,15,2
1697804340,10,20,4,1219,15,2
1697804400,10,20,4,1220,15,2
1697804520,10,20,4,1222,15,4
1697804580,10,20,4,1223,15,3
1697804640,10,20,4,1224,15,3
1697804700,10,20,4,1225,15,3
1697804760,10,20,4,1226,15,3
1697804820,10,20,4,1227,15,2
1697804880,10,20,4,1228,15,0
1697805000,10,20,4,1230,15,0
1697805060,10,20,4,1231,15,0
1697805120,10,20,4,1232,15,0
1697805180,10,20,4,1233,15,0
1697805240,10,20,4,1234,15,0
1697805300,10,20,4,1235,15,0
1697805360,10,20,4,1236,15,0
1697805420,10,20,4,1237,15,0
1697805480,10,20,4,1238,15,0
1697805540,10,20,4,1239,15,0
1697805600,10,20,4,1240,15,0
1697805660,10,20,4,1241,15,0
1697805720,10,20,4,1242,15,0
1697805780,10,20,4,1243,15,0
1697805840,10,20,4,1244,15,0
1697805900,10,20,4,1245,15,0
1697805960,10,20,4,1246,15,0
1697806020,10,20,4,1247,15,0
1697806080,10,20,4,1248,15,0
1697806140,10,20,4,1249,15,0
1697806200,10,20,4,1250,15,2
1697806260,10,20,4,1251,15,2
1697806320,10,20,4,1252,15,1
1697806380,10,20,4,1253,15,1
1697806440,10,20,4,1254,15,1
1697806500,10,20,4,1255,15,1
1697806560,10,20,4,1256,15,1
1697806620,10,20,4,1257,15,1
1697806680,10,20,4,1258,15,4
1697806740,10,20,4,1259,15,3
1697806860,10,20,4,1261,15,3
1697806920,10,20,4,1262,15,4
1697806980,10,20,4,1263,15,4
1697807040,10,20,4,1264,15,4
1697807100,10,20,4,1265,15,4
1697807160,10,20,4,1266,15,4
1697807220,10,20,4,1267,15,4
1697807280,10,20,4,1268,15,4
1697807340,10,20,4,1269,15,4
1697807400,10,20,4,1270,15,4
1697807460,10,20,4,1271,15,4
1697807520,10,20,4,1272,15,4
1697807580,10,20,4,1273,15,4
1697807640,10,20,4,1274,15,4
1697807700,10,20,4,1275,15,4
1697807760,10,20,4,1276,15,4
1697807820,10,20,4,1277,15,4
1697807880,10,20,4,1278,15,3
1697807940,10,20,4,1279,15,3
1697808060,10,20,4,1281,15,1
1697808120,10,20,4,1282,15,1
1697808180,10,20,4,1283,15,1
1697808240,10,20,4,1284,15,1
1697808300,10,20,4,1285,15,1
1697808360,10,20,4,1286,15,1
1697808420,10,20,4,1287,15,1
1697808480,10,20,4,1288,15,1
1697808540,10,20,4,1289,15,1
1697808660,10,20,4,1291,15,1
1697808720,10,20,4,1292,15,1
1697808780,10,20,4,1293,15,1
1697808840,10,20,4,1294,15,2
1697808900,10,20,4,1295,15,2
1697808960,10,20,4,1296,15,2
1697809020,10,20,4,1297,15,2
1697809080,10,20,4,1298,15,2
1697809140,10,20,4,1299,15,2
1697809200,10,20,4,1300,15,2
1697809260,10,20,4,1301,15,2
1697809320,10,20,4,1302,15,2
1697809380,10,20,4,1303,15,2
1697809440,10,20,4,1304,15,0
1697809500,10,20,4,1305,15,0
1697809560,10,20,4,1306,15,0
1697809620,10,20,4,1307,15,0
1697809680,10,20,4,1308,15,0
1697809740,10,20,4,1309,15,0
1697809800,10,20,4,1310,15,2
1697809860,10,20,4,1311,15,2
1697809920,10,20,4,1312,15,2
1697809980,10,20,4,1313,15,2
1697810040,10,20,4,1314,15,2
1697810100,10,20,4,1315,15,2
1697810160,10,20,4,1316,15,2
1697810220,10,20,4,1317,15,1
1697810280,10,20,4,1318,15,3
1697810340,10,20,4,1319,15,3
1697810400,10,20,4,1320,15,3
1697810520,10,20,4,1322,15,3
1697810580,10,20,4,1323,15,3
1697810640,10,20,4,1324,15,3
1697810700,10,20,4,1325,15,3
1697810760,10,20,4,1326,15,3
1697810820,10,20,4,1327,15,3
1697810880,10,20,4,1328,15,3
1697810940,10,20,4,1329,15,3
1697811000,10,20,4,1330,15,4
1697811060,10,20,4,1331,15,4
1697811120,10,20,4,1332,15,4
1697811180,10,20,4,1333,15,4
1697811240,10,20,4,1334,15,5
1697811300,10,20,4,1335,15,5
1697811360,10,20,4,1336,15,5
1697811420,10,20,4,1337,15,5
1697811480,10,20,4,1338,15,5
1697811540,10,20,4,1339,15,5
1697811660,10,20,4,1341,15,5
1697811720,10,20,4,1342,15,5
1697811780,10,20,4,1343,15,5
1697811840,10,20,4,1344,15,5
1697811900,10,20,4,1345,15,5
1697811960,10,20,4,1346,15,6
1697812020,10,20,4,1347,15,5
1697812080,10,20,4,1348,15,5
1697812140,10,20,4,1349,15,5
1697812200,10,20,4,1350,15,5
1697812260,10,20,4,1351,15,5
1697812320,10,20,4,1352,15,5
1697812380,10,20,4,1353,15,5
1697812440,10,20,4,1354,15,5
1697812500,10,20,4,1355,15,4
1697812560,10,20,4,1356,15,4
1697812620,10,20,4,1357,15,4
1697812680,10,20,4,1358,15,6
1697812740,10,20,4,1359,15,6
1697812800,10,20,4,1360,15,6
1697812860,10,20,4,1361,15,6
1697812920,10,20,4,1362,15,5
1697812980,10,20,4,1363,15,5
1697813040,10,20,4,1364,15,6
1697813100,10,20,4,1365,15,6
1697813160,10,20,4,1366,15,7
1697813220,10,20,4,1367,15,7
1697813280,10,20,4,1368,15,7
1697813340,10,20,4,1369,15,7
1697813400,10,20,4,1370,15,8
1697813460,10,20,4,1371,15,8
1697813520,10,20,4,1372,15,8
1697813580,10,20,4,1373,15,8
1697813640,10,20,4,1374,15,11
1697813700,10,20,4,1375,15,11
1697813760,10,20,4,1376,15,11
1697813820,10,20,4,1377,15,11
1697813880,10,20,4,1378,15,11
1697813940,10,20,4,1379,15,11
1697814060,10,20,4,1381,15,12
1697814120,10,20,4,1382,15,12
1697814180,10,20,4,1383,15,12
1697814240,10,20,4,1384,15,12
1697814300,10,20,4,1385,15,12
1697814360,10,20,4,1386,15,12
1697814420,10,20,4,1387,15,12
1697814480,10,20,4,1388,15,10
1697814540,10,20,4,1389,15,11
1697814600,10,20,4,1390,15,11
1697814660,10,20,4,1391,15,11
1697814720,10,20,4,1392,15,11
1697814780,10,20,4,1393,15,12
1697814840,10,20,4,1394,15,13
1697814900,10,20,4,1395,15,13
1697814960,10,20,4,1396,15,11
1697815020,10,20,4,1397,15,10
1697815080,10,20,4,1398,15,8
1697815140,10,20,4,1399,15,8
1697815260,10,20,4,1401,15,8
1697815320,10,20,4,1402,15,8
1697815380,10,20,4,1403,15,9
1697815440,10,20,4,1404,15,8
1697815500,10,20,4,1405,15,8
1697815560,10,20,4,1406,15,8
1697815620,10,20,4,1407,15,8
1697815680,10,20,4,1408,15,8
1697815740,10,20,4,1409,15,8
1697815800,10,20,4,1410,15,8
1697815860,10,20,4,1411,15,8
1697815920,10,20,4,1412,15,8
1697815980,10,20,4,1413,15,8
1697816040,10,20,4,1414,15,8
1697816100,10,20,4,1415,15,6
1697816160,10,20,4,1416,15,6
1697816220,10,20,4,1417,15,6
1697816280,10,20,4,1418,15,6
1697816340,10,20,4,1419,15,6
1697816400,10,20,4,1420,15,6
1697816460,10,20,4,1421,15,6
1697816520,10,20,4,1422,15,6
1697816580,10,20,4,1423,15,6
1697816640,10,20,4,1424,15,6
1697816700,10,20,4,1425,15,6
1697816760,10,20,4,1426,15,6
1697816820,10,20,4,1427,15,6
1697816880,10,20,4,1428,15,6
1697816940,10,20,4,1429,15,6
1697817000,10,20,4,1430,15,6
1697817060,10,20,4,1431,15,6
1697817120,10,20,4,1432,15,6
1697817180,10,20,4,1433,15,6
1697817240,10,20,4,1434,15,6
1697817300,10,20,4,1435,15,6
1697817360,10,20,4,1436,15,6
1697817420,10,20,4,1437,15,4
1697817480,10,20,4,1438,15,4
1697817540,10,20,4,1439,15,4
1698163200,10,25,2,0,15,5
1698163260,10,25,2,1,15,5
1698163320,10,25,2,2,15,5
1698163380,10,25,2,3,15,5
1698163440,10,25,2,4,15,5
1698163500,10,25,2,5,15,5
1698163560,10,25,2,6,15,4
1698163620,10,25,2,7,15,4
1698163680,10,25,2,8,15,4
1698163740,10,25,2,9,15,4
1698163800,10,25,2,10,15,4
1698163860,10,25,2,11,15,5
1698163920,10,25,2,12,15,5
1698163980,10,25,2,13,15,5
1698164040,10,25,2,14,15,5
1698164100,10,25,2,15,15,5
1698164160,10,25,2,16,15,5
1698164220,10,25,2,17,15,5
1698164280,10,25,2,18,15,5
1698164340,10,25,2,19,15,5
1698164460,10,25,2,21,15,5
1698164520,10,25,2,22,15,4
1698164580,10,25,2,23,15,4
1698164640,10,25,2,24,15,4
1698164700,10,25,2,25,15,4
1698164760,10,25,2,26,15,4
1698164820,10,25,2,27,15,4
1698164880,10,25,2,28,15,4
1698164940,10,25,2,29,15,4
1698165000,10,25,2,30,15,4
1698165060,10,25,2,31,15,5
1698165120,10,25,2,32,15,5
1698165180,10,25,2,33,15,6
1698165240,10,25,2,34,15,6
1698165300,10,25,2,35,15,7
1698165360,10,25,2,36,15,7
1698165420,10,25,2,37,15,7
1698165480,10,25,2,38,15,7
1698165540,10,25,2,39,15,7
1698165600,10,25,2,40,15,7
1698165660,10,25,2,41,15,7
1698165720,10,25,2,42,15,7
1698165780,10,25,2,43,15,7
1698165840,10,25,2,44,15,7
1698165900,10,25,2,45,15,7
1698165960,10,25,2,46,15,7
1698166020,10,25,2,47,15,7
1698166080,10,25,2,48,15,7
1698166140,10,25,2,49,15,7
1698166200,10,25,2,50,15,7
1698166260,10,25,2,51,15,7
1698166320,10,25,2,52,15,7
1698166380,10,25,2,53,15,7
1698166440,10,25,2,54,15,7
1698166500,10,25,2,55,15,7
1698166560,10,25,2,56,15,7
1698166620,10,25,2,57,15,7
1698166680,10,25,2,58,15,7
1698166740,10,25,2,59,15,9
1698166800,10,25,2,60,15,9
1698166860,10,25,2,61,15,9
1698166920,10,25,2,62,15,9
1698166980,10,25,2,63,15,10
1698167040,10,25,2,64,15,10
1698167100,10,25,2,65,15,10
1698167160,10,25,2,66,15,10
1698167220,10,25,2,67,15,10
1698167280,10,25,2,68,15,10
1698167340,10,25,2,69,15,10
1698167400,10,25,2,70,15,10
1698167460,10,25,2,71,15,10
1698167520,10,25,2,72,15,10
1698167580,10,25,2,73,15,10
1698167640,10,25,2,74,15,10
1698167700,10,25,2,75,15,10
1698167760,10,25,2,76,15,11
1698167820,10,25,2,77,15,11
1698167880,10,25,2,78,15,11
1698167940,10,25,2,79,15,11
1698168060,10,25,2,81,15,11
1698168120,10,25,2,82,15,11
1698168180,10,25,2,83,15,11
1698168240,10,25,2,84,15,11
1698168300,10,25,2,85,15,11
1698168360,10,25,2,86,15,11
1698168420,10,25,2,87,15,11
1698168480,10,25,2,88,15,11
1698168540,10,25,2,89,15,11
1698168600,10,25,2,90,15,11
1698168660,10,25,2,91,15,11
1698168720,10,25,2,92,15,10
1698168780,10,25,2,93,15,10
1698168840,10,25,2,94,15,10
1698168900,10,25,2,95,15,10
1698168960,10,25,2,96,15,10
1698169020,10,25,2,97,15,10
1698169080,10,25,2,98,15,10
1698169200,10,25,2,100,15,10
1698169260,10,25,2,101,15,10
1698169320,10,25,2,102,15,10
1698169380,10,25,2,103,15,10
1698169440,10,25,2,104,15,10
1698169500,10,25,2,105,15,10
1698169560,10,25,2,106,15,10
1698169620,10,25,2,107,15,10
1698169680,10,25,2,108,15,10
1698169740,10,25,2,109,15,10
1698169800,10,25,2,110,15,10
1698169860,10,25,2,111,15,10
1698169920,10,25,2,112,15,10
1698169980,10,25,2,113,15,10
1698170040,10,25,2,114,15,10
1698170100,10,25,2,115,15,10
1698170160,10,25,2,116,15,10
1698170220,10,25,2,117,15,10
1698170280,10,25,2,118,15,10
1698170340,10,25,2,119,15,10
1698170460,10,25,2,121,15,10
1698170520,10,25,2,122,15,10
1698170580,10,25,2,123,15,10
1698170640,10,25,2,124,15,10
1698170700,10,25,2,125,15,10
1698170760,10,25,2,126,15,10
1698170820,10,25,2,127,15,10
1698170880,10,25,2,128,15,10
1698170940,10,25,2,129,15,10
1698171000,10,25,2,130,15,10
1698171060,10,25,2,131,15,10
1698171120,10,25,2,132,15,10
1698171180,10,25,2,133,15,10
1698171240,10,25,2,134,15,10
1698171300,10,25,2,135,15,10
1698171360,10,25,2,136,15,10
1698171420,10,25,2,137,15,10
1698171480,10,25,2,138,15,10
1698171540,10,25,2,139,15,10
1698171660,10,25,2,141,15,10
1698171720,10,25,2,142,15,11
1698171780,10,25,2,143,15,11
1698171840,10,25,2,144,15,11
1698171900,10,25,2,145,15,11
1698171960,10,25,2,146,15,11
1698172020,10,25,2,147,15,11
1698172080,10,25,2,148,15,11
1698172140,10,25,2,149,15,11
1698172200,10,25,2,150,15,11
1698172260,10,25,2,151,15,11
1698172320,10,25,2,152,15,11
1698172380,10,25,2,153,15,11
1698172440,10,25,2,154,15,11
1698172500,10,25,2,155,15,11
1698172560,10,25,2,156,15,11
1698172620,10,25,2,157,15,11
1698172680,10,25,2,158,15,11
1698172740,10,25,2,159,15,11
1698172800,10,25,2,160,15,11
1698172860,10,25,2,161,15,11
1698172920,10,25,2,162,15,11
1698172980,10,25,2,163,15,11
1698173040,10,25,2,164,15,11
1698173100,10,25,2,165,15,11
1698173160,10,25,2,166,15,11
1698173220,10,25,2,167,15,11
1698173280,10,25,2,168,15,11
1698173340,10,25,2,169,15,11
1698173400,10,25,2,170,15,11
1698173460,10,25,2,171,15,11
1698173520,10,25,2,172,15,11
1698173580,10,25,2,173,15,11
1698173640,10,25,2,174,15,11
1698173700,10,25,2,175,15,11
1698173760,10,25,2,176,15,11
1698173820,10,25,2,177,15,11
1698173880,10,25,2,178,15,11
1698173940,10,25,2,179,15,11
1698174000,10,25,2,180,15,11
1698174060,10,25,2,181,15,11
1698174120,10,25,2,182,15,11
1698174180,10,25,2,183,15,11
1698174240,10,25,2,184,15,11
1698174300,10,25,2,185,15,11
1698174360,10,25,2,186,15,11
1698174420,10,25,2,187,15,11
1698174480,10,25,2,188,15,12
1698174540,10,25,2,189,15,11
1698174600,10,25,2,190,15,11
1698174660,10,25,2,191,15,11
1698174720,10,25,2,192,15,11
1698174780,10,25,2,193,15,11
1698174840,10,25,2,194,15,11
1698174900,10,25,2,195,15,11
1698174960,10,25,2,196,15,8
1698175020,10,25,2,197,15,8
1698175080,10,25,2,198,15,8
1698175140,10,25,2,199,15,8
1698175260,10,25,2,201,15,8
1698175320,10,25,2,202,15,8
1698175380,10,25,2,203,15,8
1698175440,10,25,2,204,15,8
1698175500,10,25,2,205,15,8
1698175560,10,25,2,206,15,8
1698175620,10,25,2,207,15,8
1698175680,10,25,2,208,15,8
1698175740,10,25,2,209,15,8
1698175800,10,25,2,210,15,8
1698175860,10,25,2,211,15,8
1698175920,10,25,2,212,15,8
1698175980,10,25,2,213,15,8
1698176040,10,25,2,214,15,8
1698176100,10,25,2,215,15,8
1698176160,10,25,2,216,15,8
1698176220,10,25,2,217,15,8
1698176280,10,25,2,218,15,8
1698176340,10,25,2,219,15,8
1698176400,10,25,2,220,15,8
1698176460,10,25,2,221,15,8
1698176520,10,25,2,222,15,8
1698176580,10,25,2,223,15,8
1698176640,10,25,2,224,15,8
1698176700,10,25,2,225,15,8
1698176760,10,25,2,226,15,8
1698176820,10,25,2,227,15,8
1698176880,10,25,2,228,15,8
1698176940,10,25,2,229,15,8
1698177000,10,25,2,230,15,8
1698177060,10,25,2,231,15,8
1698177120,10,25,2,232,15,8
1698177180,10,25,2,233,15,8
1698177240,10,25,2,234,15,8
1698177300,10,25,2,235,15,8
1698177360,10,25,2,236,15,8
1698177420,10,25,2,237,15,8
1698177480,10,25,2,238,15,8
1698177540,10,25,2,239,15,8
1698177660,10,25,2,241,15,8
1698177720,10,25,2,242,15,8
1698177780,10,25,2,243,15,8
1698177840,10,25,2,244,15,8
1698177900,10,25,2,245,15,8
1698177960,10,25,2,246,15,8
1698178020,10,25,2,247,15,8
1698178080,10,25,2,248,15,8
1698178140,10,25,2,249,15,8
1698178200,10,25,2,250,15,8
1698178260,10,25,2,251,15,8
1698178320,10,25,2,252,15,8
1698178380,10,25,2,253,15,8
1698178440,10,25,2,254,15,8
1698178500,10,25,2,255,15,8
1698178560,10,25,2,256,15,8
1698178620,10,25,2,257,15,8
1698178680,10,25,2,258,15,7
1698178740,10,25,2,259,15,7
1698178860,10,25,2,261,15,7
1698178920,10,25,2,262,15,7
1698178980,10,25,2,263,15,7
1698179040,10,25,2,264,15,7
1698179100,10,25,2,265,15,7
1698179160,10,25,2,266,15,7
1698179220,10,25,2,267,15,7
1698179280,10,25,2,268,15,7
1698179340,10,25,2,269,15,7
1698179400,10,25,2,270,15,7
1698179460,10,25,2,271,15,6
1698179520,10,25,2,272,15,6
1698179580,10,25,2,273,15,6
1698179640,10,25,2,274,15,6
1698179700,10,25,2,275,15,6
1698179760,10,25,2,276,15,6
1698179820,10,25,2,277,15,6
1698179880,10,25,2,278,15,6
1698179940,10,25,2,279,15,7
1698180000,10,25,2,280,15,7
1698180060,10,25,2,281,15,7
1698180120,10,25,2,282,15,7
1698180180,10,25,2,283,15,7
1698180240,10,25,2,284,15,7
1698180300,10,25,2,285,15,7
1698180360,10,25,2,286,15,7
1698180420,10,25,2,287,15,7
1698180480,10,25,2,288,15,7
1698180540,10,25,2,289,15,7
1698180600,10,25,2,290,15,7
1698180660,10,25,2,291,15,7
1698180720,10,25,2,292,15,7
1698180780,10,25,2,293,15,7
1698180840,10,25,2,294,15,7
1698180900,10,25,2,295,15,7
1698180960,10,25,2,296,15,7
1698181020,10,25,2,297,15,7
1698181080,10,25,2,298,15,7
1698181140,10,25,2,299,15,7
1698181200,10,25,2,300,15,7
1698181260,10,25,2,301,15,7
1698181320,10,25,2,302,15,7
1698181380,10,25,2,303,15,7
1698181440,10,25,2,304,15,7
1698181500,10,25,2,305,15,7
1698181560,10,25,2,306,15,7
1698181620,10,25,2,307,15,7
1698181680,10,25,2,308,15,7
1698181740,10,25,2,309,15,7
1698181800,10,25,2,310,15,7
1698181860,10,25,2,311,15,7
1698181920,10,25,2,312,15,6
1698181980,10,25,2,313,15,6
1698182040,10,25,2,314,15,6
1698182100,10,25,2,315,15,6
1698182160,10,25,2,316,15,6
1698182220,10,25,2,317,15,7
1698182280,10,25,2,318,15,7
1698182340,10,25,2,319,15,7
1698182460,10,25,2,321,15,7
1698182520,10,25,2,322,15,7
1698182580,10,25,2,323,15,7
1698182640,10,25,2,324,15,7
1698182700,10,25,2,325,15,7
1698182760,10,25,2,326,15,7
1698182820,10,25,2,327,15,7
1698182880,10,25,2,328,15,7
1698182940,10,25,2,329,15,7
1698183000,10,25,2,330,15,7
1698183060,10,25,2,331,15,8
1698183120,10,25,2,332,15,8
1698183180,10,25,2,333,15,8
1698183240,10,25,2,334,15,8
1698183300,10,25,2,335,15,8
1698183360,10,25,2,336,15,8
1698183420,10,25,2,337,15,8
1698183480,10,25,2,338,15,8
1698183540,10,25,2,339,15,8
1698183600,10,25,2,340,15,8
1698183660,10,25,2,341,15,8
1698183720,10,25,2,342,15,8
1698183780,10,25,2,343,15,8
1698183840,10,25,2,344,15,8
1698183900,10,25,2,345,15,8
1698183960,10,25,2,346,15,8
1698184020,10,25,2,347,15,8
1698184080,10,25,2,348,15,8
1698184140,10,25,2,349,15,8
1698184200,10,25,2,350,15,8
1698184260,10,25,2,351,15,8
1698184320,10,25,2,352,15,8
1698184380,10,25,2,353,15,8
1698184440,10,25,2,354,15,8
1698184500,10,25,2,355,15,8
1698184560,10,25,2,356,15,8
1698184620,10,25,2,357,15,8
1698184680,10,25,2,358,15,8
1698184740,10,25,2,359,15,8
1698184800,10,25,2,360,15,8
1698184860,10,25,2,361,15,8
1698184920,10,25,2,362,15,8
1698184980,10,25,2,363,15,8
1698185040,10,25,2,364,15,8
1698185100,10,25,2,365,15,8
1698185160,10,25,2,366,15,8
1698185220,10,25,2,367,15,8
1698185280,10,25,2,368,15,8
1698185340,10,25,2,369,15,8
1698185400,10,25,2,370,15,8
1698185460,10,25,2,371,15,8
1698185520,10,25,2,372,15,8
1698185580,10,25,2,373,15,8
1698185640,10,25,2,374,15,8
1698185700,10,25,2,375,15,9
1698185760,10,25,2,376,15,9
1698185880,10,25,2,378,15,9
1698185940,10,25,2,379,15,9
1698186060,10,25,2,381,15,9
1698186120,10,25,2,382,15,9
1698186180,10,25,2,383,15,9
1698186240,10,25,2,384,15,9
1698186300,10,25,2,385,15,9
1698186360,10,25,2,386,15,9
1698186420,10,25,2,387,15,9
1698186480,10,25,2,388,15,9
1698186540,10,25,2,389,15,9
1698186600,10,25,2,390,15,9
1698186660,10,25,2,391,15,11
1698186720,10,25,2,392,15,11
1698186780,10,25,2,393,15,11
1698186840,10,25,2,394,15,11
1698186900,10,25,2,395,15,11
1698186960,10,25,2,396,15,11
1698187020,10,25,2,397,15,11
1698187080,10,25,2,398,15,11
1698187140,10,25,2,399,15,11
1698187200,10,25,2,400,15,11
1698187260,10,25,2,401,15,11
1698187320,10,25,2,402,15,11
1698187380,10,25,2,403,15,11
1698187440,10,25,2,404,15,11
1698187500,10,25,2,405,15,11
1698187560,10,25,2,406,15,11
1698187620,10,25,2,407,15,11
1698187680,10,25,2,408,15,11
1698187740,10,25,2,409,15,11
1698187800,10,25,2,410,15,11
1698187860,10,25,2,411,15,11
1698187920,10,25,2,412,15,10
1698187980,10,25,2,413,15,10
1698188040,10,25,2,414,15,10
1698188100,10,25,2,415,15,10
1698188160,10,25,2,416,15,10
1698188220,10,25,2,417,15,10
1698188280,10,25,2,418,15,9
1698188340,10,25,2,419,15,9
1698188400,10,25,2,420,15,9
1698188520,10,25,2,422,15,9
1698188580,10,25,2,423,15,9
1698188700,10,25,2,425,15,8
1698188760,10,25,2,426,15,8
1698188820,10,25,2,427,15,8
1698188880,10,25,2,428,15,8
1698188940,10,25,2,429,15,8
1698189000,10,25,2,430,15,7
1698189060,10,25,2,431,15,7
1698189120,10,25,2,432,15,6
1698189180,10,25,2,433,15,6
1698189240,10,25,2,434,15,6
1698189300,10,25,2,435,15,6
1698189360,10,25,2,436,15,6
1698189420,10,25,2,437,15,6
1698189480,10,25,2,438,15,6
1698189540,10,25,2,439,15,6
1698189600,10,25,2,440,15,6
1698189720,10,25,2,442,15,7
1698189780,10,25,2,443,15,7
1698189840,10,25,2,444,15,7
1698189900,10,25,2,445,15,8
1698189960,10,25,2,446,15,7
1698190020,10,25,2,447,15,7
1698190080,10,25,2,448,15,7
1698190140,10,25,2,449,15,7
1698190260,10,25,2,451,15,6
1698190320,10,25,2,452,15,7
1698190380,10,25,2,453,15,6
1698190440,10,25,2,454,15,6
1698190500,10,25,2,455,15,6
1698190560,10,25,2,456,15,6
1698190620,10,25,2,457,15,6
1698190680,10,25,2,458,15,8
1698190740,10,25,2,459,15,8
1698190800,10,25,2,460,15,8
1698190860,10,25,2,461,15,8
1698190920,10,25,2,462,15,8
1698190980,10,25,2,463,15,8
1698191040,10,25,2,464,15,6
1698191100,10,25,2,465,15,5
1698191160,10,25,2,466,15,5
1698191220,10,25,2,467,15,4
1698191280,10,25,2,468,15,4
1698191340,10,25,2,469,15,5
1698191400,10,25,2,470,15,4
1698191460,10,25,2,471,15,4
1698191520,10,25,2,472,15,4
1698191580,10,25,2,473,15,4
1698191640,10,25,2,474,15,5
1698191700,10,25,2,475,15,5
1698191760,10,25,2,476,15,5
1698191820,10,25,2,477,15,5
1698191880,10,25,2,478,15,5
1698191940,10,25,2,479,15,5
1698192060,10,25,2,481,15,5
1698192120,10,25,2,482,15,5
1698192180,10,25,2,483,15,5
1698192240,10,25,2,484,15,3
1698192300,10,25,2,485,15,4
1698192360,10,25,2,486,15,4
1698192420,10,25,2,487,15,4
1698192480,10,25,2,488,15,5
1698192540,10,25,2,489,15,4
1698192600,10,25,2,490,15,3
1698192660,10,25,2,491,15,2
1698192720,10,25,2,492,15,2
1698192780,10,25,2,493,15,2
1698192840,10,25,2,494,15,2
1698192900,10,25,2,495,15,3
1698192960,10,25,2,496,15,3
1698193020,10,25,2,497,15,3
1698193080,10,25,2,498,15,2
1698193140,10,25,2,499,15,3
1698193200,10,25,2,500,15,3
1698193320,10,25,2,502,15,3
1698193380,10,25,2,503,15,3
1698193440,10,25,2,504,15,3
1698193500,10,25,2,505,15,2
1698193560,10,25,2,506,15,2
1698193620,10,25,2,507,15,1
1698193680,10,25,2,508,15,1
1698193740,10,25,2,509,15,2
1698193860,10,25,2,511,15,2
1698193920,10,25,2,512,15,3
1698193980,10,25,2,513,15,3
1698194040,10,25,2,514,15,3
1698194100,10,25,2,515,15,3
1698194160,10,25,2,516,15,3
1698194220,10,25,2,517,15,2
1698194280,10,25,2,518,15,2
1698194340,10,25,2,519,15,3
1698194400,10,25,2,520,15,1
1698194460,10,25,2,521,15,1
1698194520,10,25,2,522,15,2
1698194580,10,25,2,523,15,1
1698194640,10,25,2,524,15,1
1698194700,10,25,2,525,15,1
1698194760,10,25,2,526,15,2
1698194820,10,25,2,527,15,0
1698194880,10,25,2,528,15,0
1698194940,10,25,2,529,15,0
1698195000,10,25,2,530,15,0
1698195060,10,25,2,531,15,0
1698195120,10,25,2,532,15,0
1698195180,10,25,2,533,15,0
1698195240,10,25,2,534,15,0
1698195300,10,25,2,535,15,0
1698195360,10,25,2,536,15,1
1698195420,10,25,2,537,15,1
1698195480,10,25,2,538,15,0
1698195540,10,25,2,539,15,0
1698195660,10,25,2,541,15,0
1698195720,10,25,2,542,15,1
1698195780,10,25,2,543,15,0
1698195840,10,25,2,544,15,0
1698195900,10,25,2,545,15,1
1698195960,10,25,2,546,15,0
1698196020,10,25,2,547,15,0
1698196080,10,25,2,548,15,0
1698196140,10,25,2,549,15,0
1698196200,10,25,2,550,15,0
1698196260,10,25,2,551,15,0
1698196320,10,25,2,552,15,0
1698196380,10,25,2,553,15,0
1698196440,10,25,2,554,15,0
1698196500,10,25,2,555,15,0
1698196560,10,25,2,556,15,0
1698196620,10,25,2,557,15,0
1698196680,10,25,2,558,15,0
1698196740,10,25,2,559,15,0
1698196860,10,25,2,561,15,0
1698196920,10,25,2,562,15,1
1698196980,10,25,2,563,15,0
1698197040,10,25,2,564,15,0
1698197100,10,25,2,565,15,3
1698197160,10,25,2,566,15,2
1698197220,10,25,2,567,15,2
1698197280,10,25,2,568,15,2
1698197340,10,25,2,569,15,0
1698197460,10,25,2,571,15,0
1698197520,10,25,2,572,15,1
1698197580,10,25,2,573,15,1
1698197640,10,25,2,574,15,1
1698197700,10,25,2,575,15,0
1698197760,10,25,2,576,15,0
1698197820,10,25,2,577,15,0
1698197880,10,25,2,578,15,0
1698197940,10,25,2,579,15,2
1698198000,10,25,2,580,15,1
1698198060,10,25,2,581,15,1
1698198120,10,25,2,582,15,1
1698198180,10,25,2,583,15,0
1698198240,10,25,2,584,15,0
1698198300,10,25,2,585,15,0
1698198360,10,25,2,586,15,0
1698198420,10,25,2,587,15,0
1698198480,10,25,2,588,15,0
1698198540,10,25,2,589,15,1
1698198600,10,25,2,590,15,1
1698198660,10,25,2,591,15,1
1698198720,10,25,2,592,15,1
1698198780,10,25,2,593,15,1
1698198840,10,25,2,594,15,0
1698198900,10,25,2,595,15,0
1698198960,10,25,2,596,15,0
1698199020,10,25,2,597,15,0
1698199080,10,25,2,598,15,0
1698199140,10,25,2,599,15,0
1698199260,10,25,2,601,15,0
1698199320,10,25,2,602,15,2
1698199380,10,25,2,603,15,2
1698199440,10,25,2,604,15,2
1698199500,10,25,2,605,15,1
1698199560,10,25,2,606,15,1
1698199620,10,25,2,607,15,0
1698199680,10,25,2,608,15,0
1698199740,10,25,2,609,15,0
1698199800,10,25,2,610,15,0
1698199860,10,25,2,611,15,0
1698199920,10,25,2,612,15,0
1698199980,10,25,2,613,15,0
1698200040,10,25,2,614,15,0
1698200100,10,25,2,615,15,0
1698200160,10,25,2,616,15,0
1698200220,10,25,2,617,15,0
1698200280,10,25,2,618,15,0
1698200340,10,25,2,619,15,0
1698200460,10,25,2,621,15,0
1698200520,10,25,2,622,15,1
1698200580,10,25,2,623,15,1
1698200640,10,25,2,624,15,1
1698200700,10,25,2,625,15,1
1698200760,10,25,2,626,15,1
1698200820,10,25,2,627,15,1
1698200880,10,25,2,628,15,1
1698200940,10,25,2,629,15,0
1698201060,10,25,2,631,15,0
1698201120,10,25,2,632,15,0
1698201180,10,25,2,633,15,0
1698201240,10,25,2,634,15,0
1698201300,10,25,2,635,15,0
1698201360,10,25,2,636,15,0
1698201420,10,25,2,637,15,0
1698201480,10,25,2,638,15,0
1698201540,10,25,2,639,15,0
1698201600,10,25,2,640,15,0
1698201660,10,25,2,641,15,0
1698201720,10,25,2,642,15,1
1698201780,10,25,2,643,15,1
1698201840,10,25,2,644,15,1
1698201900,10,25,2,645,15,1
1698201960,10,25,2,646,15,1
1698202020,10,25,2,647,15,1
1698202080,10,25,2,648,15,0
1698202140,10,25,2,649,15,1
1698202200,10,25,2,650,15,1
1698202260,10,25,2,651,15,1
1698202320,10,25,2,652,15,1
1698202380,10,25,2,653,15,1
1698202440,10,25,2,654,15,1
1698202500,10,25,2,655,15,1
1698202560,10,25,2,656,15,1
1698202620,10,25,2,657,15,2
1698202680,10,25,2,658,15,2
1698202740,10,25,2,659,15,2
1698202800,10,25,2,660,15,2
1698202920,10,25,2,662,15,2
1698202980,10,25,2,663,15,2
1698203040,10,25,2,664,15,3
1698203100,10,25,2,665,15,4
1698203220,10,25,2,667,15,3
1698203280,10,25,2,668,15,3
1698203340,10,25,2,669,15,3
1698203400,10,25,2,670,15,3
1698203460,10,25,2,671,15,3
1698203520,10,25,2,672,15,3
1698203580,10,25,2,673,15,3
1698203640,10,25,2,674,15,4
1698203700,10,25,2,675,15,5
1698203760,10,25,2,676,15,5
1698203820,10,25,2,677,15,5
1698203880,10,25,2,678,15,5
1698203940,10,25,2,679,15,5
1698204060,10,25,2,681,15,5
1698204120,10,25,2,682,15,5
1698204180,10,25,2,683,15,5
1698204240,10,25,2,684,15,5
1698204300,10,25,2,685,15,4
1698204360,10,25,2,686,15,3
1698204420,10,25,2,687,15,3
1698204480,10,25,2,688,15,3
1698204540,10,25,2,689,15,3
1698204600,10,25,2,690,15,3
1698204660,10,25,2,691,15,3
1698204720,10,25,2,692,15,4
1698204780,10,25,2,693,15,4
1698204840,10,25,2,694,15,4
1698204900,10,25,2,695,15,4
1698204960,10,25,2,696,15,4
1698205020,10,25,2,697,15,4
1698205080,10,25,2,698,15,3
1698205140,10,25,2,699,15,4
1698205200,10,25,2,700,15,4
1698205260,10,25,2,701,15,3
1698205320,10,25,2,702,15,3
1698205380,10,25,2,703,15,2
1698205440,10,25,2,704,15,1
1698205500,10,25,2,705,15,0
1698205560,10,25,2,706,15,0
1698205620,10,25,2,707,15,0
1698205680,10,25,2,708,15,0
1698205740,10,25,2,709,15,0
1698205800,10,25,2,710,15,0
1698205860,10,25,2,711,15,0
1698205920,10,25,2,712,15,2
1698205980,10,25,2,713,15,2
1698206040,10,25,2,714,15,1
1698206100,10,25,2,715,15,1
1698206160,10,25,2,716,15,2
1698206220,10,25,2,717,15,2
1698206280,10,25,2,718,15,1
1698206340,10,25,2,719,15,1
1698206460,10,25,2,721,15,0
1698206520,10,25,2,722,15,0
1698206580,10,25,2,723,15,0
1698206640,10,25,2,724,15,0
1698206700,10,25,2,725,15,1
1698206760,10,25,2,726,15,1
1698206820,10,25,2,727,15,2
1698206880,10,25,2,728,15,1
1698206940,10,25,2,729,15,1
1698207000,10,25,2,730,15,0
1698207060,10,25,2,731,15,0
1698207120,10,25,2,732,15,1
1698207180,10,25,2,733,15,1
1698207240,10,25,2,734,15,1
1698207300,10,25,2,735,15,1
1698207360,10,25,2,736,15,1
1698207420,10,25,2,737,15,1
1698207480,10,25,2,738,15,1
1698207540,10,25,2,739,15,2
1698207660,10,25,2,741,15,2
1698207720,10,25,2,742,15,3
1698207780,10,25,2,743,15,3
1698207840,10,25,2,744,15,3
1698207900,10,25,2,745,15,3
1698207960,10,25,2,746,15,3
1698208020,10,25,2,747,15,1
1698208080,10,25,2,748,15,1
1698208140,10,25,2,749,15,1
1698208260,10,25,2,751,15,1
1698208320,10,25,2,752,15,0
1698208380,10,25,2,753,15,0
1698208440,10,25,2,754,15,0
1698208500,10,25,2,755,15,0
1698208560,10,25,2,756,15,0
1698208620,10,25,2,757,15,0
1698208680,10,25,2,758,15,0
1698208740,10,25,2,759,15,0
1698208800,10,25,2,760,15,0
1698208860,10,25,2,761,15,0
1698208920,10,25,2,762,15,1
1698208980,10,25,2,763,15,0
1698209040,10,25,2,764,15,0
1698209100,10,25,2,765,15,1
1698209160,10,25,2,766,15,1
1698209220,10,25,2,767,15,1
1698209280,10,25,2,768,15,0
1698209340,10,25,2,769,15,2
1698209400,10,25,2,770,15,0
1698209460,10,25,2,771,15,0
1698209520,10,25,2,772,15,0
1698209580,10,25,2,773,15,0
1698209640,10,25,2,774,15,0
1698209700,10,25,2,775,15,0
1698209760,10,25,2,776,15,0
1698209820,10,25,2,777,15,0
1698209880,10,25,2,778,15,0
1698209940,10,25,2,779,15,2
1698210060,10,25,2,781,15,2
1698210120,10,25,2,782,15,3
1698210180,10,25,2,783,15,3
1698210240,10,25,2,784,15,2
1698210300,10,25,2,785,15,1
1698210360,10,25,2,786,15,1
1698210420,10,25,2,787,15,0
1698210480,10,25,2,788,15,0
1698210540,10,25,2,789,15,0
1698210600,10,25,2,790,15,1
1698210660,10,25,2,791,15,0
1698210720,10,25,2,792,15,0
1698210780,10,25,2,793,15,0
1698210840,10,25,2,794,15,0
1698210900,10,25,2,795,15,0
1698210960,10,25,2,796,15,0
1698211020,10,25,2,797,15,0
1698211080,10,25,2,798,15,0
1698211140,10,25,2,799,15,0
1698211260,10,25,2,801,15,0
1698211320,10,25,2,802,15,1
1698211380,10,25,2,803,15,1
1698211440,10,25,2,804,15,1
1698211500,10,25,2,805,15,1
1698211560,10,25,2,806,15,2
1698211620,10,25,2,807,15,2
1698211680,10,25,2,808,15,1
1698211740,10,25,2,809,15,0
1698211860,10,25,2,811,15,0
1698211920,10,25,2,812,15,0
1698211980,10,25,2,813,15,0
1698212040,10,25,2,814,15,0
1698212100,10,25,2,815,15,0
1698212160,10,25,2,816,15,0
1698212220,10,25,2,817,15,0
1698212280,10,25,2,818,15,0
1698212340,10,25,2,819,15,0
1698212400,10,25,2,820,15,0
1698212460,10,25,2,821,15,0
1698212520,10,25,2,822,15,0
1698212580,10,25,2,823,15,0
1698212640,10,25,2,824,15,0
1698212700,10,25,2,825,15,0
1698212760,10,25,2,826,15,0
1698212820,10,25,2,827,15,1
1698212880,10,25,2,828,15,1
1698212940,10,25,2,829,15,1
1698213000,10,25,2,830,15,1
1698213060,10,25,2,831,15,1
1698213120,10,25,2,832,15,1
1698213180,10,25,2,833,15,1
1698213240,10,25,2,834,15,2
1698213300,10,25,2,835,15,2
1698213360,10,25,2,836,15,2
1698213420,10,25,2,837,15,2
1698213480,10,25,2,838,15,2
1698213540,10,25,2,839,15,2
1698213600,10,25,2,840,15,2
1698213720,10,25,2,842,15,3
1698213780,10,25,2,843,15,2
1698213840,10,25,2,844,15,2
1698213900,10,25,2,845,15,2
1698213960,10,25,2,846,15,3
1698214020,10,25,2,847,15,3
1698214080,10,25,2,848,15,1
1698214140,10,25,2,849,15,1
1698214200,10,25,2,850,15,1
1698214260,10,25,2,851,15,1
1698214320,10,25,2,852,15,1
1698214380,10,25,2,853,15,1
1698214440,10,25,2,854,15,1
1698214500,10,25,2,855,15,1
1698214560,10,25,2,856,15,1
1698214620,10,25,2,857,15,1
1698214680,10,25,2,858,15,2
1698214740,10,25,2,859,15,1
1698214860,10,25,2,861,15,1
1698214920,10,25,2,862,15,1
1698214980,10,25,2,863,15,0
1698215040,10,25,2,864,15,0
1698215100,10,25,2,865,15,0
1698215160,10,25,2,866,15,0
1698215220,10,25,2,867,15,0
1698215280,10,25,2,868,15,0
1698215340,10,25,2,869,15,0
1698215400,10,25,2,870,15,0
1698215460,10,25,2,871,15,1
1698215520,10,25,2,872,15,1
1698215640,10,25,2,874,15,1
1698215700,10,25,2,875,15,2
1698215760,10,25,2,876,15,2
1698215820,10,25,2,877,15,2
1698215880,10,25,2,878,15,3
1698215940,10,25,2,879,15,3
1698216000,10,25,2,880,15,2
1698216060,10,25,2,881,15,1
1698216120,10,25,2,882,15,3
1698216180,10,25,2,883,15,3
1698216240,10,25,2,884,15,2
1698216300,10,25,2,885,15,2
1698216360,10,25,2,886,15,3
1698216420,10,25,2,887,15,3
1698216480,10,25,2,888,15,2
1698216540,10,25,2,889,15,2
1698216600,10,25,2,890,15,2
1698216660,10,25,2,891,15,2
1698216720,10,25,2,892,15,2
1698216780,10,25,2,893,15,2
1698216840,10,25,2,894,15,2
1698216900,10,25,2,895,15,2
1698216960,10,25,2,896,15,2
1698217020,10,25,2,897,15,2
1698217080,10,25,2,898,15,4
1698217140,10,25,2,899,15,3
1698217260,10,25,2,901,15,2
1698217320,10,25,2,902,15,2
1698217620,10,25,2,907,15,3
1698217680,10,25,2,908,15,3
1698217740,10,25,2,909,15,3
1698217800,10,25,2,910,15,3
1698217860,10,25,2,911,15,3
1698217920,10,25,2,912,15,3
1698217980,10,25,2,913,15,2
1698218040,10,25,2,914,15,2
1698218100,10,25,2,915,15,1
1698218160,10,25,2,916,15,1
1698218220,10,25,2,917,15,1
1698218280,10,25,2,918,15,1
1698218340,10,25,2,919,15,1
1698218460,10,25,2,921,15,0
1698218520,10,25,2,922,15,0
1698218580,10,25,2,923,15,0
1698218640,10,25,2,924,15,0
1698218700,10,25,2,925,15,0
1698218760,10,25,2,926,15,2
1698218820,10,25,2,927,15,2
1698218880,10,25,2,928,15,2
1698218940,10,25,2,929,15,2
1698219060,10,25,2,931,15,2
1698219120,10,25,2,932,15,1
1698219180,10,25,2,933,15,1
1698219240,10,25,2,934,15,1
1698219300,10,25,2,935,15,1
1698219360,10,25,2,936,15,0
1698219420,10,25,2,937,15,0
1698219480,10,25,2,938,15,2
1698219540,10,25,2,939,15,2
1698219600,10,25,2,940,15,1
1698219660,10,25,2,941,15,0
1698219720,10,25,2,942,15,0
1698219780,10,25,2,943,15,0
1698219840,10,25,2,944,15,0
1698219900,10,25,2,945,15,0
1698219960,10,25,2,946,15,1
1698220020,10,25,2,947,15,1
1698220080,10,25,2,948,15,1
1698220140,10,25,2,949,15,1
1698220200,10,25,2,950,15,1
1698220260,10,25,2,951,15,1
1698220320,10,25,2,952,15,1
1698220380,10,25,2,953,15,1
1698220440,10,25,2,954,15,0
1698220500,10,25,2,955,15,0
1698220560,10,25,2,956,15,0
1698220620,10,25,2,957,15,0
1698220680,10,25,2,958,15,0
1698220740,10,25,2,959,15,0
1698220800,10,25,2,960,15,0
1698220920,10,25,2,962,15,0
1698220980,10,25,2,963,15,0
1698221040,10,25,2,964,15,0
1698221100,10,25,2,965,15,0
1698221160,10,25,2,966,15,0
1698221220,10,25,2,967,15,0
1698221280,10,25,2,968,15,0
1698221340,10,25,2,969,15,0
1698221400,10,25,2,970,15,0
1698221460,10,25,2,971,15,0
1698221520,10,25,2,972,15,0
1698221580,10,25,2,973,15,0
1698221640,10,25,2,974,15,1
1698221700,10,25,2,975,15,1
1698221760,10,25,2,976,15,1
1698221820,10,25,2,977,15,0
1698221880,10,25,2,978,15,0
1698221940,10,25,2,979,15,1
1698222060,10,25,2,981,15,2
1698222120,10,25,2,982,15,4
1698222180,10,25,2,983,15,4
1698222240,10,25,2,984,15,5
1698222300,10,25,2,985,15,5
1698222360,10,25,2,986,15,4
1698222420,10,25,2,987,15,4
1698222480,10,25,2,988,15,4
1698222540,10,25,2,989,15,4
1698222660,10,25,2,991,15,5
1698222720,10,25,2,992,15,5
1698222780,10,25,2,993,15,5
1698222840,10,25,2,994,15,7
1698222900,10,25,2,995,15,7
1698222960,10,25,2,996,15,7
1698223020,10,25,2,997,15,7
1698223080,10,25,2,998,15,6
1698223140,10,25,2,999,15,6
1698223200,10,25,2,1000,15,6
1698223260,10,25,2,1001,15,7
1698223320,10,25,2,1002,15,7
1698223380,10,25,2,1003,15,7
1698223440,10,25,2,1004,15,7
1698223500,10,25,2,1005,15,7
1698223560,10,25,2,1006,15,10
1698223620,10,25,2,1007,15,8
1698223680,10,25,2,1008,15,8
1698223740,10,25,2,1009,15,8
1698223800,10,25,2,1010,15,8
1698223860,10,25,2,1011,15,8
1698223920,10,25,2,1012,15,8
1698223980,10,25,2,1013,15,6
1698224040,10,25,2,1014,15,5
1698224100,10,25,2,1015,15,5
1698224160,10,25,2,1016,15,4
1698224220,10,25,2,1017,15,4
1698224280,10,25,2,1018,15,4
1698224340,10,25,2,1019,15,3
1698224460,10,25,2,1021,15,1
1698224520,10,25,2,1022,15,1
1698224580,10,25,2,1023,15,1
1698224640,10,25,2,1024,15,2
1698224700,10,25,2,1025,15,2
1698224760,10,25,2,1026,15,1
1698224820,10,25,2,1027,15,1
1698224880,10,25,2,1028,15,1
1698224940,10,25,2,1029,15,3
1698225000,10,25,2,1030,15,5
1698225060,10,25,2,1031,15,5
1698225120,10,25,2,1032,15,5
1698225180,10,25,2,1033,15,6
1698225240,10,25,2,1034,15,6
1698225300,10,25,2,1035,15,6
1698225360,10,25,2,1036,15,3
1698225420,10,25,2,1037,15,1
1698225480,10,25,2,1038,15,1
1698225540,10,25,2,1039,15,0
1698225660,10,25,2,1041,15,3
1698225720,10,25,2,1042,15,3
1698225780,10,25,2,1043,15,0
1698225840,10,25,2,1044,15,0
1698225960,10,25,2,1046,15,1
1698226020,10,25,2,1047,15,1
1698226080,10,25,2,1048,15,0
1698226140,10,25,2,1049,15,2
1698226260,10,25,2,1051,15,3
1698226320,10,25,2,1052,15,2
1698226380,10,25,2,1053,15,1
1698226440,10,25,2,1054,15,0
1698226500,10,25,2,1055,15,0
1698226560,10,25,2,1056,15,0
1698226620,10,25,2,1057,15,0
1698226680,10,25,2,1058,15,0
1698226740,10,25,2,1059,15,0
1698226860,10,25,2,1061,15,1
1698226920,10,25,2,1062,15,1
1698226980,10,25,2,1063,15,0
1698227040,10,25,2,1064,15,0
1698227100,10,25,2,1065,15,0
1698227160,10,25,2,1066,15,0
1698227220,10,25,2,1067,15,0
1698227280,10,25,2,1068,15,0
1698227340,10,25,2,1069,15,2
1698227460,10,25,2,1071,15,2
1698227520,10,25,2,1072,15,2
1698227580,10,25,2,1073,15,2
1698227700,10,25,2,1075,15,1
1698227760,10,25,2,1076,15,0
1698227820,10,25,2,1077,15,0
1698227880,10,25,2,1078,15,1
1698227940,10,25,2,1079,15,0
1698228060,10,25,2,1081,15,0
1698228180,10,25,2,1083,15,0
1698228240,10,25,2,1084,15,0
1698228300,10,25,2,1085,15,0
1698228360,10,25,2,1086,15,0
1698228420,10,25,2,1087,15,0
1698228480,10,25,2,1088,15,0
1698228540,10,25,2,1089,15,0
1698228660,10,25,2,1091,15,0
1698228720,10,25,2,1092,15,0
1698228780,10,25,2,1093,15,2
1698228840,10,25,2,1094,15,1
1698228900,10,25,2,1095,15,0
1698228960,10,25,2,1096,15,0
1698229020,10,25,2,1097,15,0
1698229080,10,25,2,1098,15,1
1698229140,10,25,2,1099,15,0
1698229260,10,25,2,1101,15,1
1698229320,10,25,2,1102,15,2
1698229380,10,25,2,1103,15,1
1698229440,10,25,2,1104,15,1
1698229500,10,25,2,1105,15,1
1698229560,10,25,2,1106,15,0
1698229620,10,25,2,1107,15,0
1698229680,10,25,2,1108,15,0
1698229740,10,25,2,1109,15,0
1698229860,10,25,2,1111,15,0
1698229920,10,25,2,1112,15,0
1698229980,10,25,2,1113,15,0
1698230040,10,25,2,1114,15,1
1698230100,10,25,2,1115,15,1
1698230160,10,25,2,1116,15,0
1698230220,10,25,2,1117,15,2
1698230280,10,25,2,1118,15,4
1698230340,10,25,2,1119,15,2
1698230460,10,25,2,1121,15,1
1698230520,10,25,2,1122,15,1
1698230580,10,25,2,1123,15,1
1698230640,10,25,2,1124,15,0
1698230700,10,25,2,1125,15,1
1698230760,10,25,2,1126,15,1
1698230820,10,25,2,1127,15,1
1698230940,10,25,2,1129,15,1
1698231060,10,25,2,1131,15,2
1698231120,10,25,2,1132,15,2
1698231180,10,25,2,1133,15,1
1698231240,10,25,2,1134,15,0
1698231300,10,25,2,1135,15,0
1698231360,10,25,2,1136,15,0
1698231420,10,25,2,1137,15,0
1698231480,10,25,2,1138,15,0
1698231540,10,25,2,1139,15,0
1698231660,10,25,2,1141,15,0
1698231720,10,25,2,1142,15,0
1698231780,10,25,2,1143,15,0
1698231840,10,25,2,1144,15,0
1698231900,10,25,2,1145,15,0
1698231960,10,25,2,1146,15,0
1698232020,10,25,2,1147,15,0
1698232080,10,25,2,1148,15,0
1698232140,10,25,2,1149,15,0
1698232260,10,25,2,1151,15,0
1698232320,10,25,2,1152,15,0
1698232380,10,25,2,1153,15,0
1698232440,10,25,2,1154,15,0
1698232500,10,25,2,1155,15,0
1698232560,10,25,2,1156,15,0
1698232620,10,25,2,1157,15,0
1698232680,10,25,2,1158,15,0
1698232740,10,25,2,1159,15,0
1698232860,10,25,2,1161,15,0
1698232920,10,25,2,1162,15,1
1698232980,10,25,2,1163,15,1
1698233040,10,25,2,1164,15,0
1698233100,10,25,2,1165,15,1
1698233160,10,25,2,1166,15,0
1698233220,10,25,2,1167,15,0
1698233280,10,25,2,1168,15,0
1698233340,10,25,2,1169,15,1
1698233460,10,25,2,1171,15,0
1698233520,10,25,2,1172,15,0
1698233580,10,25,2,1173,15,0
1698233640,10,25,2,1174,15,0
1698233700,10,25,2,1175,15,0
1698233760,10,25,2,1176,15,0
1698233820,10,25,2,1177,15,0
1698233880,10,25,2,1178,15,0
1698233940,10,25,2,1179,15,0
1698234000,10,25,2,1180,15,0
1698234060,10,25,2,1181,15,0
1698234120,10,25,2,1182,15,0
1698234180,10,25,2,1183,15,0
1698234240,10,25,2,1184,15,0
1698234300,10,25,2,1185,15,1
1698234360,10,25,2,1186,15,2
1698234420,10,25,2,1187,15,2
1698234480,10,25,2,1188,15,2
1698234540,10,25,2,1189,15,2
1698234600,10,25,2,1190,15,2
1698234660,10,25,2,1191,15,2
1698234720,10,25,2,1192,15,2
1698234780,10,25,2,1193,15,2
1698234840,10,25,2,1194,15,3
1698234900,10,25,2,1195,15,3
1698234960,10,25,2,1196,15,3
1698235020,10,25,2,1197,15,3
1698235080,10,25,2,1198,15,3
1698235140,10,25,2,1199,15,3
1698235260,10,25,2,1201,15,2
1698235320,10,25,2,1202,15,3
1698235380,10,25,2,1203,15,3
1698235440,10,25,2,1204,15,3
1698235500,10,25,2,1205,15,3
1698235560,10,25,2,1206,15,3
1698235620,10,25,2,1207,15,3
1698235680,10,25,2,1208,15,2
1698235740,10,25,2,1209,15,0
1698235800,10,25,2,1210,15,0
1698235860,10,25,2,1211,15,0
1698235920,10,25,2,1212,15,0
1698235980,10,25,2,1213,15,0
1698236040,10,25,2,1214,15,0
1698236160,10,25,2,1216,15,0
1698236220,10,25,2,1217,15,0
1698236280,10,25,2,1218,15,0
1698236340,10,25,2,1219,15,0
1698236460,10,25,2,1221,15,0
1698236520,10,25,2,1222,15,0
1698236580,10,25,2,1223,15,0
1698236640,10,25,2,1224,15,0
1698236700,10,25,2,1225,15,0
1698236760,10,25,2,1226,15,2
1698236820,10,25,2,1227,15,2
1698236880,10,25,2,1228,15,2
1698236940,10,25,2,1229,15,2
1698237060,10,25,2,1231,15,2
1698237120,10,25,2,1232,15,2
1698237180,10,25,2,1233,15,2
1698237240,10,25,2,1234,15,3
1698237300,10,25,2,1235,15,3
1698237360,10,25,2,1236,15,2
1698237420,10,25,2,1237,15,2
1698237480,10,25,2,1238,15,2
1698237540,10,25,2,1239,15,2
1698237600,10,25,2,1240,15,2
1698237660,10,25,2,1241,15,2
1698237720,10,25,2,1242,15,2
1698237780,10,25,2,1243,15,2
1698237840,10,25,2,1244,15,2
1698237900,10,25,2,1245,15,2
1698237960,10,25,2,1246,15,2
1698238020,10,25,2,1247,15,2
1698238080,10,25,2,1248,15,2
1698238140,10,25,2,1249,15,2
1698238200,10,25,2,1250,15,2
1698238260,10,25,2,1251,15,2
1698238320,10,25,2,1252,15,2
1698238380,10,25,2,1253,15,2
1698238440,10,25,2,1254,15,3
1698238500,10,25,2,1255,15,3
1698238560,10,25,2,1256,15,3
1698238620,10,25,2,1257,15,3
1698238680,10,25,2,1258,15,3
1698238740,10,25,2,1259,15,3
1698238800,10,25,2,1260,15,3
1698238920,10,25,2,1262,15,3
1698238980,10,25,2,1263,15,2
1698239040,10,25,2,1264,15,2
1698239100,10,25,2,1265,15,1
1698239160,10,25,2,1266,15,2
1698239220,10,25,2,1267,15,2
1698239280,10,25,2,1268,15,1
1698239340,10,25,2,1269,15,1
1698239400,10,25,2,1270,15,1
1698239460,10,25,2,1271,15,1
1698239520,10,25,2,1272,15,1
1698239580,10,25,2,1273,15,1
1698239640,10,25,2,1274,15,1
1698239700,10,25,2,1275,15,1
1698239760,10,25,2,1276,15,1
1698239820,10,25,2,1277,15,1
1698239880,10,25,2,1278,15,2
1698239940,10,25,2,1279,15,2
1698240060,10,25,2,1281,15,2
1698240120,10,25,2,1282,15,2
1698240180,10,25,2,1283,15,3
1698240240,10,25,2,1284,15,3
1698240300,10,25,2,1285,15,3
1698240360,10,25,2,1286,15,3
1698240420,10,25,2,1287,15,3
1698240480,10,25,2,1288,15,3
1698240540,10,25,2,1289,15,3
1698240660,10,25,2,1291,15,4
1698240720,10,25,2,1292,15,4
1698240780,10,25,2,1293,15,4
1698240840,10,25,2,1294,15,6
1698240900,10,25,2,1295,15,6
1698240960,10,25,2,1296,15,6
1698241020,10,25,2,1297,15,6
1698241080,10,25,2,1298,15,6
1698241140,10,25,2,1299,15,6
1698241260,10,25,2,1301,15,5
1698241320,10,25,2,1302,15,3
1698241380,10,25,2,1303,15,1
1698241440,10,25,2,1304,15,1
1698241500,10,25,2,1305,15,0
1698241560,10,25,2,1306,15,0
1698241620,10,25,2,1307,15,0
1698241680,10,25,2,1308,15,0
1698241740,10,25,2,1309,15,0
1698241800,10,25,2,1310,15,0
1698241860,10,25,2,1311,15,0
1698241920,10,25,2,1312,15,0
1698241980,10,25,2,1313,15,0
1698242040,10,25,2,1314,15,0
1698242100,10,25,2,1315,15,0
1698242160,10,25,2,1316,15,0
1698242220,10,25,2,1317,15,0
1698242280,10,25,2,1318,15,0
1698242340,10,25,2,1319,15,0
1698242460,10,25,2,1321,15,0
1698242520,10,25,2,1322,15,0
1698242580,10,25,2,1323,15,0
1698242640,10,25,2,1324,15,1
1698242700,10,25,2,1325,15,1
1698242760,10,25,2,1326,15,1
1698242820,10,25,2,1327,15,1
1698242880,10,25,2,1328,15,1
1698242940,10,25,2,1329,15,1
1698243000,10,25,2,1330,15,1
1698243060,10,25,2,1331,15,1
1698243120,10,25,2,1332,15,1
1698243180,10,25,2,1333,15,1
1698243240,10,25,2,1334,15,1
1698243300,10,25,2,1335,15,1
1698243360,10,25,2,1336,15,1
1698243420,10,25,2,1337,15,0
1698243480,10,25,2,1338,15,0
1698243540,10,25,2,1339,15,0
1698243660,10,25,2,1341,15,0
1698243720,10,25,2,1342,15,0
1698243780,10,25,2,1343,15,0
1698243840,10,25,2,1344,15,0
1698243900,10,25,2,1345,15,0
1698243960,10,25,2,1346,15,0
1698244020,10,25,2,1347,15,0
1698244080,10,25,2,1348,15,0
1698244140,10,25,2,1349,15,0
1698244200,10,25,2,1350,15,0
1698244260,10,25,2,1351,15,1
1698244320,10,25,2,1352,15,1
1698244380,10,25,2,1353,15,1
1698244440,10,25,2,1354,15,1
1698244500,10,25,2,1355,15,1
1698244560,10,25,2,1356,15,1
1698244680,10,25,2,1358,15,3
1698244740,10,25,2,1359,15,2
1698244800,10,25,2,1360,15,2
1698244860,10,25,2,1361,15,2
1698244920,10,25,2,1362,15,2
1698244980,10,25,2,1363,15,1
1698245040,10,25,2,1364,15,1
1698245100,10,25,2,1365,15,1
1698245160,10,25,2,1366,15,1
1698245220,10,25,2,1367,15,1
1698245280,10,25,2,1368,15,1
1698245340,10,25,2,1369,15,1
1698245400,10,25,2,1370,15,1
1698245460,10,25,2,1371,15,1
1698245520,10,25,2,1372,15,1
1698245580,10,25,2,1373,15,1
1698245640,10,25,2,1374,15,1
1698245700,10,25,2,1375,15,1
1698245760,10,25,2,1376,15,1
1698245820,10,25,2,1377,15,1
1698245880,10,25,2,1378,15,2
1698245940,10,25,2,1379,15,2
1698246060,10,25,2,1381,15,2
1698246120,10,25,2,1382,15,2
1698246180,10,25,2,1383,15,2
1698246240,10,25,2,1384,15,2
1698246300,10,25,2,1385,15,2
1698246360,10,25,2,1386,15,2
1698246420,10,25,2,1387,15,2
1698246540,10,25,2,1389,15,2
1698246600,10,25,2,1390,15,2
1698246660,10,25,2,1391,15,2
1698246720,10,25,2,1392,15,2
1698246780,10,25,2,1393,15,2
1698246840,10,25,2,1394,15,2
1698246900,10,25,2,1395,15,2
1698246960,10,25,2,1396,15,1
1698247020,10,25,2,1397,15,1
1698247080,10,25,2,1398,15,0
1698247140,10,25,2,1399,15,0
1698247260,10,25,2,1401,15,0
1698247320,10,25,2,1402,15,0
1698247380,10,25,2,1403,15,0
1698247440,10,25,2,1404,15,0
1698247500,10,25,2,1405,15,0
1698247560,10,25,2,1406,15,0
1698247620,10,25,2,1407,15,0
1698247680,10,25,2,1408,15,0
1698247740,10,25,2,1409,15,0
1698247800,10,25,2,1410,15,0
1698247860,10,25,2,1411,15,0
1698247920,10,25,2,1412,15,0
1698247980,10,25,2,1413,15,0
1698248040,10,25,2,1414,15,0
1698248100,10,25,2,1415,15,0
1698248160,10,25,2,1416,15,0
1698248220,10,25,2,1417,15,0
1698248280,10,25,2,1418,15,0
1698248340,10,25,2,1419,15,0
1698248400,10,25,2,1420,15,0
1698248460,10,25,2,1421,15,0
1698248520,10,25,2,1422,15,0
1698248580,10,25,2,1423,15,0
1698248640,10,25,2,1424,15,0
1698248700,10,25,2,1425,15,1
1698248760,10,25,2,1426,15,1
1698248820,10,25,2,1427,15,1
1698248880,10,25,2,1428,15,1
1698248940,10,25,2,1429,15,1
1698249000,10,25,2,1430,15,1
1698249060,10,25,2,1431,15,2
1698249120,10,25,2,1432,15,2
1698249180,10,25,2,1433,15,2
1698249240,10,25,2,1434,15,2
1698249300,10,25,2,1435,15,2
1698249360,10,25,2,1436,15,1
1698249480,10,25,2,1438,15,1
1698249540,10,25,2,1439,15,1
1698249660,10,26,3,1,15,1
1698249720,10,26,3,2,15,1
1698249780,10,26,3,3,15,1
1698249840,10,26,3,4,15,1
1698249900,10,26,3,5,15,1
1698249960,10,26,3,6,15,1
1698250020,10,26,3,7,15,0
1698250080,10,26,3,8,15,0
1698250200,10,26,3,10,15,0
1698250260,10,26,3,11,15,0
1698250320,10,26,3,12,15,0
1698250380,10,26,3,13,15,0
1698250440,10,26,3,14,15,0
1698250500,10,26,3,15,15,0
1698250560,10,26,3,16,15,0
1698250620,10,26,3,17,15,0
1698250680,10,26,3,18,15,0
1698250740,10,26,3,19,15,0
1698250860,10,26,3,21,15,1
1698250920,10,26,3,22,15,1
1698250980,10,26,3,23,15,1
1698251040,10,26,3,24,15,1
1698251100,10,26,3,25,15,1
1698251160,10,26,3,26,15,1
1698251220,10,26,3,27,15,1
1698251280,10,26,3,28,15,1
1698251340,10,26,3,29,15,1
1698251400,10,26,3,30,15,1
1698251460,10,26,3,31,15,1
1698251520,10,26,3,32,15,1
1698251580,10,26,3,33,15,1
1698251640,10,26,3,34,15,1
1698251700,10,26,3,35,15,1
1698251760,10,26,3,36,15,1
1698251820,10,26,3,37,15,1
1698251880,10,26,3,38,15,1
1698251940,10,26,3,39,15,1
1698252000,10,26,3,40,15,1
1698252060,10,26,3,41,15,1
1698252120,10,26,3,42,15,1
1698252180,10,26,3,43,15,1
1698252240,10,26,3,44,15,1
1698252300,10,26,3,45,15,1
1698252360,10,26,3,46,15,1
1698252420,10,26,3,47,15,1
1698252480,10,26,3,48,15,1
1698252540,10,26,3,49,15,1
1698252600,10,26,3,50,15,1
1698252660,10,26,3,51,15,1
1698252720,10,26,3,52,15,0
1698252780,10,26,3,53,15,0
1698252840,10,26,3,54,15,1
1698252900,10,26,3,55,15,1
1698252960,10,26,3,56,15,1
1698253020,10,26,3,57,15,1
1698253080,10,26,3,58,15,0
1698253140,10,26,3,59,15,0
1698253200,10,26,3,60,15,0
1698253260,10,26,3,61,15,0
1698253380,10,26,3,63,15,0
1698253440,10,26,3,64,15,0
1698253500,10,26,3,65,15,0
1698253560,10,26,3,66,15,0
1698253620,10,26,3,67,15,0
1698253680,10,26,3,68,15,0
1698253740,10,26,3,69,15,0
1698253800,10,26,3,70,15,0
1698253860,10,26,3,71,15,0
1698253920,10,26,3,72,15,0
1698253980,10,26,3,73,15,0
1698254040,10,26,3,74,15,0
1698254100,10,26,3,75,15,0
1698254160,10,26,3,76,15,0
1698254220,10,26,3,77,15,0
1698254280,10,26,3,78,15,0
1698254340,10,26,3,79,15,0
1698254460,10,26,3,81,15,0
1698254520,10,26,3,82,15,0
1698254580,10,26,3,83,15,0
1698254640,10,26,3,84,15,0
1698254700,10,26,3,85,15,0
1698254760,10,26,3,86,15,0
1698254820,10,26,3,87,15,0
1698254880,10,26,3,88,15,0
1698254940,10,26,3,89,15,0
1698255000,10,26,3,90,15,0
1698255060,10,26,3,91,15,0
1698255120,10,26,3,92,15,0
1698255180,10,26,3,93,15,0
1698255240,10,26,3,94,15,0
1698255300,10,26,3,95,15,0
1698255360,10,26,3,96,15,0
1698255420,10,26,3,97,15,0
1698255480,10,26,3,98,15,0
1698255540,10,26,3,99,15,0
1698255600,10,26,3,100,15,1
1698255660,10,26,3,101,15,1
1698255720,10,26,3,102,15,1
1698255780,10,26,3,103,15,1
1698255840,10,26,3,104,15,1
1698255900,10,26,3,105,15,1
1698255960,10,26,3,106,15,1
1698256020,10,26,3,107,15,1
1698256080,10,26,3,108,15,1
1698256140,10,26,3,109,15,1
1698256200,10,26,3,110,15,1
1698256260,10,26,3,111,15,1
1698256320,10,26,3,112,15,1
1698256380,10,26,3,113,15,2
1698256440,10,26,3,114,15,2
1698256500,10,26,3,115,15,2
1698256560,10,26,3,116,15,2
1698256620,10,26,3,117,15,2
1698256680,10,26,3,118,15,2
1698256740,10,26,3,119,15,2
1698256860,10,26,3,121,15,2
1698256920,10,26,3,122,15,2
1698257040,10,26,3,124,15,2
1698257100,10,26,3,125,15,2
1698257160,10,26,3,126,15,2
1698257220,10,26,3,127,15,2
1698257280,10,26,3,128,15,2
1698257340,10,26,3,129,15,2
1698257400,10,26,3,130,15,2
1698257460,10,26,3,131,15,2
1698257520,10,26,3,132,15,2
1698257580,10,26,3,133,15,2
1698257640,10,26,3,134,15,2
1698257700,10,26,3,135,15,2
1698257760,10,26,3,136,15,2
1698257820,10,26,3,137,15,2
1698257880,10,26,3,138,15,2
1698257940,10,26,3,139,15,2
1698258060,10,26,3,141,15,2
1698258120,10,26,3,142,15,2
1698258180,10,26,3,143,15,2
1698258240,10,26,3,144,15,4
1698258300,10,26,3,145,15,4
1698258360,10,26,3,146,15,4
1698258420,10,26,3,147,15,4
1698258480,10,26,3,148,15,4
1698258540,10,26,3,149,15,4
1698258600,10,26,3,150,15,4
1698258660,10,26,3,151,15,4
1698258720,10,26,3,152,15,4
1698258780,10,26,3,153,15,4
1698258840,10,26,3,154,15,4
1698258900,10,26,3,155,15,4
1698258960,10,26,3,156,15,4
1698259020,10,26,3,157,15,4
1698259080,10,26,3,158,15,4
1698259140,10,26,3,159,15,4
1698259200,10,26,3,160,15,4
1698259260,10,26,3,161,15,4
1698259320,10,26,3,162,15,4
1698259380,10,26,3,163,15,4
1698259440,10,26,3,164,15,4
1698259500,10,26,3,165,15,4
1698259560,10,26,3,166,15,4
1698259620,10,26,3,167,15,4
1698259680,10,26,3,168,15,4
1698259740,10,26,3,169,15,4
1698259800,10,26,3,170,15,4
1698259860,10,26,3,171,15,4
1698259920,10,26,3,172,15,4
1698259980,10,26,3,173,15,4
1698260040,10,26,3,174,15,4
1698260100,10,26,3,175,15,4
1698260160,10,26,3,176,15,4
1698260220,10,26,3,177,15,4
1698260280,10,26,3,178,15,4
1698260340,10,26,3,179,15,4
1698260400,10,26,3,180,15,4
1698260460,10,26,3,181,15,4
1698260520,10,26,3,182,15,4
1698260580,10,26,3,183,15,4
1698260640,10,26,3,184,15,4
1698260700,10,26,3,185,15,4
1698260760,10,26,3,186,15,4
1698260820,10,26,3,187,15,4
1698260880,10,26,3,188,15,4
1698260940,10,26,3,189,15,4
1698261000,10,26,3,190,15,4
1698261060,10,26,3,191,15,4
1698261120,10,26,3,192,15,4
1698261180,10,26,3,193,15,4
1698261240,10,26,3,194,15,4
1698261300,10,26,3,195,15,4
1698261360,10,26,3,196,15,4
1698261420,10,26,3,197,15,4
1698261480,10,26,3,198,15,4
1698261540,10,26,3,199,15,4
1698261660,10,26,3,201,15,4
1698261720,10,26,3,202,15,4
1698261780,10,26,3,203,15,4
1698261840,10,26,3,204,15,4
1698261900,10,26,3,205,15,4
1698261960,10,26,3,206,15,4
1698262020,10,26,3,207,15,4
1698262080,10,26,3,208,15,4
1698262140,10,26,3,209,15,4
1698262200,10,26,3,210,15,4
1698262260,10,26,3,211,15,4
1698262320,10,26,3,212,15,4
1698262380,10,26,3,213,15,4
1698262440,10,26,3,214,15,4
1698262500,10,26,3,215,15,4
1698262560,10,26,3,216,15,4
1698262620,10,26,3,217,15,4
1698262680,10,26,3,218,15,4
1698262740,10,26,3,219,15,4
1698262800,10,26,3,220,15,4
1698262860,10,26,3,221,15,4
1698262920,10,26,3,222,15,4
1698262980,10,26,3,223,15,4
1698263040,10,26,3,224,15,4
1698263100,10,26,3,225,15,4
1698263160,10,26,3,226,15,4
1698263220,10,26,3,227,15,4
1698263280,10,26,3,228,15,4
1698263340,10,26,3,229,15,4
1698263400,10,26,3,230,15,3
1698263460,10,26,3,231,15,3
1698263520,10,26,3,232,15,3
1698263580,10,26,3,233,15,3
1698263640,10,26,3,234,15,3
1698263700,10,26,3,235,15,3
1698263760,10,26,3,236,15,3
1698263820,10,26,3,237,15,3
1698263880,10,26,3,238,15,3
1698263940,10,26,3,239,15,3
1698264000,10,26,3,240,15,3
1698264060,10,26,3,241,15,3
1698264120,10,26,3,242,15,3
1698264180,10,26,3,243,15,3
1698264240,10,26,3,244,15,3
1698264300,10,26,3,245,15,3
1698264360,10,26,3,246,15,3
1698264480,10,26,3,248,15,3
1698264540,10,26,3,249,15,3
1698264600,10,26,3,250,15,3
1698264660,10,26,3,251,15,3
1698264720,10,26,3,252,15,3
1698264780,10,26,3,253,15,3
1698264840,10,26,3,254,15,3
1698264900,10,26,3,255,15,4
1698264960,10,26,3,256,15,4
1698265020,10,26,3,257,15,4
1698265080,10,26,3,258,15,4
1698265140,10,26,3,259,15,4
1698265260,10,26,3,261,15,4
1698265320,10,26,3,262,15,4
1698265380,10,26,3,263,15,4
1698265440,10,26,3,264,15,4
1698265500,10,26,3,265,15,4
1698265560,10,26,3,266,15,4
1698265620,10,26,3,267,15,4
1698265680,10,26,3,268,15,4
1698265740,10,26,3,269,15,4
1698265800,10,26,3,270,15,4
1698265860,10,26,3,271,15,4
1698265920,10,26,3,272,15,4
1698265980,10,26,3,273,15,4
1698266040,10,26,3,274,15,4
1698266100,10,26,3,275,15,4
1698266160,10,26,3,276,15,4
1698266220,10,26,3,277,15,4
1698266280,10,26,3,278,15,4
1698266340,10,26,3,279,15,4
1698266400,10,26,3,280,15,4
1698266460,10,26,3,281,15,4
1698266520,10,26,3,282,15,4
1698266580,10,26,3,283,15,4
1698266640,10,26,3,284,15,4
1698266700,10,26,3,285,15,4
1698266760,10,26,3,286,15,4
1698266820,10,26,3,287,15,4
1698266880,10,26,3,288,15,4
1698266940,10,26,3,289,15,4
1698267000,10,26,3,290,15,4
1698267060,10,26,3,291,15,4
1698267120,10,26,3,292,15,4
1698267180,10,26,3,293,15,4
1698267240,10,26,3,294,15,4
1698267300,10,26,3,295,15,4
1698267360,10,26,3,296,15,4
1698267420,10,26,3,297,15,4
1698267480,10,26,3,298,15,4
1698267540,10,26,3,299,15,4
1698267600,10,26,3,300,15,4
1698267660,10,26,3,301,15,4
1698267720,10,26,3,302,15,4
1698267780,10,26,3,303,15,4
1698267840,10,26,3,304,15,4
1698267900,10,26,3,305,15,4
1698267960,10,26,3,306,15,4
1698268020,10,26,3,307,15,4
1698268080,10,26,3,308,15,4
1698268140,10,26,3,309,15,4
1698268200,10,26,3,310,15,4
1698268260,10,26,3,311,15,4
1698268320,10,26,3,312,15,4
1698268380,10,26,3,313,15,4
1698268440,10,26,3,314,15,4
1698268500,10,26,3,315,15,4
1698268560,10,26,3,316,15,4
1698268620,10,26,3,317,15,4
1698268680,10,26,3,318,15,4
1698268740,10,26,3,319,15,4
1698268860,10,26,3,321,15,3
1698268920,10,26,3,322,15,2
1698268980,10,26,3,323,15,2
1698269040,10,26,3,324,15,2
1698269100,10,26,3,325,15,2
1698269160,10,26,3,326,15,2
1698269220,10,26,3,327,15,2
1698269280,10,26,3,328,15,2
1698269340,10,26,3,329,15,2
1698269400,10,26,3,330,15,2
1698269460,10,26,3,331,15,2
1698269520,10,26,3,332,15,2
1698269580,10,26,3,333,15,2
1698269640,10,26,3,334,15,2
1698269700,10,26,3,335,15,2
1698269760,10,26,3,336,15,2
1698269820,10,26,3,337,15,2
1698269880,10,26,3,338,15,2
1698269940,10,26,3,339,15,2
1698270000,10,26,3,340,15,2
1698270060,10,26,3,341,15,2
1698270120,10,26,3,342,15,2
1698270180,10,26,3,343,15,2
1698270240,10,26,3,344,15,2
1698270300,10,26,3,345,15,2
1698270360,10,26,3,346,15,2
1698270420,10,26,3,347,15,2
1698270480,10,26,3,348,15,2
1698270540,10,26,3,349,15,2
1698270600,10,26,3,350,15,3
1698270660,10,26,3,351,15,3
1698270720,10,26,3,352,15,3
1698270780,10,26,3,353,15,3
1698270840,10,26,3,354,15,3
1698270900,10,26,3,355,15,3
1698270960,10,26,3,356,15,3
1698271020,10,26,3,357,15,3
1698271080,10,26,3,358,15,3
1698271140,10,26,3,359,15,3
1698271200,10,26,3,360,15,3
1698271260,10,26,3,361,15,3
1698271320,10,26,3,362,15,3
1698271380,10,26,3,363,15,3
1698271440,10,26,3,364,15,3
1698271500,10,26,3,365,15,3
1698271560,10,26,3,366,15,3
1698271620,10,26,3,367,15,3
1698271680,10,26,3,368,15,3
1698271740,10,26,3,369,15,3
1698271800,10,26,3,370,15,3
1698271860,10,26,3,371,15,4
1698271920,10,26,3,372,15,4
1698271980,10,26,3,373,15,4
1698272040,10,26,3,374,15,4
1698272100,10,26,3,375,15,4
1698272160,10,26,3,376,15,4
1698272220,10,26,3,377,15,4
1698272280,10,26,3,378,15,4
1698272340,10,26,3,379,15,4
1698272460,10,26,3,381,15,4
1698272520,10,26,3,382,15,4
1698272580,10,26,3,383,15,4
1698272640,10,26,3,384,15,4
1698272700,10,26,3,385,15,4
1698272760,10,26,3,386,15,4
1698272820,10,26,3,387,15,4
1698272880,10,26,3,388,15,4
1698272940,10,26,3,389,15,5
1698273000,10,26,3,390,15,5
1698273060,10,26,3,391,15,5
1698273120,10,26,3,392,15,5
1698273180,10,26,3,393,15,5
1698273240,10,26,3,394,15,5
1698273300,10,26,3,395,15,5
1698273360,10,26,3,396,15,5
1698273420,10,26,3,397,15,5
1698273480,10,26,3,398,15,5
1698273540,10,26,3,399,15,5
1698273600,10,26,3,400,15,5
1698273660,10,26,3,401,15,5
1698273720,10,26,3,402,15,5
1698273780,10,26,3,403,15,5
1698273840,10,26,3,404,15,5
1698273900,10,26,3,405,15,5
1698273960,10,26,3,406,15,5
1698274020,10,26,3,407,15,5
1698274080,10,26,3,408,15,5
1698274140,10,26,3,409,15,5
1698274200,10,26,3,410,15,5
1698274260,10,26,3,411,15,5
1698274320,10,26,3,412,15,5
1698274380,10,26,3,413,15,5
1698274440,10,26,3,414,15,5
1698274500,10,26,3,415,15,5
1698274560,10,26,3,416,15,5
1698274620,10,26,3,417,15,5
1698274680,10,26,3,418,15,5
1698274740,10,26,3,419,15,5
1698274860,10,26,3,421,15,5
1698274920,10,26,3,422,15,5
1698274980,10,26,3,423,15,5
1698275040,10,26,3,424,15,5
1698275100,10,26,3,425,15,5
1698275160,10,26,3,426,15,5
1698275220,10,26,3,427,15,5
1698275280,10,26,3,428,15,5
1698275340,10,26,3,429,15,5
1698275400,10,26,3,430,15,5
1698275460,10,26,3,431,15,5
1698275520,10,26,3,432,15,5
1698275580,10,26,3,433,15,5
1698275640,10,26,3,434,15,5
1698275700,10,26,3,435,15,5
1698275760,10,26,3,436,15,5
1698275820,10,26,3,437,15,5
1698275880,10,26,3,438,15,5
1698275940,10,26,3,439,15,5
1698276060,10,26,3,441,15,6
1698276120,10,26,3,442,15,6
1698276180,10,26,3,443,15,5
1698276240,10,26,3,444,15,6
1698276300,10,26,3,445,15,6
1698276360,10,26,3,446,15,5
1698276420,10,26,3,447,15,5
1698276480,10,26,3,448,15,5
1698276540,10,26,3,449,15,5
1698276660,10,26,3,451,15,5
1698276720,10,26,3,452,15,5
1698276780,10,26,3,453,15,5
1698276840,10,26,3,454,15,5
1698276900,10,26,3,455,15,5
1698276960,10,26,3,456,15,5
1698277020,10,26,3,457,15,5
1698277080,10,26,3,458,15,6
1698277140,10,26,3,459,15,6
1698277200,10,26,3,460,15,6
1698277260,10,26,3,461,15,5
1698277320,10,26,3,462,15,5
1698277380,10,26,3,463,15,5
1698277440,10,26,3,464,15,5
1698277500,10,26,3,465,15,6
1698277560,10,26,3,466,15,6
1698277620,10,26,3,467,15,6
1698277680,10,26,3,468,15,7
1698277740,10,26,3,469,15,7
1698277800,10,26,3,470,15,7
1698277860,10,26,3,471,15,7
1698277920,10,26,3,472,15,8
1698277980,10,26,3,473,15,8
1698278040,10,26,3,474,15,8
1698278100,10,26,3,475,15,8
1698278160,10,26,3,476,15,8
1698278220,10,26,3,477,15,8
1698278280,10,26,3,478,15,8
1698278340,10,26,3,479,15,8
1698278460,10,26,3,481,15,8
1698278520,10,26,3,482,15,8
1698278580,10,26,3,483,15,7
1698278640,10,26,3,484,15,7
1698278700,10,26,3,485,15,8
1698278760,10,26,3,486,15,7
1698278820,10,26,3,487,15,7
1698278880,10,26,3,488,15,4
1698278940,10,26,3,489,15,1
1698279000,10,26,3,490,15,0
1698279060,10,26,3,491,15,0
1698279120,10,26,3,492,15,0
1698279180,10,26,3,493,15,0
1698279240,10,26,3,494,15,1
1698279300,10,26,3,495,15,0
1698279360,10,26,3,496,15,0
1698279420,10,26,3,497,15,0
1698279480,10,26,3,498,15,0
1698279540,10,26,3,499,15,0
1698279660,10,26,3,501,15,0
1698279720,10,26,3,502,15,0
1698279780,10,26,3,503,15,0
1698279840,10,26,3,504,15,0
1698279900,10,26,3,505,15,1
1698279960,10,26,3,506,15,1
1698280020,10,26,3,507,15,1
1698280080,10,26,3,508,15,1
1698280140,10,26,3,509,15,2
1698280260,10,26,3,511,15,2
1698280320,10,26,3,512,15,2
1698280380,10,26,3,513,15,2
1698280440,10,26,3,514,15,0
1698280500,10,26,3,515,15,0
1698280560,10,26,3,516,15,0
1698280620,10,26,3,517,15,0
1698280740,10,26,3,519,15,0
1698280800,10,26,3,520,15,0
1698280860,10,26,3,521,15,1
1698280920,10,26,3,522,15,1
1698280980,10,26,3,523,15,1
1698281040,10,26,3,524,15,0
1698281100,10,26,3,525,15,3
1698281160,10,26,3,526,15,0
1698281220,10,26,3,527,15,0
1698281280,10,26,3,528,15,2
1698281340,10,26,3,529,15,2
1698281400,10,26,3,530,15,1
1698281460,10,26,3,531,15,0
1698281520,10,26,3,532,15,0
1698281580,10,26,3,533,15,0
1698281640,10,26,3,534,15,0
1698281700,10,26,3,535,15,0
1698281760,10,26,3,536,15,1
1698281820,10,26,3,537,15,0
1698281880,10,26,3,538,15,0
1698281940,10,26,3,539,15,0
1698282060,10,26,3,541,15,0
1698282120,10,26,3,542,15,1
1698282180,10,26,3,543,15,0
1698282240,10,26,3,544,15,0
1698282300,10,26,3,545,15,0
1698282360,10,26,3,546,15,1
1698282420,10,26,3,547,15,0
1698282480,10,26,3,548,15,0
1698282540,10,26,3,549,15,0
1698282600,10,26,3,550,15,1
1698282660,10,26,3,551,15,1
1698282720,10,26,3,552,15,2
1698282780,10,26,3,553,15,2
1698282840,10,26,3,554,15,2
1698282900,10,26,3,555,15,2
1698283020,10,26,3,557,15,2
1698283080,10,26,3,558,15,1
1698283140,10,26,3,559,15,0
1698283260,10,26,3,561,15,0
1698283320,10,26,3,562,15,1
1698283380,10,26,3,563,15,1
1698283440,10,26,3,564,15,0
1698283500,10,26,3,565,15,0
1698283560,10,26,3,566,15,0
1698283620,10,26,3,567,15,0
1698283680,10,26,3,568,15,1
1698283740,10,26,3,569,15,0
1698283860,10,26,3,571,15,0
1698283920,10,26,3,572,15,0
1698283980,10,26,3,573,15,0
1698284040,10,26,3,574,15,0
1698284100,10,26,3,575,15,2
1698284160,10,26,3,576,15,3
1698284220,10,26,3,577,15,2
1698284280,10,26,3,578,15,2
1698284340,10,26,3,579,15,1
1698284400,10,26,3,580,15,1
1698284460,10,26,3,581,15,1
1698284520,10,26,3,582,15,0
1698284580,10,26,3,583,15,0
1698284640,10,26,3,584,15,0
1698284700,10,26,3,585,15,0
1698284760,10,26,3,586,15,0
1698284820,10,26,3,587,15,0
1698284880,10,26,3,588,15,0
1698284940,10,26,3,589,15,0
1698285000,10,26,3,590,15,2
1698285060,10,26,3,591,15,0
1698285120,10,26,3,592,15,0
1698285180,10,26,3,593,15,0
1698285240,10,26,3,594,15,0
1698285300,10,26,3,595,15,0
1698285360,10,26,3,596,15,0
1698285420,10,26,3,597,15,0
1698285480,10,26,3,598,15,0
1698285540,10,26,3,599,15,0
1698285660,10,26,3,601,15,0
1698285720,10,26,3,602,15,0
1698285780,10,26,3,603,15,0
1698285840,10,26,3,604,15,0
1698285900,10,26,3,605,15,0
1698285960,10,26,3,606,15,0
1698286020,10,26,3,607,15,0
1698286080,10,26,3,608,15,0
1698286140,10,26,3,609,15,0
1698286200,10,26,3,610,15,0
1698286260,10,26,3,611,15,0
1698286320,10,26,3,612,15,0
1698286380,10,26,3,613,15,0
1698286440,10,26,3,614,15,0
1698286500,10,26,3,615,15,0
1698286560,10,26,3,616,15,0
1698286620,10,26,3,617,15,0
1698286680,10,26,3,618,15,0
1698286740,10,26,3,619,15,1
1698286860,10,26,3,621,15,0
1698286920,10,26,3,622,15,1
1698286980,10,26,3,623,15,1
1698287040,10,26,3,624,15,2
1698287100,10,26,3,625,15,2
1698287160,10,26,3,626,15,1
1698287220,10,26,3,627,15,1
1698287280,10,26,3,628,15,1
1698287340,10,26,3,629,15,1
1698287460,10,26,3,631,15,2
1698287520,10,26,3,632,15,1
1698287580,10,26,3,633,15,1
1698287640,10,26,3,634,15,0
1698287700,10,26,3,635,15,1
1698287760,10,26,3,636,15,0
1698287820,10,26,3,637,15,0
1698287880,10,26,3,638,15,0
1698287940,10,26,3,639,15,0
1698288000,10,26,3,640,15,0
1698288060,10,26,3,641,15,0
1698288120,10,26,3,642,15,0
1698288180,10,26,3,643,15,0
1698288240,10,26,3,644,15,0
1698288300,10,26,3,645,15,0
1698288360,10,26,3,646,15,0
1698288420,10,26,3,647,15,0
1698288480,10,26,3,648,15,0
1698288540,10,26,3,649,15,1
1698288600,10,26,3,650,15,0
1698288660,10,26,3,651,15,0
1698288720,10,26,3,652,15,0
1698288780,10,26,3,653,15,0
1698288840,10,26,3,654,15,0
1698288900,10,26,3,655,15,0
1698288960,10,26,3,656,15,0
1698289020,10,26,3,657,15,0
1698289080,10,26,3,658,15,0
1698289140,10,26,3,659,15,0
1698289260,10,26,3,661,15,0
1698289320,10,26,3,662,15,0
1698289380,10,26,3,663,15,0
1698289440,10,26,3,664,15,0
1698289500,10,26,3,665,15,0
1698289560,10,26,3,666,15,0
1698289620,10,26,3,667,15,0
1698289680,10,26,3,668,15,2
1698289740,10,26,3,669,15,2
1698289800,10,26,3,670,15,2
1698289860,10,26,3,671,15,2
1698289920,10,26,3,672,15,2
1698289980,10,26,3,673,15,2
1698290040,10,26,3,674,15,1
1698290100,10,26,3,675,15,1
1698290160,10,26,3,676,15,1
1698290220,10,26,3,677,15,1
1698290280,10,26,3,678,15,1
1698290340,10,26,3,679,15,2
1698290460,10,26,3,681,15,2
1698290520,10,26,3,682,15,0
1698290580,10,26,3,683,15,0
1698290640,10,26,3,684,15,0
1698290700,10,26,3,685,15,0
1698290760,10,26,3,686,15,0
1698290820,10,26,3,687,15,0
1698290880,10,26,3,688,15,0
1698290940,10,26,3,689,15,2
1698291000,10,26,3,690,15,2
1698291060,10,26,3,691,15,1
1698291120,10,26,3,692,15,0
1698291180,10,26,3,693,15,0
1698291240,10,26,3,694,15,0
1698291300,10,26,3,695,15,0
1698291360,10,26,3,696,15,0
1698291420,10,26,3,697,15,0
1698291480,10,26,3,698,15,0
1698291540,10,26,3,699,15,1
1698291600,10,26,3,700,15,1
1698291660,10,26,3,701,15,1
1698291720,10,26,3,702,15,2
1698291780,10,26,3,703,15,2
1698291840,10,26,3,704,15,1
1698291900,10,26,3,705,15,1
1698291960,10,26,3,706,15,1
1698292020,10,26,3,707,15,2
1698292080,10,26,3,708,15,1
1698292140,10,26,3,709,15,0
1698292200,10,26,3,710,15,0
1698292260,10,26,3,711,15,0
1698292320,10,26,3,712,15,1
1698292380,10,26,3,713,15,0
1698292440,10,26,3,714,15,0
1698292500,10,26,3,715,15,0
1698292560,10,26,3,716,15,0
1698292620,10,26,3,717,15,0
1698292680,10,26,3,718,15,0
1698292740,10,26,3,719,15,0
1698292800,10,26,3,720,15,0
1698292920,10,26,3,722,15,0
1698292980,10,26,3,723,15,0
1698293040,10,26,3,724,15,0
1698293100,10,26,3,725,15,0
1698293160,10,26,3,726,15,0
1698293220,10,26,3,727,15,0
1698293280,10,26,3,728,15,0
1698293340,10,26,3,729,15,1
1698293400,10,26,3,730,15,1
1698293460,10,26,3,731,15,1
1698293520,10,26,3,732,15,1
1698293580,10,26,3,733,15,1
1698293640,10,26,3,734,15,0
1698293700,10,26,3,735,15,1
1698293760,10,26,3,736,15,1
1698293820,10,26,3,737,15,1
1698293880,10,26,3,738,15,0
1698293940,10,26,3,739,15,2
1698294060,10,26,3,741,15,1
1698294120,10,26,3,742,15,2
1698294180,10,26,3,743,15,1
1698294240,10,26,3,744,15,1
1698294300,10,26,3,745,15,1
1698294360,10,26,3,746,15,0
1698294420,10,26,3,747,15,0
1698294480,10,26,3,748,15,0
1698294540,10,26,3,749,15,1
1698294660,10,26,3,751,15,0
1698294720,10,26,3,752,15,1
1698294780,10,26,3,753,15,1
1698294840,10,26,3,754,15,0
1698294900,10,26,3,755,15,0
1698294960,10,26,3,756,15,1
1698295020,10,26,3,757,15,1
1698295080,10,26,3,758,15,0
1698295140,10,26,3,759,15,0
1698295200,10,26,3,760,15,0
1698295260,10,26,3,761,15,0
1698295320,10,26,3,762,15,2
1698295380,10,26,3,763,15,1
1698295440,10,26,3,764,15,1
1698295500,10,26,3,765,15,1
1698295560,10,26,3,766,15,1
1698295620,10,26,3,767,15,1
1698295680,10,26,3,768,15,0
1698295740,10,26,3,769,15,1
1698295800,10,26,3,770,15,1
1698295860,10,26,3,771,15,1
1698295920,10,26,3,772,15,1
1698295980,10,26,3,773,15,0
1698296040,10,26,3,774,15,0
1698296100,10,26,3,775,15,0
1698296160,10,26,3,776,15,1
1698296220,10,26,3,777,15,1
1698296280,10,26,3,778,15,1
1698296340,10,26,3,779,15,1
1698296400,10,26,3,780,15,1
1698296520,10,26,3,782,15,2
1698296580,10,26,3,783,15,0
1698296640,10,26,3,784,15,0
1698296700,10,26,3,785,15,0
1698296760,10,26,3,786,15,0
1698296820,10,26,3,787,15,0
1698296880,10,26,3,788,15,0
1698296940,10,26,3,789,15,0
1698297000,10,26,3,790,15,1
1698297060,10,26,3,791,15,1
1698297120,10,26,3,792,15,1
1698297180,10,26,3,793,15,1
1698297240,10,26,3,794,15,1
1698297300,10,26,3,795,15,1
1698297360,10,26,3,796,15,1
1698297420,10,26,3,797,15,1
1698297480,10,26,3,798,15,1
1698297540,10,26,3,799,15,1
1698297660,10,26,3,801,15,0
1698297720,10,26,3,802,15,1
1698297780,10,26,3,803,15,0
1698297840,10,26,3,804,15,0
1698297900,10,26,3,805,15,0
1698297960,10,26,3,806,15,0
1698298020,10,26,3,807,15,0
1698298080,10,26,3,808,15,0
1698298140,10,26,3,809,15,0
1698298260,10,26,3,811,15,0
1698298320,10,26,3,812,15,0
1698298380,10,26,3,813,15,0
1698298440,10,26,3,814,15,0
1698298500,10,26,3,815,15,1
1698298560,10,26,3,816,15,1
1698298620,10,26,3,817,15,1
1698298680,10,26,3,818,15,1
1698298740,10,26,3,819,15,0
1698298800,10,26,3,820,15,0
1698298860,10,26,3,821,15,1
1698298920,10,26,3,822,15,3
1698298980,10,26,3,823,15,2
1698299040,10,26,3,824,15,2
1698299100,10,26,3,825,15,2
1698299160,10,26,3,826,15,1
1698299220,10,26,3,827,15,1
1698299280,10,26,3,828,15,0
1698299340,10,26,3,829,15,0
1698299400,10,26,3,830,15,0
1698299460,10,26,3,831,15,1
1698299520,10,26,3,832,15,0
1698299580,10,26,3,833,15,0
1698299640,10,26,3,834,15,0
1698299700,10,26,3,835,15,0
1698299760,10,26,3,836,15,0
1698299820,10,26,3,837,15,0
1698299880,10,26,3,838,15,1
1698299940,10,26,3,839,15,1
1698300060,10,26,3,841,15,1
1698300120,10,26,3,842,15,1
1698300180,10,26,3,843,15,1
1698300240,10,26,3,844,15,0
1698300300,10,26,3,845,15,0
1698300360,10,26,3,846,15,0
1698300420,10,26,3,847,15,0
1698300480,10,26,3,848,15,0
1698300540,10,26,3,849,15,0
1698300600,10,26,3,850,15,0
1698300660,10,26,3,851,15,0
1698300720,10,26,3,852,15,0
1698300780,10,26,3,853,15,0
1698300840,10,26,3,854,15,0
1698300900,10,26,3,855,15,0
1698300960,10,26,3,856,15,0
1698301020,10,26,3,857,15,0
1698301080,10,26,3,858,15,0
1698301140,10,26,3,859,15,0
1698301260,10,26,3,861,15,0
1698301320,10,26,3,862,15,0
1698301380,10,26,3,863,15,0
1698301440,10,26,3,864,15,0
1698301500,10,26,3,865,15,0
1698301560,10,26,3,866,15,0
1698301620,10,26,3,867,15,0
1698301680,10,26,3,868,15,0
1698301740,10,26,3,869,15,0
1698301800,10,26,3,870,15,0
1698301860,10,26,3,871,15,0
1698301920,10,26,3,872,15,0
1698301980,10,26,3,873,15,0
1698302040,10,26,3,874,15,0
1698302160,10,26,3,876,15,0
1698302220,10,26,3,877,15,0
1698302280,10,26,3,878,15,1
1698302340,10,26,3,879,15,1
1698302400,10,26,3,880,15,1
1698302460,10,26,3,881,15,1
1698302520,10,26,3,882,15,1
1698302580,10,26,3,883,15,1
1698302640,10,26,3,884,15,1
1698302700,10,26,3,885,15,1
1698302760,10,26,3,886,15,1
1698302820,10,26,3,887,15,1
1698302880,10,26,3,888,15,1
1698302940,10,26,3,889,15,0
1698303000,10,26,3,890,15,1
1698303060,10,26,3,891,15,1
1698303120,10,26,3,892,15,1
1698303180,10,26,3,893,15,1
1698303240,10,26,3,894,15,1
1698303300,10,26,3,895,15,1
1698303360,10,26,3,896,15,0
1698303420,10,26,3,897,15,0
1698303480,10,26,3,898,15,0
1698303540,10,26,3,899,15,0
1698303660,10,26,3,901,15,0
1698303720,10,26,3,902,15,1
1698303780,10,26,3,903,15,1
1698303840,10,26,3,904,15,1
1698303900,10,26,3,905,15,1
1698303960,10,26,3,906,15,2
1698304020,10,26,3,907,15,2
1698304080,10,26,3,908,15,2
1698304140,10,26,3,909,15,2
1698304200,10,26,3,910,15,2
1698304260,10,26,3,911,15,2
1698304320,10,26,3,912,15,2
1698304380,10,26,3,913,15,2
1698304440,10,26,3,914,15,3
1698304500,10,26,3,915,15,3
1698304560,10,26,3,916,15,3
1698304620,10,26,3,917,15,3
1698304680,10,26,3,918,15,4
1698304740,10,26,3,919,15,4
1698304860,10,26,3,921,15,4
1698304920,10,26,3,922,15,3
1698304980,10,26,3,923,15,2
1698305040,10,26,3,924,15,2
1698305100,10,26,3,925,15,2
1698305160,10,26,3,926,15,2
1698305220,10,26,3,927,15,2
1698305280,10,26,3,928,15,2
1698305340,10,26,3,929,15,1
1698305460,10,26,3,931,15,1
1698305520,10,26,3,932,15,1
1698305580,10,26,3,933,15,1
1698305640,10,26,3,934,15,1
1698305700,10,26,3,935,15,1
1698305760,10,26,3,936,15,1
1698305820,10,26,3,937,15,1
1698305880,10,26,3,938,15,2
1698305940,10,26,3,939,15,1
1698306000,10,26,3,940,15,1
1698306060,10,26,3,941,15,2
1698306120,10,26,3,942,15,2
1698306180,10,26,3,943,15,2
1698306240,10,26,3,944,15,2
1698306300,10,26,3,945,15,2
1698306360,10,26,3,946,15,3
1698306420,10,26,3,947,15,3
1698306480,10,26,3,948,15,3
1698306540,10,26,3,949,15,3
1698306600,10,26,3,950,15,4
1698306660,10,26,3,951,15,3
1698306720,10,26,3,952,15,3
1698306780,10,26,3,953,15,3
1698306840,10,26,3,954,15,3
1698306900,10,26,3,955,15,3
1698306960,10,26,3,956,15,3
1698307020,10,26,3,957,15,3
1698307080,10,26,3,958,15,3
1698307140,10,26,3,959,15,2
1698307260,10,26,3,961,15,1
1698307320,10,26,3,962,15,2
1698307380,10,26,3,963,15,2
1698307440,10,26,3,964,15,2
1698307500,10,26,3,965,15,2
1698307560,10,26,3,966,15,2
1698307620,10,26,3,967,15,2
1698307680,10,26,3,968,15,2
1698307740,10,26,3,969,15,2
1698307800,10,26,3,970,15,2
1698307860,10,26,3,971,15,2
1698307920,10,26,3,972,15,2
1698307980,10,26,3,973,15,2
1698308040,10,26,3,974,15,3
1698308100,10,26,3,975,15,3
1698308160,10,26,3,976,15,3
1698308220,10,26,3,977,15,3
1698308280,10,26,3,978,15,2
1698308340,10,26,3,979,15,2
1698308460,10,26,3,981,15,1
1698308520,10,26,3,982,15,0
1698308580,10,26,3,983,15,0
1698308640,10,26,3,984,15,0
1698308700,10,26,3,985,15,0
1698308760,10,26,3,986,15,2
1698308820,10,26,3,987,15,2
1698308880,10,26,3,988,15,4
1698308940,10,26,3,989,15,4
1698309060,10,26,3,991,15,1
1698309120,10,26,3,992,15,0
1698309180,10,26,3,993,15,0
1698309240,10,26,3,994,15,0
1698309300,10,26,3,995,15,0
1698309360,10,26,3,996,15,0
1698309420,10,26,3,997,15,1
1698309480,10,26,3,998,15,0
1698309540,10,26,3,999,15,1
1698309600,10,26,3,1000,15,0
1698309660,10,26,3,1001,15,0
1698309720,10,26,3,1002,15,2
1698309780,10,26,3,1003,15,1
1698309840,10,26,3,1004,15,0
1698309900,10,26,3,1005,15,0
1698309960,10,26,3,1006,15,1
1698310020,10,26,3,1007,15,1
1698310080,10,26,3,1008,15,1
1698310140,10,26,3,1009,15,2
1698310200,10,26,3,1010,15,1
1698310260,10,26,3,1011,15,0
1698310320,10,26,3,1012,15,0
1698310380,10,26,3,1013,15,0
1698310440,10,26,3,1014,15,1
1698310500,10,26,3,1015,15,1
1698310560,10,26,3,1016,15,1
1698310620,10,26,3,1017,15,1
1698310680,10,26,3,1018,15,1
1698310740,10,26,3,1019,15,1
1698310860,10,26,3,1021,15,2
1698310920,10,26,3,1022,15,2
1698310980,10,26,3,1023,15,1
1698311040,10,26,3,1024,15,0
1698311100,10,26,3,1025,15,2
1698311160,10,26,3,1026,15,1
1698311220,10,26,3,1027,15,1
1698311280,10,26,3,1028,15,1
1698311340,10,26,3,1029,15,1
1698311400,10,26,3,1030,15,2
1698311460,10,26,3,1031,15,3
1698311520,10,26,3,1032,15,2
1698311580,10,26,3,1033,15,2
1698311640,10,26,3,1034,15,3
1698311700,10,26,3,1035,15,1
1698311760,10,26,3,1036,15,0
1698311820,10,26,3,1037,15,1
1698311880,10,26,3,1038,15,1
1698311940,10,26,3,1039,15,1
1698312060,10,26,3,1041,15,0
1698312120,10,26,3,1042,15,0
1698312180,10,26,3,1043,15,0
1698312240,10,26,3,1044,15,0
1698312300,10,26,3,1045,15,0
1698312360,10,26,3,1046,15,0
1698312420,10,26,3,1047,15,0
1698312480,10,26,3,1048,15,0
1698312540,10,26,3,1049,15,0
1698312660,10,26,3,1051,15,0
1698312720,10,26,3,1052,15,2
1698312780,10,26,3,1053,15,2
1698312840,10,26,3,1054,15,2
1698312900,10,26,3,1055,15,0
1698312960,10,26,3,1056,15,2
1698313020,10,26,3,1057,15,2
1698313080,10,26,3,1058,15,2
1698313140,10,26,3,1059,15,2
1698313260,10,26,3,1061,15,0
1698313380,10,26,3,1063,15,1
1698313440,10,26,3,1064,15,0
1698313500,10,26,3,1065,15,0
1698313560,10,26,3,1066,15,1
1698313620,10,26,3,1067,15,0
1698313680,10,26,3,1068,15,0
1698313740,10,26,3,1069,15,1
1698313800,10,26,3,1070,15,0
1698313860,10,26,3,1071,15,0
1698313920,10,26,3,1072,15,0
1698313980,10,26,3,1073,15,1
1698314040,10,26,3,1074,15,0
1698314100,10,26,3,1075,15,0
1698314160,10,26,3,1076,15,1
1698314220,10,26,3,1077,15,1
1698314280,10,26,3,1078,15,1
1698314340,10,26,3,1079,15,1
1698314460,10,26,3,1081,15,0
1698314520,10,26,3,1082,15,0
1698314580,10,26,3,1083,15,0
1698314640,10,26,3,1084,15,0
1698314700,10,26,3,1085,15,1
1698314760,10,26,3,1086,15,0
1698314820,10,26,3,1087,15,0
1698314880,10,26,3,1088,15,0
1698314940,10,26,3,1089,15,0
1698315000,10,26,3,1090,15,0
1698315060,10,26,3,1091,15,0
1698315120,10,26,3,1092,15,0
1698315180,10,26,3,1093,15,0
1698315240,10,26,3,1094,15,0
1698315300,10,26,3,1095,15,1
1698315360,10,26,3,1096,15,0
1698315420,10,26,3,1097,15,1
1698315480,10,26,3,1098,15,0
1698315540,10,26,3,1099,15,0
1698315660,10,26,3,1101,15,0
1698315720,10,26,3,1102,15,0
1698315780,10,26,3,1103,15,0
1698315840,10,26,3,1104,15,0
1698315900,10,26,3,1105,15,0
1698315960,10,26,3,1106,15,0
1698316020,10,26,3,1107,15,0
1698316080,10,26,3,1108,15,0
1698316140,10,26,3,1109,15,0
1698316260,10,26,3,1111,15,0
1698316320,10,26,3,1112,15,0
1698316380,10,26,3,1113,15,0
1698316440,10,26,3,1114,15,0
1698316500,10,26,3,1115,15,0
1698316560,10,26,3,1116,15,0
1698316620,10,26,3,1117,15,0
1698316680,10,26,3,1118,15,0
1698316740,10,26,3,1119,15,0
1698316800,10,26,3,1120,15,0
1698316860,10,26,3,1121,15,0
1698316920,10,26,3,1122,15,0
1698316980,10,26,3,1123,15,0
1698317040,10,26,3,1124,15,0
1698317100,10,26,3,1125,15,0
1698317160,10,26,3,1126,15,0
1698317220,10,26,3,1127,15,0
1698317280,10,26,3,1128,15,0
1698317340,10,26,3,1129,15,0
1698317400,10,26,3,1130,15,0
1698317460,10,26,3,1131,15,0
1698317520,10,26,3,1132,15,0
1698317580,10,26,3,1133,15,1
1698317640,10,26,3,1134,15,1
1698317700,10,26,3,1135,15,1
1698317760,10,26,3,1136,15,0
1698317820,10,26,3,1137,15,0
1698317880,10,26,3,1138,15,1
1698317940,10,26,3,1139,15,0
1698318060,10,26,3,1141,15,1
1698318120,10,26,3,1142,15,1
1698318180,10,26,3,1143,15,1
1698318240,10,26,3,1144,15,1
1698318300,10,26,3,1145,15,1
1698318360,10,26,3,1146,15,1
1698318420,10,26,3,1147,15,1
1698318480,10,26,3,1148,15,1
1698318540,10,26,3,1149,15,1
1698318600,10,26,3,1150,15,1
1698318660,10,26,3,1151,15,1
1698318720,10,26,3,1152,15,1
1698318780,10,26,3,1153,15,1
1698318840,10,26,3,1154,15,1
1698318900,10,26,3,1155,15,1
1698318960,10,26,3,1156,15,1
1698319020,10,26,3,1157,15,1
1698319080,10,26,3,1158,15,0
1698319140,10,26,3,1159,15,0
1698319260,10,26,3,1161,15,0
1698319320,10,26,3,1162,15,0
1698319380,10,26,3,1163,15,0
1698319440,10,26,3,1164,15,0
1698319500,10,26,3,1165,15,1
1698319560,10,26,3,1166,15,1
1698319620,10,26,3,1167,15,1
1698319680,10,26,3,1168,15,1
1698319740,10,26,3,1169,15,2
1698319860,10,26,3,1171,15,1
1698319920,10,26,3,1172,15,1
1698319980,10,26,3,1173,15,0
1698320040,10,26,3,1174,15,0
1698320100,10,26,3,1175,15,0
1698320160,10,26,3,1176,15,0
1698320220,10,26,3,1177,15,0
1698320280,10,26,3,1178,15,1
1698320340,10,26,3,1179,15,0
1698320400,10,26,3,1180,15,0
1698320460,10,26,3,1181,15,0
1698320580,10,26,3,1183,15,0
1698320640,10,26,3,1184,15,0
1698320700,10,26,3,1185,15,0
1698320760,10,26,3,1186,15,0
1698320820,10,26,3,1187,15,0
1698320880,10,26,3,1188,15,0
1698320940,10,26,3,1189,15,0
1698321000,10,26,3,1190,15,0
1698321060,10,26,3,1191,15,0
1698321180,10,26,3,1193,15,0
1698321240,10,26,3,1194,15,0
1698321300,10,26,3,1195,15,0
1698321360,10,26,3,1196,15,0
1698321420,10,26,3,1197,15,0
1698321480,10,26,3,1198,15,1
1698321540,10,26,3,1199,15,1
1698321660,10,26,3,1201,15,1
1698321720,10,26,3,1202,15,1
1698321780,10,26,3,1203,15,1
1698321900,10,26,3,1205,15,1
1698321960,10,26,3,1206,15,3
1698322020,10,26,3,1207,15,3
1698322080,10,26,3,1208,15,3
1698322140,10,26,3,1209,15,3
1698322200,10,26,3,1210,15,5
1698322260,10,26,3,1211,15,5
1698322320,10,26,3,1212,15,5
1698322380,10,26,3,1213,15,5
1698322440,10,26,3,1214,15,4
1698322500,10,26,3,1215,15,4
1698322560,10,26,3,1216,15,4
1698322620,10,26,3,1217,15,4
1698322680,10,26,3,1218,15,6
1698322740,10,26,3,1219,15,6
1698322860,10,26,3,1221,15,6
1698322920,10,26,3,1222,15,6
1698322980,10,26,3,1223,15,6
1698323040,10,26,3,1224,15,6
1698323100,10,26,3,1225,15,6
1698323160,10,26,3,1226,15,6
1698323220,10,26,3,1227,15,6
1698323280,10,26,3,1228,15,6
1698323340,10,26,3,1229,15,5
1698323460,10,26,3,1231,15,5
1698323520,10,26,3,1232,15,4
1698323580,10,26,3,1233,15,4
1698323640,10,26,3,1234,15,4
1698323700,10,26,3,1235,15,2
1698323760,10,26,3,1236,15,2
1698323820,10,26,3,1237,15,2
1698323880,10,26,3,1238,15,3
1698323940,10,26,3,1239,15,3
1698324000,10,26,3,1240,15,3
1698324060,10,26,3,1241,15,2
1698324120,10,26,3,1242,15,2
1698324180,10,26,3,1243,15,2
1698324240,10,26,3,1244,15,2
1698324300,10,26,3,1245,15,2
1698324360,10,26,3,1246,15,2
1698324420,10,26,3,1247,15,2
1698324480,10,26,3,1248,15,2
1698324540,10,26,3,1249,15,2
1698324600,10,26,3,1250,15,3
1698324660,10,26,3,1251,15,3
1698324720,10,26,3,1252,15,2
1698324780,10,26,3,1253,15,3
1698324840,10,26,3,1254,15,3
1698324900,10,26,3,1255,15,3
1698324960,10,26,3,1256,15,3
1698325020,10,26,3,1257,15,3
1698325080,10,26,3,1258,15,4
1698325140,10,26,3,1259,15,4
1698325260,10,26,3,1261,15,4
1698325320,10,26,3,1262,15,4
1698325380,10,26,3,1263,15,4
1698325440,10,26,3,1264,15,4
1698325500,10,26,3,1265,15,4
1698325560,10,26,3,1266,15,4
1698325620,10,26,3,1267,15,3
1698325680,10,26,3,1268,15,3
1698325740,10,26,3,1269,15,3
1698325800,10,26,3,1270,15,3
1698325860,10,26,3,1271,15,3
1698325920,10,26,3,1272,15,3
1698325980,10,26,3,1273,15,3
1698326040,10,26,3,1274,15,3
1698326100,10,26,3,1275,15,3
1698326160,10,26,3,1276,15,3
1698326220,10,26,3,1277,15,1
1698326280,10,26,3,1278,15,3
1698326340,10,26,3,1279,15,3
1698326460,10,26,3,1281,15,3
1698326520,10,26,3,1282,15,3
1698326580,10,26,3,1283,15,3
1698326640,10,26,3,1284,15,3
1698326700,10,26,3,1285,15,2
1698326760,10,26,3,1286,15,3
1698326820,10,26,3,1287,15,3
1698326880,10,26,3,1288,15,3
1698326940,10,26,3,1289,15,2
1698327060,10,26,3,1291,15,1
1698327120,10,26,3,1292,15,1
1698327180,10,26,3,1293,15,1
1698327240,10,26,3,1294,15,0
1698327300,10,26,3,1295,15,0
1698327360,10,26,3,1296,15,0
1698327420,10,26,3,1297,15,0
1698327480,10,26,3,1298,15,1
1698327540,10,26,3,1299,15,0
1698327600,10,26,3,1300,15,0
1698327660,10,26,3,1301,15,0
1698327720,10,26,3,1302,15,0
1698327780,10,26,3,1303,15,0
1698327840,10,26,3,1304,15,0
1698327900,10,26,3,1305,15,0
1698327960,10,26,3,1306,15,0
1698328020,10,26,3,1307,15,0
1698328080,10,26,3,1308,15,0
1698328140,10,26,3,1309,15,0
1698328200,10,26,3,1310,15,0
1698328260,10,26,3,1311,15,0
1698328320,10,26,3,1312,15,0
1698328380,10,26,3,1313,15,0
1698328440,10,26,3,1314,15,0
1698328500,10,26,3,1315,15,0
1698328560,10,26,3,1316,15,0
1698328620,10,26,3,1317,15,0
1698328680,10,26,3,1318,15,0
1698328740,10,26,3,1319,15,0
1698328860,10,26,3,1321,15,0
1698328920,10,26,3,1322,15,2
1698328980,10,26,3,1323,15,2
1698329040,10,26,3,1324,15,2
1698329100,10,26,3,1325,15,1
1698329160,10,26,3,1326,15,2
1698329220,10,26,3,1327,15,2
1698329280,10,26,3,1328,15,2
1698329340,10,26,3,1329,15,1
1698329400,10,26,3,1330,15,1
1698329460,10,26,3,1331,15,1
1698329520,10,26,3,1332,15,1
1698329580,10,26,3,1333,15,1
1698329640,10,26,3,1334,15,1
1698329700,10,26,3,1335,15,1
1698329760,10,26,3,1336,15,1
1698329820,10,26,3,1337,15,2
1698329880,10,26,3,1338,15,4
1698329940,10,26,3,1339,15,4
1698330060,10,26,3,1341,15,2
1698330120,10,26,3,1342,15,3
1698330180,10,26,3,1343,15,2
1698330240,10,26,3,1344,15,2
1698330300,10,26,3,1345,15,2
1698330360,10,26,3,1346,15,2
1698330420,10,26,3,1347,15,2
1698330480,10,26,3,1348,15,2
1698330540,10,26,3,1349,15,2
1698330600,10,26,3,1350,15,2
1698330660,10,26,3,1351,15,1
1698330720,10,26,3,1352,15,1
1698330780,10,26,3,1353,15,1
1698330840,10,26,3,1354,15,1
1698330900,10,26,3,1355,15,1
1698330960,10,26,3,1356,15,1
1698331020,10,26,3,1357,15,1
1698331080,10,26,3,1358,15,2
1698331140,10,26,3,1359,15,2
1698331200,10,26,3,1360,15,2
1698331260,10,26,3,1361,15,2
1698331320,10,26,3,1362,15,2
1698331380,10,26,3,1363,15,2
1698331440,10,26,3,1364,15,2
1698331500,10,26,3,1365,15,2
1698331560,10,26,3,1366,15,3
1698331620,10,26,3,1367,15,3
1698331680,10,26,3,1368,15,3
1698331740,10,26,3,1369,15,3
1698331800,10,26,3,1370,15,4
1698331860,10,26,3,1371,15,4
1698331920,10,26,3,1372,15,4
1698331980,10,26,3,1373,15,4
1698332040,10,26,3,1374,15,5
1698332100,10,26,3,1375,15,5
1698332160,10,26,3,1376,15,5
1698332220,10,26,3,1377,15,4
1698332280,10,26,3,1378,15,4
1698332340,10,26,3,1379,15,4
1698332400,10,26,3,1380,15,4
1698332520,10,26,3,1382,15,4
1698332580,10,26,3,1383,15,4
1698332640,10,26,3,1384,15,4
1698332700,10,26,3,1385,15,4
1698332760,10,26,3,1386,15,4
1698332820,10,26,3,1387,15,5
1698332880,10,26,3,1388,15,4
1698332940,10,26,3,1389,15,6
1698333000,10,26,3,1390,15,6
1698333060,10,26,3,1391,15,6
1698333120,10,26,3,1392,15,6
1698333180,10,26,3,1393,15,6
1698333240,10,26,3,1394,15,6
1698333300,10,26,3,1395,15,6
1698333360,10,26,3,1396,15,6
1698333420,10,26,3,1397,15,6
1698333480,10,26,3,1398,15,6
1698333540,10,26,3,1399,15,6
1698333660,10,26,3,1401,15,5
1698333720,10,26,3,1402,15,5
1698333780,10,26,3,1403,15,6
1698333840,10,26,3,1404,15,6
1698333900,10,26,3,1405,15,6
1698333960,10,26,3,1406,15,6
1698334020,10,26,3,1407,15,5
1698334080,10,26,3,1408,15,5
1698334140,10,26,3,1409,15,5
1698334200,10,26,3,1410,15,5
1698334260,10,26,3,1411,15,6
1698334320,10,26,3,1412,15,6
1698334380,10,26,3,1413,15,6
1698334440,10,26,3,1414,15,6
1698334500,10,26,3,1415,15,6
1698334560,10,26,3,1416,15,6
1698334620,10,26,3,1417,15,6
1698334680,10,26,3,1418,15,6
1698334740,10,26,3,1419,15,5
1698334800,10,26,3,1420,15,4
1698334860,10,26,3,1421,15,4
1698334920,10,26,3,1422,15,4
1698334980,10,26,3,1423,15,4
1698335040,10,26,3,1424,15,4
1698335100,10,26,3,1425,15,5
1698335160,10,26,3,1426,15,5
1698335220,10,26,3,1427,15,5
1698335280,10,26,3,1428,15,5
1698335340,10,26,3,1429,15,6
1698335400,10,26,3,1430,15,6
1698335460,10,26,3,1431,15,7
1698335520,10,26,3,1432,15,7
1698335580,10,26,3,1433,15,7
1698335640,10,26,3,1434,15,6
1698335700,10,26,3,1435,15,6
1698335760,10,26,3,1436,15,6
1698335820,10,26,3,1437,15,6
1698335880,10,26,3,1438,15,6
1698335940,10,26,3,1439,15,7
1698336060,10,27,4,1,15,8
1698336120,10,27,4,2,15,8
1698336180,10,27,4,3,15,8
1698336240,10,27,4,4,15,8
1698336300,10,27,4,5,15,8
1698336360,10,27,4,6,15,8
1698336420,10,27,4,7,15,8
1698336480,10,27,4,8,15,8
1698336540,10,27,4,9,15,8
1698336600,10,27,4,10,15,7
1698336660,10,27,4,11,15,7
1698336720,10,27,4,12,15,7
1698336780,10,27,4,13,15,7
1698336840,10,27,4,14,15,7
1698336900,10,27,4,15,15,6
1698336960,10,27,4,16,15,6
1698337020,10,27,4,17,15,6
1698337080,10,27,4,18,15,6
1698337140,10,27,4,19,15,6
1698337260,10,27,4,21,15,6
1698337320,10,27,4,22,15,6
1698337380,10,27,4,23,15,8
1698337440,10,27,4,24,15,7
1698337500,10,27,4,25,15,6
1698337560,10,27,4,26,15,6
1698337620,10,27,4,27,15,6
1698337680,10,27,4,28,15,4
1698337740,10,27,4,29,15,3
1698337800,10,27,4,30,15,3
1698337860,10,27,4,31,15,3
1698337920,10,27,4,32,15,3
1698337980,10,27,4,33,15,3
1698338100,10,27,4,35,15,3
1698338160,10,27,4,36,15,3
1698338220,10,27,4,37,15,3
1698338280,10,27,4,38,15,3
1698338340,10,27,4,39,15,3
1698338400,10,27,4,40,15,3
1698338460,10,27,4,41,15,3
1698338520,10,27,4,42,15,3
1698338580,10,27,4,43,15,3
1698338640,10,27,4,44,15,3
1698338700,10,27,4,45,15,3
1698338760,10,27,4,46,15,3
1698338820,10,27,4,47,15,3
1698338880,10,27,4,48,15,3
1698338940,10,27,4,49,15,3
1698339000,10,27,4,50,15,3
1698339060,10,27,4,51,15,3
1698339120,10,27,4,52,15,3
1698339180,10,27,4,53,15,3
1698339240,10,27,4,54,15,5
1698339300,10,27,4,55,15,5
1698339360,10,27,4,56,15,5
1698339420,10,27,4,57,15,5
1698339480,10,27,4,58,15,5
1698339540,10,27,4,59,15,5
1698339600,10,27,4,60,15,5
1698339660,10,27,4,61,15,6
1698339720,10,27,4,62,15,6
1698339780,10,27,4,63,15,6
1698339840,10,27,4,64,15,6
1698339900,10,27,4,65,15,6
1698340020,10,27,4,67,15,6
1698340080,10,27,4,68,15,6
1698340140,10,27,4,69,15,6
1698340200,10,27,4,70,15,6
1698340260,10,27,4,71,15,6
1698340320,10,27,4,72,15,6
1698340380,10,27,4,73,15,7
1698340440,10,27,4,74,15,7
1698340500,10,27,4,75,15,7
1698340560,10,27,4,76,15,7
1698340620,10,27,4,77,15,7
1698340680,10,27,4,78,15,7
1698340740,10,27,4,79,15,7
1698340920,10,27,4,82,15,6
1698340980,10,27,4,83,15,6
1698341040,10,27,4,84,15,6
1698341100,10,27,4,85,15,6
1698341160,10,27,4,86,15,6
1698341220,10,27,4,87,15,6
1698341280,10,27,4,88,15,6
1698341340,10,27,4,89,15,7
1698341460,10,27,4,91,15,7
1698341520,10,27,4,92,15,7
1698341580,10,27,4,93,15,7
1698341640,10,27,4,94,15,7
1698341700,10,27,4,95,15,7
1698341760,10,27,4,96,15,7
1698341820,10,27,4,97,15,7
1698341880,10,27,4,98,15,7
1698341940,10,27,4,99,15,7
1698342000,10,27,4,100,15,7
1698342060,10,27,4,101,15,7
1698342120,10,27,4,102,15,7
1698342180,10,27,4,103,15,8
1698342240,10,27,4,104,15,8
1698342300,10,27,4,105,15,8
1698342360,10,27,4,106,15,8
1698342420,10,27,4,107,15,8
1698342480,10,27,4,108,15,8
1698342540,10,27,4,109,15,8
1698342600,10,27,4,110,15,8
1698342660,10,27,4,111,15,8
1698342720,10,27,4,112,15,8
1698342780,10,27,4,113,15,8
1698342840,10,27,4,114,15,8
1698342900,10,27,4,115,15,8
1698342960,10,27,4,116,15,8
1698343020,10,27,4,117,15,9
1698343080,10,27,4,118,15,9
1698343140,10,27,4,119,15,9
1698343260,10,27,4,121,15,11
1698343320,10,27,4,122,15,11
1698343380,10,27,4,123,15,11
1698343440,10,27,4,124,15,11
1698343500,10,27,4,125,15,12
1698343560,10,27,4,126,15,12
1698343620,10,27,4,127,15,12
1698343680,10,27,4,128,15,12
1698343740,10,27,4,129,15,12
1698343800,10,27,4,130,15,12
1698343860,10,27,4,131,15,12
1698343920,10,27,4,132,15,12
1698343980,10,27,4,133,15,12
1698344040,10,27,4,134,15,12
1698344100,10,27,4,135,15,12
1698344160,10,27,4,136,15,12
1698344220,10,27,4,137,15,12
1698344280,10,27,4,138,15,12
1698344340,10,27,4,139,15,12
1698344460,10,27,4,141,15,12
1698344520,10,27,4,142,15,12
1698344580,10,27,4,143,15,12
1698344640,10,27,4,144,15,12
1698344700,10,27,4,145,15,12
1698344760,10,27,4,146,15,12
1698344820,10,27,4,147,15,12
1698344880,10,27,4,148,15,12
1698344940,10,27,4,149,15,12
1698345000,10,27,4,150,15,12
1698345060,10,27,4,151,15,12
1698345120,10,27,4,152,15,12
1698345180,10,27,4,153,15,12
1698345240,10,27,4,154,15,12
1698345300,10,27,4,155,15,12
1698345360,10,27,4,156,15,12
1698345420,10,27,4,157,15,12
1698345480,10,27,4,158,15,12
1698345540,10,27,4,159,15,12
1698345600,10,27,4,160,15,12
1698345660,10,27,4,161,15,12
1698345720,10,27,4,162,15,12
1698345780,10,27,4,163,15,12
1698345840,10,27,4,164,15,12
1698345900,10,27,4,165,15,12
1698345960,10,27,4,166,15,12
1698346020,10,27,4,167,15,12
1698346080,10,27,4,168,15,12
1698346140,10,27,4,169,15,12
1698346200,10,27,4,170,15,12
1698346260,10,27,4,171,15,12
1698346320,10,27,4,172,15,12
1698346380,10,27,4,173,15,12
1698346440,10,27,4,174,15,11
1698346500,10,27,4,175,15,11
1698346560,10,27,4,176,15,11
1698346620,10,27,4,177,15,11
1698346680,10,27,4,178,15,11
1698346740,10,27,4,179,15,11
1698346800,10,27,4,180,15,11
1698346860,10,27,4,181,15,11
1698346920,10,27,4,182,15,11
1698346980,10,27,4,183,15,11
1698347040,10,27,4,184,15,11
1698347100,10,27,4,185,15,11
1698347160,10,27,4,186,15,11
1698347220,10,27,4,187,15,11
1698347280,10,27,4,188,15,11
1698347340,10,27,4,189,15,11
1698347400,10,27,4,190,15,11
1698347460,10,27,4,191,15,11
1698347520,10,27,4,192,15,11
1698347580,10,27,4,193,15,11
1698347640,10,27,4,194,15,10
1698347700,10,27,4,195,15,9
1698347760,10,27,4,196,15,9
1698347820,10,27,4,197,15,9
1698347880,10,27,4,198,15,9
1698347940,10,27,4,199,15,9
1698348060,10,27,4,201,15,8
1698348120,10,27,4,202,15,8
1698348180,10,27,4,203,15,8
1698348240,10,27,4,204,15,8
1698348300,10,27,4,205,15,8
1698348360,10,27,4,206,15,8
1698348420,10,27,4,207,15,8
1698348480,10,27,4,208,15,8
1698348540,10,27,4,209,15,8
1698348600,10,27,4,210,15,8
1698348660,10,27,4,211,15,8
1698348720,10,27,4,212,15,8
1698348780,10,27,4,213,15,8
1698348840,10,27,4,214,15,8
1698348900,10,27,4,215,15,8
1698348960,10,27,4,216,15,8
1698349020,10,27,4,217,15,8
1698349080,10,27,4,218,15,8
1698349140,10,27,4,219,15,8
1698349200,10,27,4,220,15,8
1698349260,10,27,4,221,15,8
1698349320,10,27,4,222,15,9
1698349380,10,27,4,223,15,9
1698349440,10,27,4,224,15,9
1698349500,10,27,4,225,15,9
1698349560,10,27,4,226,15,9
1698349620,10,27,4,227,15,9
1698349680,10,27,4,228,15,9
1698349740,10,27,4,229,15,9
1698349800,10,27,4,230,15,10
1698349860,10,27,4,231,15,10
1698349920,10,27,4,232,15,10
1698349980,10,27,4,233,15,10
1698350040,10,27,4,234,15,10
1698350100,10,27,4,235,15,10
1698350160,10,27,4,236,15,10
1698350220,10,27,4,237,15,10
1698350280,10,27,4,238,15,10
1698350340,10,27,4,239,15,10
1698350400,10,27,4,240,15,10
1698350460,10,27,4,241,15,10
1698350520,10,27,4,242,15,10
1698350580,10,27,4,243,15,10
1698350640,10,27,4,244,15,10
1698350700,10,27,4,245,15,10
1698350760,10,27,4,246,15,10
1698350820,10,27,4,247,15,10
1698350880,10,27,4,248,15,10
1698350940,10,27,4,249,15,10
1698351000,10,27,4,250,15,10
1698351060,10,27,4,251,15,10
1698351120,10,27,4,252,15,10
1698351180,10,27,4,253,15,10
1698351240,10,27,4,254,15,10
1698351300,10,27,4,255,15,10
1698351360,10,27,4,256,15,8
1698351420,10,27,4,257,15,8
1698351480,10,27,4,258,15,8
1698351540,10,27,4,259,15,8
1698351660,10,27,4,261,15,8
1698351720,10,27,4,262,15,8
1698351780,10,27,4,263,15,8
1698351840,10,27,4,264,15,8
1698351900,10,27,4,265,15,8
1698351960,10,27,4,266,15,8
1698352020,10,27,4,267,15,8
1698352080,10,27,4,268,15,8
1698352140,10,27,4,269,15,8
1698352200,10,27,4,270,15,8
1698352260,10,27,4,271,15,8
1698352320,10,27,4,272,15,8
1698352380,10,27,4,273,15,8
1698352440,10,27,4,274,15,8
1698352500,10,27,4,275,15,8
1698352560,10,27,4,276,15,8
1698352620,10,27,4,277,15,8
1698352680,10,27,4,278,15,8
1698352740,10,27,4,279,15,8
1698352800,10,27,4,280,15,8
1698352860,10,27,4,281,15,8
1698352920,10,27,4,282,15,8
1698352980,10,27,4,283,15,8
1698353040,10,27,4,284,15,8
1698353100,10,27,4,285,15,8
1698353160,10,27,4,286,15,8
1698353220,10,27,4,287,15,8
1698353280,10,27,4,288,15,8
1698353340,10,27,4,289,15,8
1698353400,10,27,4,290,15,8
1698353460,10,27,4,291,15,8
1698353520,10,27,4,292,15,8
1698353580,10,27,4,293,15,8
1698353640,10,27,4,294,15,8
1698353700,10,27,4,295,15,8
1698353760,10,27,4,296,15,8
1698353820,10,27,4,297,15,8
1698353880,10,27,4,298,15,8
1698353940,10,27,4,299,15,8
1698354000,10,27,4,300,15,8
1698354060,10,27,4,301,15,8
1698354120,10,27,4,302,15,8
1698354180,10,27,4,303,15,8
1698354240,10,27,4,304,15,8
1698354300,10,27,4,305,15,8
1698354360,10,27,4,306,15,8
1698354420,10,27,4,307,15,8
1698354480,10,27,4,308,15,8
1698354540,10,27,4,309,15,8
1698354600,10,27,4,310,15,8
1698354660,10,27,4,311,15,8
1698354720,10,27,4,312,15,8
1698354780,10,27,4,313,15,8
1698354840,10,27,4,314,15,8
1698354900,10,27,4,315,15,8
1698354960,10,27,4,316,15,8
1698355020,10,27,4,317,15,8
1698355080,10,27,4,318,15,8
1698355140,10,27,4,319,15,7
1698355260,10,27,4,321,15,5
1698355320,10,27,4,322,15,5
1698355380,10,27,4,323,15,5
1698355440,10,27,4,324,15,5
1698355500,10,27,4,325,15,5
1698355560,10,27,4,326,15,5
1698355620,10,27,4,327,15,5
1698355680,10,27,4,328,15,5
1698355740,10,27,4,329,15,5
1698355800,10,27,4,330,15,5
1698355860,10,27,4,331,15,5
1698355920,10,27,4,332,15,5
1698355980,10,27,4,333,15,5
1698356040,10,27,4,334,15,5
1698356100,10,27,4,335,15,5
1698356160,10,27,4,336,15,5
1698356220,10,27,4,337,15,5
1698356280,10,27,4,338,15,5
1698356340,10,27,4,339,15,5
1698356400,10,27,4,340,15,5
1698356460,10,27,4,341,15,5
1698356520,10,27,4,342,15,5
1698356640,10,27,4,344,15,5
1698356700,10,27,4,345,15,5
1698356760,10,27,4,346,15,5
1698356820,10,27,4,347,15,5
1698356880,10,27,4,348,15,5
1698356940,10,27,4,349,15,5
1698357000,10,27,4,350,15,5
1698357060,10,27,4,351,15,6
1698357120,10,27,4,352,15,6
1698357180,10,27,4,353,15,6
1698357240,10,27,4,354,15,6
1698357300,10,27,4,355,15,6
1698357360,10,27,4,356,15,6
1698357420,10,27,4,357,15,6
1698357480,10,27,4,358,15,6
1698357540,10,27,4,359,15,6
1698357600,10,27,4,360,15,6
1698357660,10,27,4,361,15,6
1698357720,10,27,4,362,15,6
1698357780,10,27,4,363,15,6
1698357840,10,27,4,364,15,6
1698357900,10,27,4,365,15,6
1698357960,10,27,4,366,15,6
1698358020,10,27,4,367,15,6
1698358080,10,27,4,368,15,6
1698358140,10,27,4,369,15,6
1698358200,10,27,4,370,15,7
1698358260,10,27,4,371,15,7
1698358320,10,27,4,372,15,7
1698358380,10,27,4,373,15,7
1698358440,10,27,4,374,15,7
1698358500,10,27,4,375,15,7
1698358560,10,27,4,376,15,7
1698358620,10,27,4,377,15,7
1698358680,10,27,4,378,15,7
1698358740,10,27,4,379,15,7
1698358860,10,27,4,381,15,6
1698358920,10,27,4,382,15,6
1698358980,10,27,4,383,15,6
1698359040,10,27,4,384,15,6
1698359100,10,27,4,385,15,6
1698359160,10,27,4,386,15,6
1698359220,10,27,4,387,15,6
1698359280,10,27,4,388,15,6
1698359340,10,27,4,389,15,6
1698359400,10,27,4,390,15,6
1698359460,10,27,4,391,15,7
1698359520,10,27,4,392,15,7
1698359580,10,27,4,393,15,7
1698359640,10,27,4,394,15,7
1698359700,10,27,4,395,15,8
1698359760,10,27,4,396,15,8
1698359820,10,27,4,397,15,8
1698359880,10,27,4,398,15,8
1698359940,10,27,4,399,15,8
1698360000,10,27,4,400,15,8
1698360060,10,27,4,401,15,8
1698360120,10,27,4,402,15,8
1698360180,10,27,4,403,15,8
1698360240,10,27,4,404,15,8
1698360300,10,27,4,405,15,8
1698360360,10,27,4,406,15,8
1698360420,10,27,4,407,15,8
1698360480,10,27,4,408,15,8
1698360540,10,27,4,409,15,7
1698360600,10,27,4,410,15,7
1698360660,10,27,4,411,15,7
1698360720,10,27,4,412,15,7
1698360780,10,27,4,413,15,7
1698360840,10,27,4,414,15,7
1698360900,10,27,4,415,15,7
1698360960,10,27,4,416,15,7
1698361020,10,27,4,417,15,7
1698361080,10,27,4,418,15,7
1698361140,10,27,4,419,15,7
1698361200,10,27,4,420,15,8
1698361320,10,27,4,422,15,8
1698361380,10,27,4,423,15,7
1698361440,10,27,4,424,15,7
1698361500,10,27,4,425,15,7
1698361560,10,27,4,426,15,7
1698361620,10,27,4,427,15,7
1698361680,10,27,4,428,15,6
1698361740,10,27,4,429,15,6
1698361800,10,27,4,430,15,6
1698361860,10,27,4,431,15,6
1698361920,10,27,4,432,15,6
1698361980,10,27,4,433,15,6
1698362040,10,27,4,434,15,6
1698362100,10,27,4,435,15,6
1698362160,10,27,4,436,15,6
1698362220,10,27,4,437,15,5
1698362280,10,27,4,438,15,6
1698362340,10,27,4,439,15,5
1698362460,10,27,4,441,15,5
1698362520,10,27,4,442,15,6
1698362580,10,27,4,443,15,5
1698362640,10,27,4,444,15,5
1698362700,10,27,4,445,15,5
1698362760,10,27,4,446,15,5
1698362820,10,27,4,447,15,5
1698362880,10,27,4,448,15,6
1698362940,10,27,4,449,15,6
1698363060,10,27,4,451,15,6
1698363120,10,27,4,452,15,7
1698363180,10,27,4,453,15,6
1698363240,10,27,4,454,15,6
1698363300,10,27,4,455,15,6
1698363360,10,27,4,456,15,6
1698363420,10,27,4,457,15,6
1698363480,10,27,4,458,15,6
1698363540,10,27,4,459,15,6
1698363600,10,27,4,460,15,6
1698363660,10,27,4,461,15,6
1698363720,10,27,4,462,15,8
1698363780,10,27,4,463,15,8
1698363840,10,27,4,464,15,8
1698363900,10,27,4,465,15,8
1698363960,10,27,4,466,15,8
1698364020,10,27,4,467,15,8
1698364080,10,27,4,468,15,8
1698364140,10,27,4,469,15,8
1698364200,10,27,4,470,15,8
1698364260,10,27,4,471,15,8
1698364320,10,27,4,472,15,9
1698364380,10,27,4,473,15,8
1698364440,10,27,4,474,15,8
1698364500,10,27,4,475,15,8
1698364560,10,27,4,476,15,8
1698364620,10,27,4,477,15,8
1698364680,10,27,4,478,15,8
1698364740,10,27,4,479,15,8
1698364860,10,27,4,481,15,8
1698364920,10,27,4,482,15,8
1698364980,10,27,4,483,15,8
1698365040,10,27,4,484,15,7
1698365100,10,27,4,485,15,8
1698365160,10,27,4,486,15,8
1698365220,10,27,4,487,15,8
1698365280,10,27,4,488,15,8
1698365340,10,27,4,489,15,7
1698365400,10,27,4,490,15,6
1698365460,10,27,4,491,15,6
1698365520,10,27,4,492,15,8
1698365580,10,27,4,493,15,8
1698365640,10,27,4,494,15,8
1698365700,10,27,4,495,15,11
1698365760,10,27,4,496,15,11
1698365820,10,27,4,497,15,11
1698365880,10,27,4,498,15,11
1698365940,10,27,4,499,15,11
1698366060,10,27,4,501,15,9
1698366120,10,27,4,502,15,8
1698366180,10,27,4,503,15,8
1698366240,10,27,4,504,15,7
1698366300,10,27,4,505,15,7
1698366360,10,27,4,506,15,7
1698366420,10,27,4,507,15,6
1698366480,10,27,4,508,15,6
1698366540,10,27,4,509,15,6
1698366660,10,27,4,511,15,6
1698366720,10,27,4,512,15,7
1698366780,10,27,4,513,15,6
1698366840,10,27,4,514,15,5
1698366900,10,27,4,515,15,5
1698366960,10,27,4,516,15,4
1698367020,10,27,4,517,15,4
1698367080,10,27,4,518,15,4
1698367140,10,27,4,519,15,4
1698367200,10,27,4,520,15,4
1698367260,10,27,4,521,15,4
1698367320,10,27,4,522,15,5
1698367380,10,27,4,523,15,5
1698367440,10,27,4,524,15,5
1698367500,10,27,4,525,15,5
1698367560,10,27,4,526,15,4
1698367620,10,27,4,527,15,4
1698367680,10,27,4,528,15,5
1698367740,10,27,4,529,15,5
1698367800,10,27,4,530,15,5
1698367860,10,27,4,531,15,3
1698367920,10,27,4,532,15,3
1698367980,10,27,4,533,15,2
1698368040,10,27,4,534,15,2
1698368100,10,27,4,535,15,2
1698368160,10,27,4,536,15,1
1698368220,10,27,4,537,15,1
1698368280,10,27,4,538,15,1
1698368340,10,27,4,539,15,1
1698368460,10,27,4,541,15,0
1698368520,10,27,4,542,15,0
1698368580,10,27,4,543,15,0
1698368640,10,27,4,544,15,0
1698368700,10,27,4,545,15,0
1698368760,10,27,4,546,15,0
1698368820,10,27,4,547,15,0
1698368880,10,27,4,548,15,0
1698368940,10,27,4,549,15,0
1698369000,10,27,4,550,15,0
1698369060,10,27,4,551,15,1
1698369120,10,27,4,552,15,1
1698369180,10,27,4,553,15,1
1698369240,10,27,4,554,15,2
1698369300,10,27,4,555,15,2
1698369360,10,27,4,556,15,1
1698369420,10,27,4,557,15,0
1698369480,10,27,4,558,15,1
1698369540,10,27,4,559,15,1
1698369660,10,27,4,561,15,1
1698369720,10,27,4,562,15,0
1698369780,10,27,4,563,15,0
1698369840,10,27,4,564,15,0
1698369900,10,27,4,565,15,0
1698369960,10,27,4,566,15,0
1698370020,10,27,4,567,15,0
1698370080,10,27,4,568,15,0
1698370140,10,27,4,569,15,0
1698370260,10,27,4,571,15,0
1698370320,10,27,4,572,15,0
1698370380,10,27,4,573,15,0
1698370440,10,27,4,574,15,0
1698370500,10,27,4,575,15,0
1698370560,10,27,4,576,15,0
1698370620,10,27,4,577,15,0
1698370680,10,27,4,578,15,0
1698370740,10,27,4,579,15,0
1698370800,10,27,4,580,15,0
1698370860,10,27,4,581,15,0
1698370920,10,27,4,582,15,0
1698370980,10,27,4,583,15,0
1698371040,10,27,4,584,15,0
1698371100,10,27,4,585,15,0
1698371160,10,27,4,586,15,0
1698371220,10,27,4,587,15,0
1698371280,10,27,4,588,15,0
1698371340,10,27,4,589,15,0
1698371400,10,27,4,590,15,0
1698371460,10,27,4,591,15,0
1698371520,10,27,4,592,15,0
1698371580,10,27,4,593,15,0
1698371640,10,27,4,594,15,1
1698371700,10,27,4,595,15,1
1698371760,10,27,4,596,15,0
1698371820,10,27,4,597,15,0
1698371880,10,27,4,598,15,0
1698371940,10,27,4,599,15,0
1698372060,10,27,4,601,15,0
1698372120,10,27,4,602,15,0
1698372180,10,27,4,603,15,0
1698372240,10,27,4,604,15,0
1698372300,10,27,4,605,15,0
1698372360,10,27,4,606,15,0
1698372420,10,27,4,607,15,0
1698372480,10,27,4,608,15,0
1698372540,10,27,4,609,15,1
1698372600,10,27,4,610,15,0
1698372660,10,27,4,611,15,0
1698372720,10,27,4,612,15,0
1698372780,10,27,4,613,15,0
1698372840,10,27,4,614,15,0
1698372900,10,27,4,615,15,0
1698372960,10,27,4,616,15,1
1698373020,10,27,4,617,15,1
1698373080,10,27,4,618,15,0
1698373140,10,27,4,619,15,0
1698373260,10,27,4,621,15,0
1698373320,10,27,4,622,15,0
1698373380,10,27,4,623,15,0
1698373440,10,27,4,624,15,0
1698373500,10,27,4,625,15,0
1698373560,10,27,4,626,15,0
1698373620,10,27,4,627,15,0
1698373680,10,27,4,628,15,0
1698373740,10,27,4,629,15,0
1698373860,10,27,4,631,15,0
1698373920,10,27,4,632,15,0
1698373980,10,27,4,633,15,0
1698374040,10,27,4,634,15,0
1698374160,10,27,4,636,15,1
1698374220,10,27,4,637,15,1
1698374280,10,27,4,638,15,1
1698374340,10,27,4,639,15,1
1698374400,10,27,4,640,15,0
1698374460,10,27,4,641,15,0
1698374520,10,27,4,642,15,1
1698374580,10,27,4,643,15,1
1698374640,10,27,4,644,15,1
1698374700,10,27,4,645,15,1
1698374760,10,27,4,646,15,1
1698374820,10,27,4,647,15,0
1698374880,10,27,4,648,15,0
1698374940,10,27,4,649,15,1
1698375000,10,27,4,650,15,0
1698375060,10,27,4,651,15,0
1698375120,10,27,4,652,15,0
1698375180,10,27,4,653,15,0
1698375240,10,27,4,654,15,1
1698375300,10,27,4,655,15,1
1698375360,10,27,4,656,15,1
1698375420,10,27,4,657,15,1
1698375480,10,27,4,658,15,1
1698375540,10,27,4,659,15,0
1698375660,10,27,4,661,15,0
1698375720,10,27,4,662,15,0
1698375780,10,27,4,663,15,0
1698375840,10,27,4,664,15,0
1698375900,10,27,4,665,15,0
1698375960,10,27,4,666,15,1
1698376020,10,27,4,667,15,0
1698376080,10,27,4,668,15,0
1698376140,10,27,4,669,15,0
1698376200,10,27,4,670,15,0
1698376260,10,27,4,671,15,0
1698376320,10,27,4,672,15,1
1698376380,10,27,4,673,15,1
1698376440,10,27,4,674,15,1
1698376500,10,27,4,675,15,1
1698376560,10,27,4,676,15,1
1698376620,10,27,4,677,15,1
1698376680,10,27,4,678,15,1
1698376740,10,27,4,679,15,1
1698376860,10,27,4,681,15,0
1698376920,10,27,4,682,15,0
1698376980,10,27,4,683,15,0
1698377040,10,27,4,684,15,0
1698377100,10,27,4,685,15,0
1698377160,10,27,4,686,15,0
1698377220,10,27,4,687,15,1
1698377280,10,27,4,688,15,0
1698377340,10,27,4,689,15,0
1698377400,10,27,4,690,15,0
1698377460,10,27,4,691,15,0
1698377520,10,27,4,692,15,0
1698377580,10,27,4,693,15,0
1698377640,10,27,4,694,15,0
1698377700,10,27,4,695,15,1
1698377760,10,27,4,696,15,1
1698377820,10,27,4,697,15,0
1698377880,10,27,4,698,15,0
1698377940,10,27,4,699,15,0
1698378000,10,27,4,700,15,0
1698378060,10,27,4,701,15,0
1698378120,10,27,4,702,15,1
1698378180,10,27,4,703,15,1
1698378240,10,27,4,704,15,1
1698378300,10,27,4,705,15,1
1698378360,10,27,4,706,15,0
1698378420,10,27,4,707,15,0
1698378480,10,27,4,708,15,0
1698378540,10,27,4,709,15,0
1698378600,10,27,4,710,15,0
1698378660,10,27,4,711,15,0
1698378720,10,27,4,712,15,1
1698378780,10,27,4,713,15,0
1698378840,10,27,4,714,15,0
1698378900,10,27,4,715,15,0
1698378960,10,27,4,716,15,0
1698379020,10,27,4,717,15,0
1698379080,10,27,4,718,15,0
1698379140,10,27,4,719,15,0
1698379260,10,27,4,721,15,0
1698379320,10,27,4,722,15,1
1698379380,10,27,4,723,15,0
1698379440,10,27,4,724,15,0
1698379500,10,27,4,725,15,0
1698379560,10,27,4,726,15,1
1698379620,10,27,4,727,15,0
1698379680,10,27,4,728,15,1
1698379740,10,27,4,729,15,1
1698379800,10,27,4,730,15,1
1698379860,10,27,4,731,15,2
1698379920,10,27,4,732,15,1
1698379980,10,27,4,733,15,0
1698380040,10,27,4,734,15,0
1698380100,10,27,4,735,15,0
1698380160,10,27,4,736,15,1
1698380220,10,27,4,737,15,1
1698380280,10,27,4,738,15,1
1698380340,10,27,4,739,15,3
1698380400,10,27,4,740,15,3
1698380520,10,27,4,742,15,3
1698380580,10,27,4,743,15,3
1698380640,10,27,4,744,15,3
1698380700,10,27,4,745,15,3
1698380760,10,27,4,746,15,2
1698380820,10,27,4,747,15,2
1698380880,10,27,4,748,15,2
1698380940,10,27,4,749,15,5
1698381060,10,27,4,751,15,5
1698381120,10,27,4,752,15,4
1698381180,10,27,4,753,15,4
1698381240,10,27,4,754,15,2
1698381300,10,27,4,755,15,2
1698381360,10,27,4,756,15,1
1698381420,10,27,4,757,15,1
1698381480,10,27,4,758,15,2
1698381540,10,27,4,759,15,2
1698381600,10,27,4,760,15,2
1698381660,10,27,4,761,15,2
1698381720,10,27,4,762,15,2
1698381780,10,27,4,763,15,2
1698381840,10,27,4,764,15,1
1698381900,10,27,4,765,15,1
1698381960,10,27,4,766,15,1
1698382020,10,27,4,767,15,0
1698382080,10,27,4,768,15,0
1698382140,10,27,4,769,15,0
1698382200,10,27,4,770,15,0
1698382260,10,27,4,771,15,0
1698382320,10,27,4,772,15,0
1698382380,10,27,4,773,15,0
1698382440,10,27,4,774,15,0
1698382500,10,27,4,775,15,0
1698382560,10,27,4,776,15,0
1698382620,10,27,4,777,15,0
1698382680,10,27,4,778,15,0
1698382740,10,27,4,779,15,0
1698382860,10,27,4,781,15,0
1698382920,10,27,4,782,15,1
1698382980,10,27,4,783,15,1
1698383040,10,27,4,784,15,2
1698383100,10,27,4,785,15,2
1698383160,10,27,4,786,15,2
1698383220,10,27,4,787,15,0
1698383280,10,27,4,788,15,0
1698383340,10,27,4,789,15,0
1698383400,10,27,4,790,15,1
1698383460,10,27,4,791,15,1
1698383520,10,27,4,792,15,0
1698383580,10,27,4,793,15,0
1698383640,10,27,4,794,15,0
1698383700,10,27,4,795,15,0
1698383760,10,27,4,796,15,0
1698383820,10,27,4,797,15,0
1698383880,10,27,4,798,15,0
1698383940,10,27,4,799,15,0
1698384000,10,27,4,800,15,0
1698384120,10,27,4,802,15,2
1698384180,10,27,4,803,15,1
1698384240,10,27,4,804,15,1
1698384300,10,27,4,805,15,1
1698384360,10,27,4,806,15,1
1698384420,10,27,4,807,15,1
1698384480,10,27,4,808,15,1
1698384540,10,27,4,809,15,1
1698384660,10,27,4,811,15,2
1698384720,10,27,4,812,15,2
1698384780,10,27,4,813,15,2
1698384840,10,27,4,814,15,1
1698384900,10,27,4,815,15,1
1698384960,10,27,4,816,15,1
1698385020,10,27,4,817,15,0
1698385080,10,27,4,818,15,0
1698385140,10,27,4,819,15,0
1698385200,10,27,4,820,15,0
1698385260,10,27,4,821,15,0
1698385320,10,27,4,822,15,1
1698385380,10,27,4,823,15,0
1698385440,10,27,4,824,15,0
1698385500,10,27,4,825,15,0
1698385560,10,27,4,826,15,0
1698385620,10,27,4,827,15,0
1698385680,10,27,4,828,15,0
1698385740,10,27,4,829,15,0
1698385800,10,27,4,830,15,1
1698385860,10,27,4,831,15,1
1698385920,10,27,4,832,15,0
1698385980,10,27,4,833,15,0
1698386040,10,27,4,834,15,1
1698386100,10,27,4,835,15,1
1698386160,10,27,4,836,15,0
1698386220,10,27,4,837,15,0
1698386280,10,27,4,838,15,0
1698386340,10,27,4,839,15,0
1698386460,10,27,4,841,15,0
1698386520,10,27,4,842,15,0
1698386580,10,27,4,843,15,0
1698386640,10,27,4,844,15,0
1698386700,10,27,4,845,15,0
1698386760,10,27,4,846,15,0
1698386820,10,27,4,847,15,0
1698386880,10,27,4,848,15,0
1698386940,10,27,4,849,15,0
1698387000,10,27,4,850,15,0
1698387060,10,27,4,851,15,0
1698387120,10,27,4,852,15,0
1698387180,10,27,4,853,15,0
1698387240,10,27,4,854,15,2
1698387300,10,27,4,855,15,2
1698387360,10,27,4,856,15,2
1698387420,10,27,4,857,15,2
1698387480,10,27,4,858,15,2
1698387540,10,27,4,859,15,1
1698387660,10,27,4,861,15,1
1698387720,10,27,4,862,15,2
1698387780,10,27,4,863,15,2
1698387840,10,27,4,864,15,1
1698387900,10,27,4,865,15,1
1698387960,10,27,4,866,15,2
1698388020,10,27,4,867,15,2
1698388080,10,27,4,868,15,2
1698388140,10,27,4,869,15,1
1698388260,10,27,4,871,15,4
1698388320,10,27,4,872,15,4
1698388380,10,27,4,873,15,4
1698388440,10,27,4,874,15,4
1698388500,10,27,4,875,15,3
1698388560,10,27,4,876,15,3
1698388620,10,27,4,877,15,2
1698388680,10,27,4,878,15,2
1698388740,10,27,4,879,15,2
1698388800,10,27,4,880,15,2
1698388860,10,27,4,881,15,2
1698388920,10,27,4,882,15,3
1698388980,10,27,4,883,15,3
1698389040,10,27,4,884,15,2
1698389100,10,27,4,885,15,3
1698389160,10,27,4,886,15,4
1698389220,10,27,4,887,15,4
1698389280,10,27,4,888,15,4
1698389340,10,27,4,889,15,3
1698389400,10,27,4,890,15,4
1698389460,10,27,4,891,15,4
1698389520,10,27,4,892,15,4
1698389580,10,27,4,893,15,4
1698389640,10,27,4,894,15,6
1698389700,10,27,4,895,15,6
1698389760,10,27,4,896,15,5
1698389820,10,27,4,897,15,5
1698389880,10,27,4,898,15,6
1698389940,10,27,4,899,15,6
1698390060,10,27,4,901,15,5
1698390120,10,27,4,902,15,5
1698390180,10,27,4,903,15,5
1698390240,10,27,4,904,15,5
1698390300,10,27,4,905,15,4
1698390360,10,27,4,906,15,4
1698390420,10,27,4,907,15,3
1698390480,10,27,4,908,15,3
1698390540,10,27,4,909,15,3
1698390600,10,27,4,910,15,3
1698390660,10,27,4,911,15,3
1698390720,10,27,4,912,15,3
1698390780,10,27,4,913,15,2
1698390840,10,27,4,914,15,2
1698390900,10,27,4,915,15,2
1698390960,10,27,4,916,15,2
1698391020,10,27,4,917,15,2
1698391080,10,27,4,918,15,3
1698391140,10,27,4,919,15,2
1698391260,10,27,4,921,15,2
1698391320,10,27,4,922,15,0
1698391380,10,27,4,923,15,0
1698391440,10,27,4,924,15,0
1698391500,10,27,4,925,15,0
1698391560,10,27,4,926,15,0
1698391620,10,27,4,927,15,0
1698391680,10,27,4,928,15,0
1698391740,10,27,4,929,15,0
1698391860,10,27,4,931,15,1
1698391920,10,27,4,932,15,1
1698391980,10,27,4,933,15,0
1698392040,10,27,4,934,15,0
1698392100,10,27,4,935,15,0
1698392160,10,27,4,936,15,0
1698392220,10,27,4,937,15,0
1698392280,10,27,4,938,15,0
1698392340,10,27,4,939,15,0
1698392400,10,27,4,940,15,0
1698392460,10,27,4,941,15,0
1698392580,10,27,4,943,15,0
1698392640,10,27,4,944,15,0
1698392700,10,27,4,945,15,0
1698392760,10,27,4,946,15,0
1698392820,10,27,4,947,15,0
1698392880,10,27,4,948,15,0
1698392940,10,27,4,949,15,0
1698393060,10,27,4,951,15,0
1698393120,10,27,4,952,15,0
1698393180,10,27,4,953,15,0
1698393240,10,27,4,954,15,0
1698393300,10,27,4,955,15,0
1698393360,10,27,4,956,15,0
1698393420,10,27,4,957,15,2
1698393480,10,27,4,958,15,2
1698393540,10,27,4,959,15,1
1698393660,10,27,4,961,15,1
1698393780,10,27,4,963,15,1
1698393840,10,27,4,964,15,1
1698393900,10,27,4,965,15,1
1698393960,10,27,4,966,15,1
1698394020,10,27,4,967,15,0
1698394080,10,27,4,968,15,0
1698394140,10,27,4,969,15,0
1698394260,10,27,4,971,15,0
1698394320,10,27,4,972,15,0
1698394380,10,27,4,973,15,0
1698394440,10,27,4,974,15,0
1698394500,10,27,4,975,15,0
1698394560,10,27,4,976,15,0
1698394620,10,27,4,977,15,0
1698394680,10,27,4,978,15,0
1698394740,10,27,4,979,15,0
1698394860,10,27,4,981,15,0
1698394920,10,27,4,982,15,0
1698394980,10,27,4,983,15,0
1698395040,10,27,4,984,15,0
1698395100,10,27,4,985,15,0
1698395160,10,27,4,986,15,0
1698395220,10,27,4,987,15,0
1698395280,10,27,4,988,15,0
1698395340,10,27,4,989,15,0
1698395400,10,27,4,990,15,2
1698395520,10,27,4,992,15,1
1698395580,10,27,4,993,15,1
1698395640,10,27,4,994,15,1
1698395700,10,27,4,995,15,2
1698395760,10,27,4,996,15,2
1698395820,10,27,4,997,15,3
1698395880,10,27,4,998,15,3
1698395940,10,27,4,999,15,3
1698396060,10,27,4,1001,15,3
1698396120,10,27,4,1002,15,3
1698396180,10,27,4,1003,15,2
1698396240,10,27,4,1004,15,2
1698396300,10,27,4,1005,15,2
1698396360,10,27,4,1006,15,0
1698396420,10,27,4,1007,15,0
1698396480,10,27,4,1008,15,0
1698396540,10,27,4,1009,15,0
1698396660,10,27,4,1011,15,1
1698396720,10,27,4,1012,15,1
1698396780,10,27,4,1013,15,1
1698396840,10,27,4,1014,15,1
1698396900,10,27,4,1015,15,1
1698396960,10,27,4,1016,15,0
1698397020,10,27,4,1017,15,0
1698397080,10,27,4,1018,15,0
1698397140,10,27,4,1019,15,0
1698397260,10,27,4,1021,15,0
1698397320,10,27,4,1022,15,1
1698397380,10,27,4,1023,15,1
1698397440,10,27,4,1024,15,1
1698397500,10,27,4,1025,15,1
1698397560,10,27,4,1026,15,1
1698397620,10,27,4,1027,15,0
1698397680,10,27,4,1028,15,1
1698397740,10,27,4,1029,15,0
1698397860,10,27,4,1031,15,0
1698397920,10,27,4,1032,15,0
1698397980,10,27,4,1033,15,0
1698398040,10,27,4,1034,15,1
1698398100,10,27,4,1035,15,1
1698398160,10,27,4,1036,15,1
1698398220,10,27,4,1037,15,2
1698398280,10,27,4,1038,15,0
1698398340,10,27,4,1039,15,0
1698398460,10,27,4,1041,15,0
1698398520,10,27,4,1042,15,0
1698398580,10,27,4,1043,15,0
1698398640,10,27,4,1044,15,0
1698398700,10,27,4,1045,15,0
1698398760,10,27,4,1046,15,0
1698398820,10,27,4,1047,15,0
1698398880,10,27,4,1048,15,0
1698398940,10,27,4,1049,15,1
1698399060,10,27,4,1051,15,1
1698399120,10,27,4,1052,15,0
1698399180,10,27,4,1053,15,0
1698399240,10,27,4,1054,15,0
1698399300,10,27,4,1055,15,0
1698399360,10,27,4,1056,15,0
1698399420,10,27,4,1057,15,0
1698399480,10,27,4,1058,15,0
1698399540,10,27,4,1059,15,0
1698399660,10,27,4,1061,15,0
1698399720,10,27,4,1062,15,0
1698399780,10,27,4,1063,15,0
1698399840,10,27,4,1064,15,0
1698399900,10,27,4,1065,15,0
1698399960,10,27,4,1066,15,0
1698400020,10,27,4,1067,15,0
1698400080,10,27,4,1068,15,0
1698400140,10,27,4,1069,15,1
1698400200,10,27,4,1070,15,0
1698400260,10,27,4,1071,15,0
1698400320,10,27,4,1072,15,0
1698400380,10,27,4,1073,15,0
1698400440,10,27,4,1074,15,0
1698400500,10,27,4,1075,15,0
1698400560,10,27,4,1076,15,0
1698400620,10,27,4,1077,15,0
1698400680,10,27,4,1078,15,0
1698400740,10,27,4,1079,15,0
1698400860,10,27,4,1081,15,0
1698400920,10,27,4,1082,15,0
1698400980,10,27,4,1083,15,0
1698401040,10,27,4,1084,15,0
1698401100,10,27,4,1085,15,0
1698401160,10,27,4,1086,15,1
1698401220,10,27,4,1087,15,0
1698401280,10,27,4,1088,15,0
1698401340,10,27,4,1089,15,0
1698401400,10,27,4,1090,15,0
1698401460,10,27,4,1091,15,0
1698401520,10,27,4,1092,15,0
1698401580,10,27,4,1093,15,0
1698401640,10,27,4,1094,15,0
1698401700,10,27,4,1095,15,1
1698401760,10,27,4,1096,15,0
1698401820,10,27,4,1097,15,0
1698401880,10,27,4,1098,15,0
1698401940,10,27,4,1099,15,0
1698402000,10,27,4,1100,15,0
1698402120,10,27,4,1102,15,0
1698402180,10,27,4,1103,15,0
1698402240,10,27,4,1104,15,0
1698402300,10,27,4,1105,15,0
1698402360,10,27,4,1106,15,0
1698402420,10,27,4,1107,15,0
1698402480,10,27,4,1108,15,0
1698402540,10,27,4,1109,15,0
1698402660,10,27,4,1111,15,0
1698402720,10,27,4,1112,15,0
1698402780,10,27,4,1113,15,1
1698402840,10,27,4,1114,15,0
1698402900,10,27,4,1115,15,0
1698402960,10,27,4,1116,15,1
1698403020,10,27,4,1117,15,1
1698403080,10,27,4,1118,15,2
1698403140,10,27,4,1119,15,2
1698403200,10,27,4,1120,15,1
1698403260,10,27,4,1121,15,0
1698403320,10,27,4,1122,15,0
1698403380,10,27,4,1123,15,0
1698403440,10,27,4,1124,15,0
1698403500,10,27,4,1125,15,1
1698403560,10,27,4,1126,15,1
1698403620,10,27,4,1127,15,0
1698403680,10,27,4,1128,15,0
1698403740,10,27,4,1129,15,1
1698403800,10,27,4,1130,15,2
1698403860,10,27,4,1131,15,1
1698403920,10,27,4,1132,15,0
1698403980,10,27,4,1133,15,1
1698404040,10,27,4,1134,15,0
1698404100,10,27,4,1135,15,0
1698404160,10,27,4,1136,15,0
1698404220,10,27,4,1137,15,0
1698404280,10,27,4,1138,15,0
1698404340,10,27,4,1139,15,0
1698404460,10,27,4,1141,15,1
1698404520,10,27,4,1142,15,1
1698404580,10,27,4,1143,15,1
1698404640,10,27,4,1144,15,1
1698404700,10,27,4,1145,15,1
1698404760,10,27,4,1146,15,0
1698404820,10,27,4,1147,15,0
1698404880,10,27,4,1148,15,0
1698404940,10,27,4,1149,15,1
1698405000,10,27,4,1150,15,1
1698405060,10,27,4,1151,15,1
1698405120,10,27,4,1152,15,1
1698405180,10,27,4,1153,15,0
1698405240,10,27,4,1154,15,0
1698405300,10,27,4,1155,15,0
1698405360,10,27,4,1156,15,0
1698405420,10,27,4,1157,15,0
1698405480,10,27,4,1158,15,1
1698405540,10,27,4,1159,15,1
1698405600,10,27,4,1160,15,1
1698405720,10,27,4,1162,15,1
1698405780,10,27,4,1163,15,0
1698405840,10,27,4,1164,15,0
1698405900,10,27,4,1165,15,0
1698405960,10,27,4,1166,15,0
1698406020,10,27,4,1167,15,0
1698406080,10,27,4,1168,15,0
1698406140,10,27,4,1169,15,0
1698406260,10,27,4,1171,15,0
1698406320,10,27,4,1172,15,0
1698406380,10,27,4,1173,15,1
1698406440,10,27,4,1174,15,1
1698406500,10,27,4,1175,15,1
1698406560,10,27,4,1176,15,1
1698406620,10,27,4,1177,15,1
1698406680,10,27,4,1178,15,0
1698406740,10,27,4,1179,15,0
1698406800,10,27,4,1180,15,0
1698406860,10,27,4,1181,15,0
1698406920,10,27,4,1182,15,1
1698406980,10,27,4,1183,15,1
1698407040,10,27,4,1184,15,1
1698407100,10,27,4,1185,15,1
1698407160,10,27,4,1186,15,0
1698407220,10,27,4,1187,15,0
1698407280,10,27,4,1188,15,0
1698407340,10,27,4,1189,15,0
1698407400,10,27,4,1190,15,2
1698407460,10,27,4,1191,15,2
1698407520,10,27,4,1192,15,2
1698407580,10,27,4,1193,15,2
1698407640,10,27,4,1194,15,4
1698407700,10,27,4,1195,15,4
1698407760,10,27,4,1196,15,1
1698407820,10,27,4,1197,15,1
1698407880,10,27,4,1198,15,1
1698407940,10,27,4,1199,15,1
1698408060,10,27,4,1201,15,2
1698408120,10,27,4,1202,15,3
1698408180,10,27,4,1203,15,2
1698408240,10,27,4,1204,15,1
1698408300,10,27,4,1205,15,1
1698408360,10,27,4,1206,15,5
1698408420,10,27,4,1207,15,5
1698408480,10,27,4,1208,15,5
1698408540,10,27,4,1209,15,5
1698408600,10,27,4,1210,15,6
1698408660,10,27,4,1211,15,6
1698408720,10,27,4,1212,15,6
1698408780,10,27,4,1213,15,6
1698408840,10,27,4,1214,15,8
1698408900,10,27,4,1215,15,7
1698408960,10,27,4,1216,15,7
1698409020,10,27,4,1217,15,7
1698409080,10,27,4,1218,15,8
1698409140,10,27,4,1219,15,8
1698409200,10,27,4,1220,15,8
1698409320,10,27,4,1222,15,8
1698409380,10,27,4,1223,15,8
1698409440,10,27,4,1224,15,7
1698409500,10,27,4,1225,15,6
1698409560,10,27,4,1226,15,6
1698409620,10,27,4,1227,15,5
1698409680,10,27,4,1228,15,5
1698409740,10,27,4,1229,15,5
1698409800,10,27,4,1230,15,4
1698409920,10,27,4,1232,15,4
1698409980,10,27,4,1233,15,4
1698410040,10,27,4,1234,15,6
1698410100,10,27,4,1235,15,6
1698410220,10,27,4,1237,15,5
1698410280,10,27,4,1238,15,5
1698410340,10,27,4,1239,15,5
1698410400,10,27,4,1240,15,5
1698410460,10,27,4,1241,15,5
1698410520,10,27,4,1242,15,5
1698410580,10,27,4,1243,15,4
1698410640,10,27,4,1244,15,4
1698410700,10,27,4,1245,15,4
1698410760,10,27,4,1246,15,6
1698410820,10,27,4,1247,15,6
1698410880,10,27,4,1248,15,6
1698410940,10,27,4,1249,15,6
1698411000,10,27,4,1250,15,6
1698411060,10,27,4,1251,15,6
1698411120,10,27,4,1252,15,6
1698411180,10,27,4,1253,15,5
1698411240,10,27,4,1254,15,5
1698411300,10,27,4,1255,15,5
1698411360,10,27,4,1256,15,4
1698411420,10,27,4,1257,15,4
1698411480,10,27,4,1258,15,4
1698411540,10,27,4,1259,15,3
1698411660,10,27,4,1261,15,3
1698411720,10,27,4,1262,15,3
1698411780,10,27,4,1263,15,1
1698411840,10,27,4,1264,15,1
1698411900,10,27,4,1265,15,0
1698411960,10,27,4,1266,15,1
1698412020,10,27,4,1267,15,1
1698412080,10,27,4,1268,15,1
1698412140,10,27,4,1269,15,1
1698412200,10,27,4,1270,15,1
1698412260,10,27,4,1271,15,1
1698412320,10,27,4,1272,15,1
1698412380,10,27,4,1273,15,1
1698412440,10,27,4,1274,15,0
1698412500,10,27,4,1275,15,0
1698412560,10,27,4,1276,15,0
1698412620,10,27,4,1277,15,0
1698412680,10,27,4,1278,15,1
1698412740,10,27,4,1279,15,1
1698412800,10,27,4,1280,15,0
1698412920,10,27,4,1282,15,0
1698412980,10,27,4,1283,15,0
1698413040,10,27,4,1284,15,0
1698413100,10,27,4,1285,15,0
1698413160,10,27,4,1286,15,1
1698413220,10,27,4,1287,15,0
1698413280,10,27,4,1288,15,0
1698413340,10,27,4,1289,15,0
1698413460,10,27,4,1291,15,0
1698413520,10,27,4,1292,15,0
1698413580,10,27,4,1293,15,0
1698413640,10,27,4,1294,15,1
1698413700,10,27,4,1295,15,0
1698413760,10,27,4,1296,15,0
1698413820,10,27,4,1297,15,0
1698413880,10,27,4,1298,15,0
1698413940,10,27,4,1299,15,0
1698414000,10,27,4,1300,15,0
1698414060,10,27,4,1301,15,0
1698414120,10,27,4,1302,15,0
1698414180,10,27,4,1303,15,0
1698414240,10,27,4,1304,15,0
1698414300,10,27,4,1305,15,0
1698414360,10,27,4,1306,15,0
1698414420,10,27,4,1307,15,0
1698414480,10,27,4,1308,15,1
1698414540,10,27,4,1309,15,1
1698414600,10,27,4,1310,15,2
1698414660,10,27,4,1311,15,2
1698414720,10,27,4,1312,15,2
1698414780,10,27,4,1313,15,2
1698414840,10,27,4,1314,15,2
1698414900,10,27,4,1315,15,2
1698414960,10,27,4,1316,15,2
1698415020,10,27,4,1317,15,2
1698415080,10,27,4,1318,15,2
1698415140,10,27,4,1319,15,1
1698415260,10,27,4,1321,15,1
1698415320,10,27,4,1322,15,1
1698415380,10,27,4,1323,15,0
1698415440,10,27,4,1324,15,0
1698415500,10,27,4,1325,15,0
1698415560,10,27,4,1326,15,0
1698415620,10,27,4,1327,15,0
1698415680,10,27,4,1328,15,0
1698415740,10,27,4,1329,15,0
1698415800,10,27,4,1330,15,1
1698415860,10,27,4,1331,15,1
1698415920,10,27,4,1332,15,1
1698415980,10,27,4,1333,15,1
1698416040,10,27,4,1334,15,2
1698416100,10,27,4,1335,15,0
1698416160,10,27,4,1336,15,0
1698416220,10,27,4,1337,15,0
1698416280,10,27,4,1338,15,2
1698416340,10,27,4,1339,15,1
1698416460,10,27,4,1341,15,1
1698416520,10,27,4,1342,15,2
1698416580,10,27,4,1343,15,2
1698416640,10,27,4,1344,15,2
1698416700,10,27,4,1345,15,2
1698416760,10,27,4,1346,15,1
1698416820,10,27,4,1347,15,1
1698416880,10,27,4,1348,15,1
1698416940,10,27,4,1349,15,1
1698417060,10,27,4,1351,15,2
1698417120,10,27,4,1352,15,2
1698417180,10,27,4,1353,15,2
1698417240,10,27,4,1354,15,3
1698417300,10,27,4,1355,15,2
1698417360,10,27,4,1356,15,2
1698417420,10,27,4,1357,15,2
1698417480,10,27,4,1358,15,2
1698417540,10,27,4,1359,15,2
1698417600,10,27,4,1360,15,2
1698417660,10,27,4,1361,15,2
1698417720,10,27,4,1362,15,0
1698417780,10,27,4,1363,15,0
1698417840,10,27,4,1364,15,0
1698417900,10,27,4,1365,15,0
1698417960,10,27,4,1366,15,0
1698418020,10,27,4,1367,15,1
1698418080,10,27,4,1368,15,1
1698418140,10,27,4,1369,15,1
1698418200,10,27,4,1370,15,0
1698418260,10,27,4,1371,15,0
1698418320,10,27,4,1372,15,0
1698418380,10,27,4,1373,15,0
1698418440,10,27,4,1374,15,1
1698418500,10,27,4,1375,15,1
1698418560,10,27,4,1376,15,1
1698418620,10,27,4,1377,15,0
1698418680,10,27,4,1378,15,0
1698418740,10,27,4,1379,15,0
1698418860,10,27,4,1381,15,0
1698418920,10,27,4,1382,15,1
1698418980,10,27,4,1383,15,2
1698419040,10,27,4,1384,15,2
1698419100,10,27,4,1385,15,2
1698419160,10,27,4,1386,15,2
1698419220,10,27,4,1387,15,2
1698419280,10,27,4,1388,15,2
1698419340,10,27,4,1389,15,2
1698419400,10,27,4,1390,15,2
1698419460,10,27,4,1391,15,3
1698419520,10,27,4,1392,15,3
1698419580,10,27,4,1393,15,4
1698419640,10,27,4,1394,15,3
1698419700,10,27,4,1395,15,3
1698419760,10,27,4,1396,15,3
1698419820,10,27,4,1397,15,4
1698419880,10,27,4,1398,15,4
1698419940,10,27,4,1399,15,5
1698420060,10,27,4,1401,15,5
1698420120,10,27,4,1402,15,5
1698420180,10,27,4,1403,15,5
1698420240,10,27,4,1404,15,5
1698420300,10,27,4,1405,15,3
1698420360,10,27,4,1406,15,3
1698420420,10,27,4,1407,15,1
1698420480,10,27,4,1408,15,1
1698420540,10,27,4,1409,15,0
1698420600,10,27,4,1410,15,0
1698420660,10,27,4,1411,15,0
1698420720,10,27,4,1412,15,0
1698420780,10,27,4,1413,15,0
1698420840,10,27,4,1414,15,1
1698420900,10,27,4,1415,15,1
1698420960,10,27,4,1416,15,1
1698421020,10,27,4,1417,15,4
1698421080,10,27,4,1418,15,4
1698421140,10,27,4,1419,15,4
1698421200,10,27,4,1420,15,4
1698421260,10,27,4,1421,15,4
1698421320,10,27,4,1422,15,4
1698421380,10,27,4,1423,15,4
1698421440,10,27,4,1424,15,4
1698421500,10,27,4,1425,15,5
1698421560,10,27,4,1426,15,5
1698421620,10,27,4,1427,15,1
1698421680,10,27,4,1428,15,1
1698421740,10,27,4,1429,15,1
1698421800,10,27,4,1430,15,1
1698421860,10,27,4,1431,15,1
1698421920,10,27,4,1432,15,1
1698421980,10,27,4,1433,15,1
1698422040,10,27,4,1434,15,1
1698422100,10,27,4,1435,15,1
1698422160,10,27,4,1436,15,2
1698422220,10,27,4,1437,15,3
1698422280,10,27,4,1438,15,3
1698422340,10,27,4,1439,15,3
1698422460,10,28,5,1,15,2
1698422520,10,28,5,2,15,2
1698422580,10,28,5,3,15,2
1698422640,10,28,5,4,15,2
1698422700,10,28,5,5,15,3
1698422760,10,28,5,6,15,3
1698422820,10,28,5,7,15,2
1698422880,10,28,5,8,15,2
1698422940,10,28,5,9,15,2
1698423000,10,28,5,10,15,2
1698423060,10,28,5,11,15,2
1698423120,10,28,5,12,15,5
1698423180,10,28,5,13,15,7
1698423240,10,28,5,14,15,8
1698423300,10,28,5,15,15,8
1698423360,10,28,5,16,15,8
1698423420,10,28,5,17,15,8
1698423480,10,28,5,18,15,8
1698423540,10,28,5,19,15,7
1698423660,10,28,5,21,15,7
1698423720,10,28,5,22,15,7
1698423780,10,28,5,23,15,7
1698423840,10,28,5,24,15,7
1698423900,10,28,5,25,15,7
1698423960,10,28,5,26,15,7
1698424020,10,28,5,27,15,7
1698424080,10,28,5,28,15,7
1698424140,10,28,5,29,15,7
1698424200,10,28,5,30,15,8
1698424260,10,28,5,31,15,8
1698424320,10,28,5,32,15,8
1698424380,10,28,5,33,15,8
1698424440,10,28,5,34,15,8
1698424500,10,28,5,35,15,9
1698424560,10,28,5,36,15,9
1698424620,10,28,5,37,15,9
1698424680,10,28,5,38,15,9
1698424740,10,28,5,39,15,9
1698424800,10,28,5,40,15,9
1698424860,10,28,5,41,15,9
1698424920,10,28,5,42,15,9
1698424980,10,28,5,43,15,9
1698425040,10,28,5,44,15,9
1698425100,10,28,5,45,15,9
1698425160,10,28,5,46,15,9
1698425220,10,28,5,47,15,9
1698425280,10,28,5,48,15,9
1698425340,10,28,5,49,15,9
1698425400,10,28,5,50,15,9
1698425460,10,28,5,51,15,9
1698425520,10,28,5,52,15,9
1698425580,10,28,5,53,15,9
1698425640,10,28,5,54,15,9
1698425700,10,28,5,55,15,9
1698425760,10,28,5,56,15,9
1698425820,10,28,5,57,15,9
1698425880,10,28,5,58,15,9
1698425940,10,28,5,59,15,9
1698426000,10,28,5,60,15,9
1698426060,10,28,5,61,15,9
1698426120,10,28,5,62,15,9
1698426180,10,28,5,63,15,9
1698426240,10,28,5,64,15,9
1698426300,10,28,5,65,15,9
1698426360,10,28,5,66,15,9
1698426420,10,28,5,67,15,9
1698426480,10,28,5,68,15,10
1698426540,10,28,5,69,15,10
1698426600,10,28,5,70,15,10
1698426660,10,28,5,71,15,10
1698426720,10,28,5,72,15,10
1698426900,10,28,5,75,15,10
1698426960,10,28,5,76,15,10
1698427020,10,28,5,77,15,11
1698427080,10,28,5,78,15,11
1698427140,10,28,5,79,15,11
1698427260,10,28,5,81,15,11
1698427320,10,28,5,82,15,11
1698427380,10,28,5,83,15,11
1698427440,10,28,5,84,15,11
1698427560,10,28,5,86,15,9
1698427620,10,28,5,87,15,9
1698427680,10,28,5,88,15,9
1698427740,10,28,5,89,15,9
1698427800,10,28,5,90,15,9
1698427860,10,28,5,91,15,9
1698427920,10,28,5,92,15,9
1698427980,10,28,5,93,15,9
1698428040,10,28,5,94,15,9
1698428100,10,28,5,95,15,9
1698428160,10,28,5,96,15,9
1698428220,10,28,5,97,15,9
1698428280,10,28,5,98,15,9
1698428340,10,28,5,99,15,9
1698428400,10,28,5,100,15,9
1698428460,10,28,5,101,15,9
1698428520,10,28,5,102,15,9
1698428580,10,28,5,103,15,9
1698428640,10,28,5,104,15,9
1698428700,10,28,5,105,15,9
1698428820,10,28,5,107,15,9
1698428880,10,28,5,108,15,9
1698428940,10,28,5,109,15,9
1698429000,10,28,5,110,15,9
1698429060,10,28,5,111,15,9
1698429120,10,28,5,112,15,9
1698429180,10,28,5,113,15,9
1698429240,10,28,5,114,15,9
1698429360,10,28,5,116,15,10
1698429420,10,28,5,117,15,10
1698429480,10,28,5,118,15,10
1698429540,10,28,5,119,15,10
1698429660,10,28,5,121,15,10
1698429720,10,28,5,122,15,10
1698429780,10,28,5,123,15,10
1698429900,10,28,5,125,15,10
1698429960,10,28,5,126,15,10
1698430020,10,28,5,127,15,10
1698430080,10,28,5,128,15,10
1698430140,10,28,5,129,15,10
1698430200,10,28,5,130,15,10
1698430260,10,28,5,131,15,10
1698430320,10,28,5,132,15,10
1698430380,10,28,5,133,15,10
1698430440,10,28,5,134,15,10
1698430500,10,28,5,135,15,10
1698430560,10,28,5,136,15,10
1698430620,10,28,5,137,15,10
1698430680,10,28,5,138,15,12
1698430740,10,28,5,139,15,12
1698430860,10,28,5,141,15,12
1698430920,10,28,5,142,15,12
1698430980,10,28,5,143,15,12
1698431040,10,28,5,144,15,12
1698431100,10,28,5,145,15,12
1698431160,10,28,5,146,15,12
1698431220,10,28,5,147,15,12
1698431280,10,28,5,148,15,12
1698431340,10,28,5,149,15,12
1698431400,10,28,5,150,15,12
1698431460,10,28,5,151,15,12
1698431520,10,28,5,152,15,12
1698431580,10,28,5,153,15,12
1698431640,10,28,5,154,15,12
1698431700,10,28,5,155,15,12
1698431760,10,28,5,156,15,12
1698431820,10,28,5,157,15,12
1698431880,10,28,5,158,15,12
1698431940,10,28,5,159,15,12
1698432000,10,28,5,160,15,12
1698432060,10,28,5,161,15,12
1698432120,10,28,5,162,15,12
1698432180,10,28,5,163,15,11
1698432240,10,28,5,164,15,11
1698432300,10,28,5,165,15,11
1698432360,10,28,5,166,15,11
1698432420,10,28,5,167,15,11
1698432480,10,28,5,168,15,11
1698432540,10,28,5,169,15,11
1698432600,10,28,5,170,15,11
1698432660,10,28,5,171,15,11
1698432720,10,28,5,172,15,11
1698432780,10,28,5,173,15,11
1698432840,10,28,5,174,15,11
1698432900,10,28,5,175,15,11
1698432960,10,28,5,176,15,11
1698433020,10,28,5,177,15,11
1698433080,10,28,5,178,15,11
1698433140,10,28,5,179,15,11
1698433200,10,28,5,180,15,11
1698433380,10,28,5,183,15,11
1698433500,10,28,5,185,15,11
1698433560,10,28,5,186,15,11
1698433620,10,28,5,187,15,11
1698433680,10,28,5,188,15,10
1698433740,10,28,5,189,15,10
1698433800,10,28,5,190,15,10
1698433860,10,28,5,191,15,10
1698433920,10,28,5,192,15,10
1698433980,10,28,5,193,15,10
1698434040,10,28,5,194,15,10
1698434100,10,28,5,195,15,10
1698434160,10,28,5,196,15,10
1698434220,10,28,5,197,15,10
1698434280,10,28,5,198,15,10
1698434340,10,28,5,199,15,10
1698434460,10,28,5,201,15,10
1698434520,10,28,5,202,15,10
1698434580,10,28,5,203,15,10
1698434640,10,28,5,204,15,10
1698434700,10,28,5,205,15,10
1698434760,10,28,5,206,15,10
1698434820,10,28,5,207,15,10
1698434880,10,28,5,208,15,10
1698434940,10,28,5,209,15,10
1698435000,10,28,5,210,15,10
1698435060,10,28,5,211,15,10
1698435120,10,28,5,212,15,10
1698435180,10,28,5,213,15,10
1698435240,10,28,5,214,15,10
1698435300,10,28,5,215,15,10
1698435360,10,28,5,216,15,11
1698435420,10,28,5,217,15,11
1698435480,10,28,5,218,15,11
1698435540,10,28,5,219,15,11
1698435600,10,28,5,220,15,11
1698435660,10,28,5,221,15,11
1698435720,10,28,5,222,15,11
1698435780,10,28,5,223,15,11
1698435840,10,28,5,224,15,11
1698435900,10,28,5,225,15,11
1698435960,10,28,5,226,15,11
1698436020,10,28,5,227,15,11
1698436080,10,28,5,228,15,11
1698436140,10,28,5,229,15,10
1698436200,10,28,5,230,15,10
1698436260,10,28,5,231,15,10
1698436320,10,28,5,232,15,10
1698436380,10,28,5,233,15,10
1698436440,10,28,5,234,15,10
1698436500,10,28,5,235,15,10
1698436560,10,28,5,236,15,10
1698436620,10,28,5,237,15,10
1698436680,10,28,5,238,15,10
1698436740,10,28,5,239,15,10
1698436800,10,28,5,240,15,10
1698436860,10,28,5,241,15,10
1698436920,10,28,5,242,15,10
1698436980,10,28,5,243,15,10
1698437040,10,28,5,244,15,10
1698437100,10,28,5,245,15,10
1698437160,10,28,5,246,15,10
1698437220,10,28,5,247,15,10
1698437280,10,28,5,248,15,10
1698437340,10,28,5,249,15,10
1698437400,10,28,5,250,15,10
1698437460,10,28,5,251,15,10
1698437520,10,28,5,252,15,10
1698437580,10,28,5,253,15,10
1698437640,10,28,5,254,15,10
1698437700,10,28,5,255,15,10
1698437760,10,28,5,256,15,10
1698437820,10,28,5,257,15,10
1698437880,10,28,5,258,15,10
1698437940,10,28,5,259,15,10
1698438060,10,28,5,261,15,10
1698438120,10,28,5,262,15,10
1698438180,10,28,5,263,15,10
1698438240,10,28,5,264,15,10
1698438300,10,28,5,265,15,10
1698438360,10,28,5,266,15,10
1698438420,10,28,5,267,15,10
1698438480,10,28,5,268,15,10
1698438540,10,28,5,269,15,10
1698438600,10,28,5,270,15,10
1698438660,10,28,5,271,15,10
1698438720,10,28,5,272,15,10
1698438780,10,28,5,273,15,10
1698438840,10,28,5,274,15,10
1698438900,10,28,5,275,15,10
1698438960,10,28,5,276,15,10
1698439020,10,28,5,277,15,10
1698439080,10,28,5,278,15,10
1698439140,10,28,5,279,15,10
1698439200,10,28,5,280,15,10
1698439260,10,28,5,281,15,10
1698439320,10,28,5,282,15,10
1698439380,10,28,5,283,15,10
1698439440,10,28,5,284,15,10
1698439500,10,28,5,285,15,10
1698439560,10,28,5,286,15,10
1698439620,10,28,5,287,15,10
1698439680,10,28,5,288,15,10
1698439740,10,28,5,289,15,10
1698439800,10,28,5,290,15,10
1698439860,10,28,5,291,15,10
1698439920,10,28,5,292,15,10
1698439980,10,28,5,293,15,10
1698440040,10,28,5,294,15,10
1698440100,10,28,5,295,15,10
1698440160,10,28,5,296,15,12
1698440220,10,28,5,297,15,12
1698440280,10,28,5,298,15,12
1698440340,10,28,5,299,15,12
1698440400,10,28,5,300,15,12
1698440460,10,28,5,301,15,12
1698440520,10,28,5,302,15,12
1698440580,10,28,5,303,15,12
1698440640,10,28,5,304,15,12
1698440700,10,28,5,305,15,12
1698440760,10,28,5,306,15,12
1698440820,10,28,5,307,15,12
1698440880,10,28,5,308,15,12
1698440940,10,28,5,309,15,12
1698441000,10,28,5,310,15,12
1698441060,10,28,5,311,15,12
1698441120,10,28,5,312,15,12
1698441180,10,28,5,313,15,12
1698441240,10,28,5,314,15,12
1698441300,10,28,5,315,15,12
1698441360,10,28,5,316,15,12
1698441420,10,28,5,317,15,12
1698441480,10,28,5,318,15,12
1698441540,10,28,5,319,15,12
1698441660,10,28,5,321,15,12
1698441720,10,28,5,322,15,12
1698441780,10,28,5,323,15,12
1698441840,10,28,5,324,15,12
1698441900,10,28,5,325,15,12
1698441960,10,28,5,326,15,12
1698442020,10,28,5,327,15,12
1698442080,10,28,5,328,15,12
1698442140,10,28,5,329,15,12
1698442200,10,28,5,330,15,12
1698442260,10,28,5,331,15,12
1698442320,10,28,5,332,15,12
1698442380,10,28,5,333,15,12
1698442440,10,28,5,334,15,12
1698442500,10,28,5,335,15,12
1698442560,10,28,5,336,15,12
1698442620,10,28,5,337,15,12
1698442680,10,28,5,338,15,12
1698442740,10,28,5,339,15,12
1698442800,10,28,5,340,15,11
1698442860,10,28,5,341,15,11
1698442920,10,28,5,342,15,11
1698442980,10,28,5,343,15,11
1698443040,10,28,5,344,15,11
1698443100,10,28,5,345,15,11
1698443160,10,28,5,346,15,11
1698443220,10,28,5,347,15,11
1698443280,10,28,5,348,15,11
1698443340,10,28,5,349,15,11
1698443400,10,28,5,350,15,11
1698443460,10,28,5,351,15,11
1698443520,10,28,5,352,15,11
1698443580,10,28,5,353,15,11
1698443640,10,28,5,354,15,11
1698443700,10,28,5,355,15,11
1698443760,10,28,5,356,15,11
1698443820,10,28,5,357,15,11
1698443880,10,28,5,358,15,11
1698443940,10,28,5,359,15,11
1698444000,10,28,5,360,15,11
1698444060,10,28,5,361,15,11
1698444120,10,28,5,362,15,11
1698444180,10,28,5,363,15,11
1698444240,10,28,5,364,15,11
1698444300,10,28,5,365,15,11
1698444360,10,28,5,366,15,11
1698444480,10,28,5,368,15,11
1698444600,10,28,5,370,15,11
1698444660,10,28,5,371,15,11
1698444780,10,28,5,373,15,11
1698444840,10,28,5,374,15,11
1698444960,10,28,5,376,15,11
1698445080,10,28,5,378,15,11
1698445140,10,28,5,379,15,11
1698445260,10,28,5,381,15,11
1698445320,10,28,5,382,15,11
1698445380,10,28,5,383,15,11
1698445440,10,28,5,384,15,11
1698445500,10,28,5,385,15,12
1698445560,10,28,5,386,15,12
1698445620,10,28,5,387,15,12
1698445680,10,28,5,388,15,12
1698445740,10,28,5,389,15,12
1698445800,10,28,5,390,15,12
1698445860,10,28,5,391,15,12
1698445920,10,28,5,392,15,12
1698445980,10,28,5,393,15,12
1698446040,10,28,5,394,15,12
1698446100,10,28,5,395,15,12
1698446160,10,28,5,396,15,12
1698446220,10,28,5,397,15,12
1698446280,10,28,5,398,15,12
1698446340,10,28,5,399,15,12
1698446400,10,28,5,400,15,12
1698446460,10,28,5,401,15,12
1698446520,10,28,5,402,15,12
1698446580,10,28,5,403,15,12
1698446640,10,28,5,404,15,12
1698446700,10,28,5,405,15,12
1698446760,10,28,5,406,15,12
1698446820,10,28,5,407,15,12
1698446880,10,28,5,408,15,12
1698446940,10,28,5,409,15,12
1698447000,10,28,5,410,15,12
1698447060,10,28,5,411,15,12
1698447120,10,28,5,412,15,12
1698447180,10,28,5,413,15,12
1698447240,10,28,5,414,15,12
1698447300,10,28,5,415,15,12
1698447360,10,28,5,416,15,12
1698447420,10,28,5,417,15,12
1698447480,10,28,5,418,15,12
1698447540,10,28,5,419,15,12
1698447600,10,28,5,420,15,12
1698447660,10,28,5,421,15,12
1698447720,10,28,5,422,15,12
1698447780,10,28,5,423,15,12
1698447840,10,28,5,424,15,12
1698447960,10,28,5,426,15,12
1698448020,10,28,5,427,15,12
1698448080,10,28,5,428,15,12
1698448140,10,28,5,429,15,12
1698448200,10,28,5,430,15,12
1698448260,10,28,5,431,15,12
1698448320,10,28,5,432,15,12
1698448380,10,28,5,433,15,12
1698448440,10,28,5,434,15,12
1698448500,10,28,5,435,15,12
1698448560,10,28,5,436,15,12
1698448620,10,28,5,437,15,12
1698448680,10,28,5,438,15,12
1698448740,10,28,5,439,15,12
1698448860,10,28,5,441,15,12
1698448920,10,28,5,442,15,12
1698448980,10,28,5,443,15,12
1698449040,10,28,5,444,15,13
1698449100,10,28,5,445,15,13
1698449160,10,28,5,446,15,13
1698449220,10,28,5,447,15,13
1698449280,10,28,5,448,15,13
1698449340,10,28,5,449,15,13
1698449400,10,28,5,450,15,13
1698449460,10,28,5,451,15,13
1698449520,10,28,5,452,15,13
1698449580,10,28,5,453,15,13
1698449640,10,28,5,454,15,13
1698449700,10,28,5,455,15,13
1698449760,10,28,5,456,15,13
1698449820,10,28,5,457,15,13
1698449880,10,28,5,458,15,12
1698449940,10,28,5,459,15,12
1698450000,10,28,5,460,15,12
1698450060,10,28,5,461,15,12
1698450120,10,28,5,462,15,12
1698450180,10,28,5,463,15,12
1698450240,10,28,5,464,15,13
1698450300,10,28,5,465,15,13
1698450360,10,28,5,466,15,13
1698450420,10,28,5,467,15,13
1698450480,10,28,5,468,15,13
1698450540,10,28,5,469,15,13
1698450600,10,28,5,470,15,13
1698450660,10,28,5,471,15,13
1698450720,10,28,5,472,15,13
1698450780,10,28,5,473,15,13
1698450840,10,28,5,474,15,13
1698450900,10,28,5,475,15,13
1698450960,10,28,5,476,15,13
1698451020,10,28,5,477,15,13
1698451080,10,28,5,478,15,12
1698451140,10,28,5,479,15,11
1698451260,10,28,5,481,15,11
1698451320,10,28,5,482,15,11
1698451380,10,28,5,483,15,11
1698451440,10,28,5,484,15,11
1698451500,10,28,5,485,15,11
1698451560,10,28,5,486,15,11
1698451620,10,28,5,487,15,11
1698451680,10,28,5,488,15,11
1698451740,10,28,5,489,15,11
1698451800,10,28,5,490,15,11
1698451860,10,28,5,491,15,11
1698451920,10,28,5,492,15,11
1698451980,10,28,5,493,15,11
1698452040,10,28,5,494,15,11
1698452100,10,28,5,495,15,11
1698452160,10,28,5,496,15,11
1698452220,10,28,5,497,15,11
1698452280,10,28,5,498,15,9
1698452340,10,28,5,499,15,8
1698452460,10,28,5,501,15,8
1698452520,10,28,5,502,15,8
1698452580,10,28,5,503,15,8
1698452640,10,28,5,504,15,8
1698452700,10,28,5,505,15,8
1698452760,10,28,5,506,15,8
1698452820,10,28,5,507,15,8
1698452880,10,28,5,508,15,7
1698452940,10,28,5,509,15,7
1698453000,10,28,5,510,15,7
1698453060,10,28,5,511,15,7
1698453120,10,28,5,512,15,7
1698453180,10,28,5,513,15,7
1698453240,10,28,5,514,15,7
1698453300,10,28,5,515,15,7
1698453360,10,28,5,516,15,7
1698453420,10,28,5,517,15,7
1698453480,10,28,5,518,15,7
1698453540,10,28,5,519,15,7
1698453600,10,28,5,520,15,7
1698453660,10,28,5,521,15,7
1698453720,10,28,5,522,15,7
1698453780,10,28,5,523,15,7
1698453840,10,28,5,524,15,7
1698453900,10,28,5,525,15,7
1698453960,10,28,5,526,15,7
1698454020,10,28,5,527,15,7
1698454080,10,28,5,528,15,6
1698454140,10,28,5,529,15,5
1698454200,10,28,5,530,15,5
1698454260,10,28,5,531,15,5
1698454320,10,28,5,532,15,5
1698454380,10,28,5,533,15,5
1698454440,10,28,5,534,15,5
1698454500,10,28,5,535,15,5
1698454560,10,28,5,536,15,5
1698454620,10,28,5,537,15,5
1698454680,10,28,5,538,15,5
1698454740,10,28,5,539,15,5
1698454860,10,28,5,541,15,5
1698454920,10,28,5,542,15,5
1698454980,10,28,5,543,15,3
1698455040,10,28,5,544,15,3
1698455100,10,28,5,545,15,2
1698455160,10,28,5,546,15,2
1698455220,10,28,5,547,15,2
1698455280,10,28,5,548,15,2
1698455340,10,28,5,549,15,2
1698455400,10,28,5,550,15,2
1698455460,10,28,5,551,15,2
1698455520,10,28,5,552,15,2
1698455580,10,28,5,553,15,2
1698455640,10,28,5,554,15,2
1698455700,10,28,5,555,15,2
1698455760,10,28,5,556,15,2
1698455820,10,28,5,557,15,2
1698455880,10,28,5,558,15,2
1698455940,10,28,5,559,15,2
1698456060,10,28,5,561,15,2
1698456120,10,28,5,562,15,2
1698456180,10,28,5,563,15,2
1698456240,10,28,5,564,15,3
1698456300,10,28,5,565,15,3
1698456360,10,28,5,566,15,3
1698456420,10,28,5,567,15,3
1698456480,10,28,5,568,15,3
1698456540,10,28,5,569,15,3
1698456600,10,28,5,570,15,3
1698456660,10,28,5,571,15,3
1698456720,10,28,5,572,15,3
1698456780,10,28,5,573,15,3
1698456840,10,28,5,574,15,3
1698456900,10,28,5,575,15,3
1698456960,10,28,5,576,15,3
1698457020,10,28,5,577,15,3
1698457080,10,28,5,578,15,2
1698457140,10,28,5,579,15,3
1698457200,10,28,5,580,15,2
1698457260,10,28,5,581,15,2
1698457320,10,28,5,582,15,1
1698457380,10,28,5,583,15,1
1698457440,10,28,5,584,15,1
1698457500,10,28,5,585,15,1
1698457560,10,28,5,586,15,1
1698457620,10,28,5,587,15,1
1698457680,10,28,5,588,15,1
1698457740,10,28,5,589,15,1
1698457800,10,28,5,590,15,1
1698457860,10,28,5,591,15,1
1698457920,10,28,5,592,15,1
1698457980,10,28,5,593,15,1
1698458040,10,28,5,594,15,1
1698458100,10,28,5,595,15,1
1698458160,10,28,5,596,15,1
1698458220,10,28,5,597,15,1
1698458280,10,28,5,598,15,1
1698458340,10,28,5,599,15,1
1698458460,10,28,5,601,15,1
1698458520,10,28,5,602,15,0
1698458580,10,28,5,603,15,0
1698458640,10,28,5,604,15,0
1698458700,10,28,5,605,15,0
1698458760,10,28,5,606,15,0
1698458820,10,28,5,607,15,0
1698458880,10,28,5,608,15,0
1698458940,10,28,5,609,15,0
1698459000,10,28,5,610,15,0
1698459060,10,28,5,611,15,0
1698459120,10,28,5,612,15,0
1698459180,10,28,5,613,15,0
1698459240,10,28,5,614,15,0
1698459300,10,28,5,615,15,1
1698459360,10,28,5,616,15,1
1698459420,10,28,5,617,15,0
1698459480,10,28,5,618,15,0
1698459540,10,28,5,619,15,0
1698459660,10,28,5,621,15,0
1698459720,10,28,5,622,15,0
1698459780,10,28,5,623,15,0
1698459840,10,28,5,624,15,0
1698459900,10,28,5,625,15,0
1698459960,10,28,5,626,15,0
1698460020,10,28,5,627,15,0
1698460080,10,28,5,628,15,0
1698460140,10,28,5,629,15,0
1698460260,10,28,5,631,15,1
1698460320,10,28,5,632,15,1
1698460380,10,28,5,633,15,1
1698460440,10,28,5,634,15,1
1698460500,10,28,5,635,15,1
1698460560,10,28,5,636,15,1
1698460620,10,28,5,637,15,0
1698460680,10,28,5,638,15,0
1698460740,10,28,5,639,15,0
1698460800,10,28,5,640,15,0
1698460860,10,28,5,641,15,0
1698460920,10,28,5,642,15,0
1698460980,10,28,5,643,15,0
1698461040,10,28,5,644,15,0
1698461100,10,28,5,645,15,0
1698461160,10,28,5,646,15,0
1698461220,10,28,5,647,15,0
1698461280,10,28,5,648,15,0
1698461340,10,28,5,649,15,0
1698461400,10,28,5,650,15,0
1698461520,10,28,5,652,15,0
1698461580,10,28,5,653,15,0
1698461640,10,28,5,654,15,1
1698461700,10,28,5,655,15,1
1698461760,10,28,5,656,15,0
1698461820,10,28,5,657,15,0
1698461880,10,28,5,658,15,0
1698461940,10,28,5,659,15,0
1698462060,10,28,5,661,15,0
1698462120,10,28,5,662,15,0
1698462180,10,28,5,663,15,0
1698462240,10,28,5,664,15,0
1698462300,10,28,5,665,15,0
1698462360,10,28,5,666,15,0
1698462420,10,28,5,667,15,0
1698462480,10,28,5,668,15,0
1698462540,10,28,5,669,15,0
1698462600,10,28,5,670,15,0
1698462660,10,28,5,671,15,0
1698462720,10,28,5,672,15,0
1698462780,10,28,5,673,15,0
1698462840,10,28,5,674,15,0
1698462900,10,28,5,675,15,0
1698462960,10,28,5,676,15,0
1698463020,10,28,5,677,15,0
1698463080,10,28,5,678,15,0
1698463140,10,28,5,679,15,0
1698463260,10,28,5,681,15,0
1698463320,10,28,5,682,15,0
1698463380,10,28,5,683,15,0
1698463440,10,28,5,684,15,0
1698463500,10,28,5,685,15,0
1698463560,10,28,5,686,15,0
1698463620,10,28,5,687,15,0
1698463680,10,28,5,688,15,0
1698463740,10,28,5,689,15,0
1698463860,10,28,5,691,15,1
1698463920,10,28,5,692,15,1
1698463980,10,28,5,693,15,1
1698464040,10,28,5,694,15,1
1698464100,10,28,5,695,15,1
1698464160,10,28,5,696,15,1
1698464220,10,28,5,697,15,1
1698464280,10,28,5,698,15,1
1698464340,10,28,5,699,15,1
1698464400,10,28,5,700,15,1
1698464460,10,28,5,701,15,1
1698464520,10,28,5,702,15,1
1698464580,10,28,5,703,15,0
1698464640,10,28,5,704,15,0
1698464700,10,28,5,705,15,0
1698464760,10,28,5,706,15,0
1698464820,10,28,5,707,15,0
1698464880,10,28,5,708,15,0
1698464940,10,28,5,709,15,0
1698465000,10,28,5,710,15,0
1698465060,10,28,5,711,15,0
1698465120,10,28,5,712,15,0
1698465180,10,28,5,713,15,0
1698465240,10,28,5,714,15,0
1698465300,10,28,5,715,15,0
1698465360,10,28,5,716,15,0
1698465420,10,28,5,717,15,0
1698465480,10,28,5,718,15,0
1698465540,10,28,5,719,15,0
1698465660,10,28,5,721,15,0
1698465720,10,28,5,722,15,0
1698465780,10,28,5,723,15,0
1698465840,10,28,5,724,15,1
1698465900,10,28,5,725,15,1
1698465960,10,28,5,726,15,0
1698466020,10,28,5,727,15,0
1698466080,10,28,5,728,15,0
1698466140,10,28,5,729,15,0
1698466200,10,28,5,730,15,0
1698466260,10,28,5,731,15,0
1698466320,10,28,5,732,15,0
1698466380,10,28,5,733,15,0
1698466440,10,28,5,734,15,1
1698466500,10,28,5,735,15,0
1698466560,10,28,5,736,15,0
1698466620,10,28,5,737,15,0
1698466680,10,28,5,738,15,0
1698466740,10,28,5,739,15,0
1698466860,10,28,5,741,15,0
1698466920,10,28,5,742,15,0
1698466980,10,28,5,743,15,0
1698467040,10,28,5,744,15,3
1698467100,10,28,5,745,15,3
1698467160,10,28,5,746,15,5
1698467220,10,28,5,747,15,5
1698467280,10,28,5,748,15,5
1698467340,10,28,5,749,15,4
1698467400,10,28,5,750,15,2
1698467520,10,28,5,752,15,1
1698467580,10,28,5,753,15,0
1698467640,10,28,5,754,15,0
1698467700,10,28,5,755,15,0
1698467760,10,28,5,756,15,1
1698467820,10,28,5,757,15,0
1698467880,10,28,5,758,15,0
1698467940,10,28,5,759,15,0
1698468000,10,28,5,760,15,0
1698468060,10,28,5,761,15,1
1698468120,10,28,5,762,15,1
1698468180,10,28,5,763,15,1
1698468240,10,28,5,764,15,0
1698468300,10,28,5,765,15,0
1698468360,10,28,5,766,15,0
1698468420,10,28,5,767,15,0
1698468480,10,28,5,768,15,0
1698468540,10,28,5,769,15,1
1698468600,10,28,5,770,15,1
1698468660,10,28,5,771,15,1
1698468720,10,28,5,772,15,0
1698468780,10,28,5,773,15,0
1698468840,10,28,5,774,15,0
1698468900,10,28,5,775,15,0
1698468960,10,28,5,776,15,0
1698469020,10,28,5,777,15,0
1698469080,10,28,5,778,15,0
1698469140,10,28,5,779,15,0
1698469260,10,28,5,781,15,0
1698469320,10,28,5,782,15,0
1698469380,10,28,5,783,15,0
1698469440,10,28,5,784,15,0
1698469500,10,28,5,785,15,0
1698469560,10,28,5,786,15,0
1698469620,10,28,5,787,15,0
1698469680,10,28,5,788,15,0
1698469740,10,28,5,789,15,0
1698469800,10,28,5,790,15,0
1698469860,10,28,5,791,15,0
1698469920,10,28,5,792,15,1
1698469980,10,28,5,793,15,0
1698470040,10,28,5,794,15,0
1698470100,10,28,5,795,15,0
1698470160,10,28,5,796,15,0
1698470220,10,28,5,797,15,0
1698470280,10,28,5,798,15,0
1698470340,10,28,5,799,15,0
1698470460,10,28,5,801,15,0
1698470520,10,28,5,802,15,0
1698470580,10,28,5,803,15,0
1698470640,10,28,5,804,15,0
1698470700,10,28,5,805,15,0
1698470760,10,28,5,806,15,0
1698470820,10,28,5,807,15,0
1698470880,10,28,5,808,15,0
1698470940,10,28,5,809,15,0
1698471060,10,28,5,811,15,0
1698471120,10,28,5,812,15,0
1698471180,10,28,5,813,15,0
1698471240,10,28,5,814,15,0
1698471300,10,28,5,815,15,0
1698471360,10,28,5,816,15,0
1698471420,10,28,5,817,15,0
1698471480,10,28,5,818,15,0
1698471540,10,28,5,819,15,0
1698471600,10,28,5,820,15,0
1698471660,10,28,5,821,15,0
1698471720,10,28,5,822,15,0
1698471780,10,28,5,823,15,0
1698471840,10,28,5,824,15,0
1698471900,10,28,5,825,15,0
1698471960,10,28,5,826,15,0
1698472020,10,28,5,827,15,0
1698472080,10,28,5,828,15,0
1698472140,10,28,5,829,15,1
1698472200,10,28,5,830,15,1
1698472260,10,28,5,831,15,1
1698472320,10,28,5,832,15,2
1698472380,10,28,5,833,15,2
1698472440,10,28,5,834,15,2
1698472500,10,28,5,835,15,2
1698472560,10,28,5,836,15,4
1698472620,10,28,5,837,15,4
1698472680,10,28,5,838,15,4
1698472740,10,28,5,839,15,4
1698472860,10,28,5,841,15,4
1698472920,10,28,5,842,15,4
1698472980,10,28,5,843,15,4
1698473040,10,28,5,844,15,4
1698473100,10,28,5,845,15,4
1698473160,10,28,5,846,15,3
1698473220,10,28,5,847,15,3
1698473280,10,28,5,848,15,3
1698473340,10,28,5,849,15,3
1698473400,10,28,5,850,15,2
1698473460,10,28,5,851,15,2
1698473520,10,28,5,852,15,2
1698473580,10,28,5,853,15,0
1698473640,10,28,5,854,15,0
1698473700,10,28,5,855,15,0
1698473760,10,28,5,856,15,0
1698473820,10,28,5,857,15,0
1698473880,10,28,5,858,15,0
1698473940,10,28,5,859,15,0
1698474060,10,28,5,861,15,0
1698474120,10,28,5,862,15,1
1698474180,10,28,5,863,15,1
1698474240,10,28,5,864,15,0
1698474300,10,28,5,865,15,0
1698474360,10,28,5,866,15,0
1698474420,10,28,5,867,15,0
1698474480,10,28,5,868,15,0
1698474540,10,28,5,869,15,0
1698474600,10,28,5,870,15,0
1698474660,10,28,5,871,15,0
1698474720,10,28,5,872,15,0
1698474780,10,28,5,873,15,0
1698474840,10,28,5,874,15,0
1698474900,10,28,5,875,15,0
1698474960,10,28,5,876,15,0
1698475020,10,28,5,877,15,0
1698475080,10,28,5,878,15,0
1698475140,10,28,5,879,15,0
1698475200,10,28,5,880,15,0
1698475260,10,28,5,881,15,0
1698475320,10,28,5,882,15,1
1698475380,10,28,5,883,15,1
1698475440,10,28,5,884,15,0
1698475500,10,28,5,885,15,0
1698475560,10,28,5,886,15,0
1698475620,10,28,5,887,15,0
1698475680,10,28,5,888,15,0
1698475740,10,28,5,889,15,0
1698475800,10,28,5,890,15,0
1698475860,10,28,5,891,15,0
1698475920,10,28,5,892,15,0
1698475980,10,28,5,893,15,0
1698476040,10,28,5,894,15,0
1698476100,10,28,5,895,15,0
1698476160,10,28,5,896,15,1
1698476220,10,28,5,897,15,1
1698476280,10,28,5,898,15,0
1698476340,10,28,5,899,15,1
1698476460,10,28,5,901,15,1
1698476520,10,28,5,902,15,1
1698476580,10,28,5,903,15,1
1698476640,10,28,5,904,15,0
1698476700,10,28,5,905,15,1
1698476760,10,28,5,906,15,1
1698476820,10,28,5,907,15,1
1698476880,10,28,5,908,15,1
1698476940,10,28,5,909,15,0
1698477000,10,28,5,910,15,0
1698477060,10,28,5,911,15,0
1698477120,10,28,5,912,15,0
1698477180,10,28,5,913,15,0
1698477240,10,28,5,914,15,0
1698477300,10,28,5,915,15,0
1698477360,10,28,5,916,15,0
1698477420,10,28,5,917,15,0
1698477480,10,28,5,918,15,0
1698477540,10,28,5,919,15,0
1698477600,10,28,5,920,15,0
1698477720,10,28,5,922,15,0
1698477780,10,28,5,923,15,0
1698477840,10,28,5,924,15,0
1698477900,10,28,5,925,15,0
1698477960,10,28,5,926,15,0
1698478020,10,28,5,927,15,0
1698478080,10,28,5,928,15,0
1698478140,10,28,5,929,15,1
1698478260,10,28,5,931,15,1
1698478320,10,28,5,932,15,1
1698478380,10,28,5,933,15,2
1698478440,10,28,5,934,15,2
1698478500,10,28,5,935,15,2
1698478560,10,28,5,936,15,2
1698478620,10,28,5,937,15,2
1698478680,10,28,5,938,15,2
1698478740,10,28,5,939,15,2
1698478800,10,28,5,940,15,2
1698478860,10,28,5,941,15,2
1698478920,10,28,5,942,15,1
1698478980,10,28,5,943,15,1
1698479040,10,28,5,944,15,1
1698479100,10,28,5,945,15,1
1698479160,10,28,5,946,15,1
1698479220,10,28,5,947,15,0
1698479280,10,28,5,948,15,0
1698479340,10,28,5,949,15,0
1698479460,10,28,5,951,15,0
1698479520,10,28,5,952,15,0
1698479580,10,28,5,953,15,0
1698479640,10,28,5,954,15,0
1698479700,10,28,5,955,15,0
1698479760,10,28,5,956,15,0
1698479820,10,28,5,957,15,0
1698479880,10,28,5,958,15,0
1698479940,10,28,5,959,15,0
1698480060,10,28,5,961,15,0
1698480120,10,28,5,962,15,0
1698480180,10,28,5,963,15,0
1698480240,10,28,5,964,15,0
1698480300,10,28,5,965,15,0
1698480360,10,28,5,966,15,0
1698480420,10,28,5,967,15,0
1698480480,10,28,5,968,15,0
1698480540,10,28,5,969,15,1
1698480600,10,28,5,970,15,0
1698480660,10,28,5,971,15,0
1698480720,10,28,5,972,15,0
1698480780,10,28,5,973,15,0
1698480840,10,28,5,974,15,0
1698480900,10,28,5,975,15,0
1698480960,10,28,5,976,15,0
1698481020,10,28,5,977,15,0
1698481080,10,28,5,978,15,0
1698481140,10,28,5,979,15,0
1698481260,10,28,5,981,15,0
1698481320,10,28,5,982,15,0
1698481380,10,28,5,983,15,0
1698481440,10,28,5,984,15,0
1698481500,10,28,5,985,15,0
1698481560,10,28,5,986,15,1
1698481620,10,28,5,987,15,1
1698481680,10,28,5,988,15,1
1698481740,10,28,5,989,15,1
1698481860,10,28,5,991,15,1
1698481920,10,28,5,992,15,1
1698481980,10,28,5,993,15,1
1698482040,10,28,5,994,15,1
1698482100,10,28,5,995,15,1
1698482160,10,28,5,996,15,1
1698482220,10,28,5,997,15,1
1698482280,10,28,5,998,15,0
1698482340,10,28,5,999,15,0
1698482400,10,28,5,1000,15,0
1698482460,10,28,5,1001,15,0
1698482520,10,28,5,1002,15,0
1698482580,10,28,5,1003,15,0
1698482640,10,28,5,1004,15,0
1698482700,10,28,5,1005,15,1
1698482760,10,28,5,1006,15,1
1698482820,10,28,5,1007,15,1
1698482880,10,28,5,1008,15,0
1698482940,10,28,5,1009,15,0
1698483060,10,28,5,1011,15,0
1698483120,10,28,5,1012,15,0
1698483180,10,28,5,1013,15,0
1698483240,10,28,5,1014,15,0
1698483300,10,28,5,1015,15,0
1698483360,10,28,5,1016,15,0
1698483420,10,28,5,1017,15,0
1698483480,10,28,5,1018,15,0
1698483540,10,28,5,1019,15,0
1698483660,10,28,5,1021,15,0
1698483720,10,28,5,1022,15,0
1698483780,10,28,5,1023,15,0
1698483840,10,28,5,1024,15,0
1698483900,10,28,5,1025,15,0
1698483960,10,28,5,1026,15,0
1698484020,10,28,5,1027,15,0
1698484080,10,28,5,1028,15,0
1698484140,10,28,5,1029,15,0
1698484200,10,28,5,1030,15,0
1698484260,10,28,5,1031,15,0
1698484320,10,28,5,1032,15,0
1698484380,10,28,5,1033,15,0
1698484440,10,28,5,1034,15,0
1698484500,10,28,5,1035,15,1
1698484560,10,28,5,1036,15,0
1698484620,10,28,5,1037,15,0
1698484680,10,28,5,1038,15,0
1698484740,10,28,5,1039,15,1
1698484860,10,28,5,1041,15,0
1698484920,10,28,5,1042,15,0
1698484980,10,28,5,1043,15,0
1698485040,10,28,5,1044,15,0
1698485100,10,28,5,1045,15,0
1698485160,10,28,5,1046,15,0
1698485220,10,28,5,1047,15,0
1698485280,10,28,5,1048,15,0
1698485340,10,28,5,1049,15,1
1698485460,10,28,5,1051,15,0
1698485520,10,28,5,1052,15,0
1698485580,10,28,5,1053,15,0
1698485640,10,28,5,1054,15,0
1698485700,10,28,5,1055,15,0
1698485760,10,28,5,1056,15,0
1698485820,10,28,5,1057,15,0
1698485880,10,28,5,1058,15,0
1698485940,10,28,5,1059,15,1
1698486000,10,28,5,1060,15,1
1698486060,10,28,5,1061,15,0
1698486120,10,28,5,1062,15,0
1698486180,10,28,5,1063,15,0
1698486240,10,28,5,1064,15,0
1698486300,10,28,5,1065,15,1
1698486360,10,28,5,1066,15,1
1698486420,10,28,5,1067,15,0
1698486480,10,28,5,1068,15,0
1698486540,10,28,5,1069,15,1
1698486600,10,28,5,1070,15,0
1698486660,10,28,5,1071,15,0
1698486720,10,28,5,1072,15,1
1698486780,10,28,5,1073,15,0
1698486840,10,28,5,1074,15,0
1698486900,10,28,5,1075,15,0
1698486960,10,28,5,1076,15,0
1698487020,10,28,5,1077,15,0
1698487080,10,28,5,1078,15,0
1698487140,10,28,5,1079,15,0
1698487260,10,28,5,1081,15,0
1698487320,10,28,5,1082,15,0
1698487380,10,28,5,1083,15,0
1698487440,10,28,5,1084,15,0
1698487500,10,28,5,1085,15,0
1698487560,10,28,5,1086,15,0
1698487620,10,28,5,1087,15,0
1698487680,10,28,5,1088,15,0
1698487740,10,28,5,1089,15,0
1698487800,10,28,5,1090,15,0
1698487860,10,28,5,1091,15,0
1698487920,10,28,5,1092,15,0
1698487980,10,28,5,1093,15,0
1698488040,10,28,5,1094,15,0
1698488100,10,28,5,1095,15,0
1698488160,10,28,5,1096,15,0
1698488220,10,28,5,1097,15,0
1698488280,10,28,5,1098,15,0
1698488340,10,28,5,1099,15,0
1698488460,10,28,5,1101,15,0
1698488520,10,28,5,1102,15,0
1698488580,10,28,5,1103,15,0
1698488640,10,28,5,1104,15,0
1698488700,10,28,5,1105,15,1
1698488760,10,28,5,1106,15,0
1698488820,10,28,5,1107,15,0
1698488880,10,28,5,1108,15,0
1698488940,10,28,5,1109,15,0
1698489060,10,28,5,1111,15,0
1698489120,10,28,5,1112,15,0
1698489180,10,28,5,1113,15,0
1698489240,10,28,5,1114,15,0
1698489300,10,28,5,1115,15,1
1698489360,10,28,5,1116,15,0
1698489420,10,28,5,1117,15,0
1698489480,10,28,5,1118,15,0
1698489540,10,28,5,1119,15,0
1698489600,10,28,5,1120,15,0
1698489660,10,28,5,1121,15,0
1698489720,10,28,5,1122,15,1
1698489780,10,28,5,1123,15,0
1698489840,10,28,5,1124,15,0
1698489900,10,28,5,1125,15,2
1698489960,10,28,5,1126,15,2
1698490020,10,28,5,1127,15,2
1698490080,10,28,5,1128,15,2
1698490140,10,28,5,1129,15,2
1698490200,10,28,5,1130,15,3
1698490260,10,28,5,1131,15,3
1698490320,10,28,5,1132,15,3
1698490380,10,28,5,1133,15,2
1698490440,10,28,5,1134,15,2
1698490500,10,28,5,1135,15,2
1698490560,10,28,5,1136,15,0
1698490620,10,28,5,1137,15,0
1698490680,10,28,5,1138,15,0
1698490740,10,28,5,1139,15,0
1698490800,10,28,5,1140,15,0
1698490920,10,28,5,1142,15,0
1698490980,10,28,5,1143,15,0
1698491040,10,28,5,1144,15,0
1698491100,10,28,5,1145,15,0
1698491160,10,28,5,1146,15,0
1698491220,10,28,5,1147,15,0
1698491280,10,28,5,1148,15,0
1698491340,10,28,5,1149,15,0
1698491400,10,28,5,1150,15,0
1698491460,10,28,5,1151,15,0
1698491520,10,28,5,1152,15,1
1698491580,10,28,5,1153,15,1
1698491640,10,28,5,1154,15,2
1698491700,10,28,5,1155,15,2
1698491760,10,28,5,1156,15,2
1698491820,10,28,5,1157,15,2
1698491880,10,28,5,1158,15,1
1698491940,10,28,5,1159,15,1
1698492060,10,28,5,1161,15,1
1698492120,10,28,5,1162,15,1
1698492180,10,28,5,1163,15,1
1698492240,10,28,5,1164,15,1
1698492300,10,28,5,1165,15,1
1698492360,10,28,5,1166,15,1
1698492420,10,28,5,1167,15,1
1698492480,10,28,5,1168,15,1
1698492540,10,28,5,1169,15,1
1698492660,10,28,5,1171,15,1
1698492720,10,28,5,1172,15,2
1698492780,10,28,5,1173,15,2
1698492840,10,28,5,1174,15,2
1698492900,10,28,5,1175,15,2
1698492960,10,28,5,1176,15,2
1698493020,10,28,5,1177,15,4
1698493080,10,28,5,1178,15,4
1698493140,10,28,5,1179,15,6
1698493200,10,28,5,1180,15,6
1698493260,10,28,5,1181,15,6
1698493320,10,28,5,1182,15,6
1698493380,10,28,5,1183,15,6
1698493440,10,28,5,1184,15,7
1698493500,10,28,5,1185,15,7
1698493560,10,28,5,1186,15,7
1698493620,10,28,5,1187,15,7
1698493680,10,28,5,1188,15,7
1698493740,10,28,5,1189,15,7
1698493800,10,28,5,1190,15,7
1698493860,10,28,5,1191,15,7
1698493920,10,28,5,1192,15,7
1698493980,10,28,5,1193,15,7
1698494040,10,28,5,1194,15,7
1698494100,10,28,5,1195,15,7
1698494160,10,28,5,1196,15,7
1698494220,10,28,5,1197,15,7
1698494280,10,28,5,1198,15,7
1698494340,10,28,5,1199,15,8
1698494460,10,28,5,1201,15,8
1698494520,10,28,5,1202,15,8
1698494580,10,28,5,1203,15,8
1698494640,10,28,5,1204,15,8
1698494760,10,28,5,1206,15,8
1698494820,10,28,5,1207,15,8
1698494880,10,28,5,1208,15,8
1698494940,10,28,5,1209,15,8
1698495000,10,28,5,1210,15,8
1698495060,10,28,5,1211,15,8
1698495120,10,28,5,1212,15,7
1698495180,10,28,5,1213,15,6
1698495240,10,28,5,1214,15,6
1698495300,10,28,5,1215,15,6
1698495360,10,28,5,1216,15,5
1698495420,10,28,5,1217,15,5
1698495480,10,28,5,1218,15,5
1698495540,10,28,5,1219,15,6
1698495600,10,28,5,1220,15,6
1698495720,10,28,5,1222,15,6
1698495780,10,28,5,1223,15,5
1698495840,10,28,5,1224,15,5
1698495900,10,28,5,1225,15,5
1698495960,10,28,5,1226,15,5
1698496020,10,28,5,1227,15,6
1698496080,10,28,5,1228,15,6
1698496140,10,28,5,1229,15,6
1698496260,10,28,5,1231,15,5
1698496320,10,28,5,1232,15,5
1698496380,10,28,5,1233,15,5
1698496440,10,28,5,1234,15,5
1698496500,10,28,5,1235,15,3
1698496560,10,28,5,1236,15,3
1698496620,10,28,5,1237,15,5
1698496680,10,28,5,1238,15,5
1698496740,10,28,5,1239,15,5
1698496860,10,28,5,1241,15,5
1698496920,10,28,5,1242,15,8
1698496980,10,28,5,1243,15,8
1698497040,10,28,5,1244,15,7
1698497100,10,28,5,1245,15,7
1698497160,10,28,5,1246,15,7
1698497220,10,28,5,1247,15,7
1698497280,10,28,5,1248,15,7
1698497340,10,28,5,1249,15,8
1698497400,10,28,5,1250,15,8
1698497460,10,28,5,1251,15,8
1698497520,10,28,5,1252,15,8
1698497580,10,28,5,1253,15,8
1698497640,10,28,5,1254,15,7
1698497700,10,28,5,1255,15,7
1698497760,10,28,5,1256,15,7
1698497820,10,28,5,1257,15,6
1698497880,10,28,5,1258,15,6
1698497940,10,28,5,1259,15,6
1698498060,10,28,5,1261,15,6
1698498120,10,28,5,1262,15,8
1698498180,10,28,5,1263,15,8
1698498240,10,28,5,1264,15,8
1698498300,10,28,5,1265,15,8
1698498360,10,28,5,1266,15,7
1698498420,10,28,5,1267,15,7
1698498480,10,28,5,1268,15,7
1698498540,10,28,5,1269,15,7
1698498600,10,28,5,1270,15,7
1698498660,10,28,5,1271,15,7
1698498720,10,28,5,1272,15,7
1698498780,10,28,5,1273,15,7
1698498840,10,28,5,1274,15,9
1698498900,10,28,5,1275,15,9
1698498960,10,28,5,1276,15,9
1698499020,10,28,5,1277,15,9
1698499080,10,28,5,1278,15,9
1698499140,10,28,5,1279,15,9
1698499260,10,28,5,1281,15,8
1698499320,10,28,5,1282,15,8
1698499380,10,28,5,1283,15,8
1698499440,10,28,5,1284,15,8
1698499500,10,28,5,1285,15,8
1698499560,10,28,5,1286,15,7
1698499620,10,28,5,1287,15,9
1698499680,10,28,5,1288,15,9
1698499740,10,28,5,1289,15,9
1698499860,10,28,5,1291,15,9
1698499920,10,28,5,1292,15,9
1698499980,10,28,5,1293,15,8
1698500040,10,28,5,1294,15,9
1698500100,10,28,5,1295,15,9
1698500160,10,28,5,1296,15,9
1698500220,10,28,5,1297,15,9
1698500280,10,28,5,1298,15,9
1698500340,10,28,5,1299,15,9
1698500400,10,28,5,1300,15,9
1698500460,10,28,5,1301,15,9
1698500520,10,28,5,1302,15,9
1698500580,10,28,5,1303,15,9
1698500640,10,28,5,1304,15,9
1698500700,10,28,5,1305,15,9
1698500760,10,28,5,1306,15,9
1698500820,10,28,5,1307,15,9
1698500880,10,28,5,1308,15,9
1698500940,10,28,5,1309,15,9
1698501000,10,28,5,1310,15,9
1698501060,10,28,5,1311,15,9
1698501120,10,28,5,1312,15,9
1698501180,10,28,5,1313,15,9
1698501240,10,28,5,1314,15,9
1698501300,10,28,5,1315,15,9
1698501360,10,28,5,1316,15,7
1698501420,10,28,5,1317,15,6
1698501480,10,28,5,1318,15,6
1698501540,10,28,5,1319,15,6
1698501600,10,28,5,1320,15,6
1698501720,10,28,5,1322,15,6
1698501780,10,28,5,1323,15,6
1698501840,10,28,5,1324,15,6
1698501900,10,28,5,1325,15,6
1698501960,10,28,5,1326,15,6
1698502020,10,28,5,1327,15,6
1698502080,10,28,5,1328,15,6
1698502140,10,28,5,1329,15,7
1698502200,10,28,5,1330,15,7
1698502260,10,28,5,1331,15,7
1698502320,10,28,5,1332,15,6
1698502380,10,28,5,1333,15,6
1698502440,10,28,5,1334,15,6
1698502500,10,28,5,1335,15,6
1698502560,10,28,5,1336,15,6
1698502620,10,28,5,1337,15,5
1698502680,10,28,5,1338,15,5
1698502740,10,28,5,1339,15,5
1698502860,10,28,5,1341,15,5
1698502920,10,28,5,1342,15,6
1698502980,10,28,5,1343,15,6
1698503040,10,28,5,1344,15,6
1698503100,10,28,5,1345,15,7
1698503160,10,28,5,1346,15,8
1698503220,10,28,5,1347,15,8
1698503280,10,28,5,1348,15,8
1698503340,10,28,5,1349,15,8
1698503400,10,28,5,1350,15,8
1698503460,10,28,5,1351,15,9
1698503520,10,28,5,1352,15,9
1698503580,10,28,5,1353,15,10
1698503640,10,28,5,1354,15,10
1698503700,10,28,5,1355,15,10
1698503760,10,28,5,1356,15,10
1698503820,10,28,5,1357,15,10
1698503880,10,28,5,1358,15,10
1698503940,10,28,5,1359,15,10
1698504000,10,28,5,1360,15,10
1698504060,10,28,5,1361,15,10
1698504120,10,28,5,1362,15,11
1698504180,10,28,5,1363,15,11
1698504240,10,28,5,1364,15,11
1698504300,10,28,5,1365,15,11
1698504360,10,28,5,1366,15,11
1698504420,10,28,5,1367,15,11
1698504480,10,28,5,1368,15,11
1698504540,10,28,5,1369,15,12
1698504600,10,28,5,1370,15,12
1698504660,10,28,5,1371,15,12
1698504720,10,28,5,1372,15,14
1698504780,10,28,5,1373,15,14
1698504840,10,28,5,1374,15,14
1698504900,10,28,5,1375,15,14
1698504960,10,28,5,1376,15,14
1698505020,10,28,5,1377,15,14
1698505080,10,28,5,1378,15,14
1698505140,10,28,5,1379,15,14
1698505260,10,28,5,1381,15,15
1698505320,10,28,5,1382,15,15
1698505380,10,28,5,1383,15,15
1698505440,10,28,5,1384,15,15
1698505500,10,28,5,1385,15,15
1698505560,10,28,5,1386,15,15
1698505620,10,28,5,1387,15,15
1698505680,10,28,5,1388,15,15
1698505740,10,28,5,1389,15,15
1698505800,10,28,5,1390,15,15
1698505860,10,28,5,1391,15,15
1698505920,10,28,5,1392,15,15
1698505980,10,28,5,1393,15,15
1698506040,10,28,5,1394,15,15
1698506100,10,28,5,1395,15,9
1698506160,10,28,5,1396,15,8
1698506220,10,28,5,1397,15,8
1698506280,10,28,5,1398,15,8
1698506340,10,28,5,1399,15,8
1698506460,10,28,5,1401,15,8
1698506520,10,28,5,1402,15,7
1698506580,10,28,5,1403,15,4
1698506640,10,28,5,1404,15,4
1698506700,10,28,5,1405,15,4
1698506760,10,28,5,1406,15,4
1698506820,10,28,5,1407,15,4
1698506880,10,28,5,1408,15,4
1698506940,10,28,5,1409,15,6
1698507000,10,28,5,1410,15,6
1698507060,10,28,5,1411,15,4
1698507120,10,28,5,1412,15,4
1698507180,10,28,5,1413,15,4
1698507240,10,28,5,1414,15,4
1698507300,10,28,5,1415,15,4
1698507360,10,28,5,1416,15,4
1698507420,10,28,5,1417,15,3
1698507480,10,28,5,1418,15,3
1698507540,10,28,5,1419,15,3
1698507600,10,28,5,1420,15,3
1698507660,10,28,5,1421,15,4
1698507720,10,28,5,1422,15,4
1698507780,10,28,5,1423,15,5
1698507840,10,28,5,1424,15,5
1698507900,10,28,5,1425,15,5
1698507960,10,28,5,1426,15,5
1698508020,10,28,5,1427,15,5
1698508080,10,28,5,1428,15,5
1698508140,10,28,5,1429,15,6
1698508200,10,28,5,1430,15,6
1698508260,10,28,5,1431,15,7
1698508320,10,28,5,1432,15,7
1698508380,10,28,5,1433,15,7
1698508440,10,28,5,1434,15,7
1698508500,10,28,5,1435,15,7
1698508560,10,28,5,1436,15,7
1698508620,10,28,5,1437,15,7
1698508680,10,28,5,1438,15,7
1698508740,10,28,5,1439,15,7
1698508860,10,29,6,1,15,7
1698508920,10,29,6,2,15,7
1698508980,10,29,6,3,15,7
1698509040,10,29,6,4,15,7
1698509100,10,29,6,5,15,8
1698509160,10,29,6,6,15,8
1698509220,10,29,6,7,15,8
1698509280,10,29,6,8,15,8
1698509340,10,29,6,9,15,8
1698509400,10,29,6,10,15,8
1698509460,10,29,6,11,15,8
1698509520,10,29,6,12,15,8
1698509580,10,29,6,13,15,8
1698509640,10,29,6,14,15,8
1698509700,10,29,6,15,15,8
1698509760,10,29,6,16,15,10
1698509820,10,29,6,17,15,10
1698509880,10,29,6,18,15,10
1698509940,10,29,6,19,15,10
1698510060,10,29,6,21,15,11
1698510180,10,29,6,23,15,11
1698510240,10,29,6,24,15,11
1698510300,10,29,6,25,15,11
1698510360,10,29,6,26,15,11
1698510420,10,29,6,27,15,11
1698510480,10,29,6,28,15,11
1698510540,10,29,6,29,15,11
1698510600,10,29,6,30,15,11
1698510660,10,29,6,31,15,11
1698510720,10,29,6,32,15,11
1698510780,10,29,6,33,15,11
1698510840,10,29,6,34,15,11
1698510900,10,29,6,35,15,12
1698510960,10,29,6,36,15,12
1698511020,10,29,6,37,15,11
1698511080,10,29,6,38,15,11
1698511140,10,29,6,39,15,11
1698511200,10,29,6,40,15,11
1698511260,10,29,6,41,15,11
1698511320,10,29,6,42,15,11
1698511380,10,29,6,43,15,11
1698511440,10,29,6,44,15,11
1698511500,10,29,6,45,15,11
1698511560,10,29,6,46,15,11
1698511620,10,29,6,47,15,11
1698511680,10,29,6,48,15,11
1698511740,10,29,6,49,15,11
1698511800,10,29,6,50,15,11
1698511860,10,29,6,51,15,11
1698511920,10,29,6,52,15,11
1698511980,10,29,6,53,15,11
1698512040,10,29,6,54,15,11
1698512100,10,29,6,55,15,11
1698512160,10,29,6,56,15,10
1698512220,10,29,6,57,15,11
1698512280,10,29,6,58,15,11
1698512340,10,29,6,59,15,11
1698512400,10,29,6,60,15,11
1698512460,10,29,6,61,15,11
1698512520,10,29,6,62,15,11
1698512580,10,29,6,63,15,11
1698512640,10,29,6,64,15,11
1698512700,10,29,6,65,15,11
1698512760,10,29,6,66,15,11
1698512820,10,29,6,67,15,11
1698512880,10,29,6,68,15,11
1698512940,10,29,6,69,15,11
1698513000,10,29,6,70,15,11
1698513060,10,29,6,71,15,11
1698513120,10,29,6,72,15,11
1698513180,10,29,6,73,15,12
1698513240,10,29,6,74,15,12
1698513300,10,29,6,75,15,12
1698513360,10,29,6,76,15,12
1698513420,10,29,6,77,15,12
1698513480,10,29,6,78,15,13
1698513540,10,29,6,79,15,13
1698513660,10,29,6,81,15,13
1698513720,10,29,6,82,15,13
1698513780,10,29,6,83,15,13
1698513900,10,29,6,85,15,13
1698513960,10,29,6,86,15,13
1698514020,10,29,6,87,15,13
1698514080,10,29,6,88,15,13
1698514140,10,29,6,89,15,13
1698514200,10,29,6,90,15,13
1698514260,10,29,6,91,15,13
1698514320,10,29,6,92,15,13
1698514380,10,29,6,93,15,13
1698514440,10,29,6,94,15,13
1698514500,10,29,6,95,15,13
1698514560,10,29,6,96,15,13
1698514620,10,29,6,97,15,13
1698514680,10,29,6,98,15,12
1698514740,10,29,6,99,15,12
1698514800,10,29,6,100,15,12
1698514860,10,29,6,101,15,12
1698514920,10,29,6,102,15,12
1698514980,10,29,6,103,15,12
1698515040,10,29,6,104,15,12
1698515100,10,29,6,105,15,12
1698515160,10,29,6,106,15,12
1698515220,10,29,6,107,15,12
1698515280,10,29,6,108,15,14
1698515340,10,29,6,109,15,14
1698515400,10,29,6,110,15,14
1698515460,10,29,6,111,15,14
1698515520,10,29,6,112,15,14
1698515580,10,29,6,113,15,14
1698515640,10,29,6,114,15,14
1698515700,10,29,6,115,15,14
1698515760,10,29,6,116,15,13
1698515820,10,29,6,117,15,13
1698515880,10,29,6,118,15,13
1698515940,10,29,6,119,15,13
1698516060,10,29,6,121,15,13
1698516120,10,29,6,122,15,13
1698516180,10,29,6,123,15,13
1698516240,10,29,6,124,15,13
1698516300,10,29,6,125,15,14
1698516360,10,29,6,126,15,13
1698516420,10,29,6,127,15,13
1698516480,10,29,6,128,15,13
1698516540,10,29,6,129,15,13
1698516600,10,29,6,130,15,13
1698516660,10,29,6,131,15,13
1698516720,10,29,6,132,15,13
1698516780,10,29,6,133,15,13
1698516840,10,29,6,134,15,13
1698516900,10,29,6,135,15,13
1698516960,10,29,6,136,15,13
1698517020,10,29,6,137,15,13
1698517080,10,29,6,138,15,13
1698517140,10,29,6,139,15,13
1698517260,10,29,6,141,15,13
1698517320,10,29,6,142,15,14
1698517380,10,29,6,143,15,14
1698517440,10,29,6,144,15,14
1698517500,10,29,6,145,15,14
1698517560,10,29,6,146,15,14
1698517620,10,29,6,147,15,14
1698517680,10,29,6,148,15,14
1698517740,10,29,6,149,15,14
1698517800,10,29,6,150,15,14
1698517860,10,29,6,151,15,14
1698517920,10,29,6,152,15,14
1698517980,10,29,6,153,15,14
1698518040,10,29,6,154,15,14
1698518100,10,29,6,155,15,14
1698518160,10,29,6,156,15,14
1698518220,10,29,6,157,15,14
1698518280,10,29,6,158,15,14
1698518340,10,29,6,159,15,14
1698518400,10,29,6,160,15,14
1698518460,10,29,6,161,15,14
1698518520,10,29,6,162,15,14
1698518580,10,29,6,163,15,14
1698518640,10,29,6,164,15,14
1698518700,10,29,6,165,15,14
1698518760,10,29,6,166,15,14
1698518820,10,29,6,167,15,14
1698518880,10,29,6,168,15,15
1698518940,10,29,6,169,15,15
1698519000,10,29,6,170,15,15
1698519060,10,29,6,171,15,15
1698519120,10,29,6,172,15,15
1698519180,10,29,6,173,15,15
1698519240,10,29,6,174,15,15
1698519300,10,29,6,175,15,15
1698519360,10,29,6,176,15,15
1698519420,10,29,6,177,15,15
1698519480,10,29,6,178,15,15
1698519540,10,29,6,179,15,15
1698519600,10,29,6,180,15,15
1698519660,10,29,6,181,15,15
1698519720,10,29,6,182,15,15
1698519780,10,29,6,183,15,15
1698519840,10,29,6,184,15,14
1698519900,10,29,6,185,15,14
1698519960,10,29,6,186,15,14
1698520020,10,29,6,187,15,13
1698520080,10,29,6,188,15,13
1698520140,10,29,6,189,15,13
1698520200,10,29,6,190,15,13
1698520260,10,29,6,191,15,13
1698520320,10,29,6,192,15,13
1698520380,10,29,6,193,15,13
1698520440,10,29,6,194,15,13
1698520500,10,29,6,195,15,13
1698520560,10,29,6,196,15,13
1698520620,10,29,6,197,15,13
1698520680,10,29,6,198,15,13
1698520740,10,29,6,199,15,13
1698520860,10,29,6,201,15,13
1698520920,10,29,6,202,15,13
1698520980,10,29,6,203,15,13
1698521040,10,29,6,204,15,13
1698521100,10,29,6,205,15,13
1698521160,10,29,6,206,15,13
1698521220,10,29,6,207,15,13
1698521280,10,29,6,208,15,13
1698521340,10,29,6,209,15,13
1698521400,10,29,6,210,15,13
1698521460,10,29,6,211,15,13
1698521520,10,29,6,212,15,13
1698521580,10,29,6,213,15,13
1698521640,10,29,6,214,15,13
1698521700,10,29,6,215,15,13
1698521760,10,29,6,216,15,13
1698521820,10,29,6,217,15,13
1698521880,10,29,6,218,15,13
1698521940,10,29,6,219,15,13
1698522000,10,29,6,220,15,13
1698522060,10,29,6,221,15,13
1698522120,10,29,6,222,15,13
1698522180,10,29,6,223,15,13
1698522240,10,29,6,224,15,14
1698522300,10,29,6,225,15,14
1698522360,10,29,6,226,15,14
1698522420,10,29,6,227,15,14
1698522480,10,29,6,228,15,14
1698522540,10,29,6,229,15,15
1698522600,10,29,6,230,15,15
1698522660,10,29,6,231,15,15
1698522720,10,29,6,232,15,15
1698522780,10,29,6,233,15,15
1698522840,10,29,6,234,15,15
1698522900,10,29,6,235,15,15
1698522960,10,29,6,236,15,15
1698523020,10,29,6,237,15,15
1698523080,10,29,6,238,15,15
1698523140,10,29,6,239,15,15
1698523200,10,29,6,240,15,15
1698523260,10,29,6,241,15,15
1698523320,10,29,6,242,15,15
1698523380,10,29,6,243,15,15
1698523440,10,29,6,244,15,15
1698523500,10,29,6,245,15,15
1698523560,10,29,6,246,15,15
1698523620,10,29,6,247,15,15
1698523680,10,29,6,248,15,15
1698523740,10,29,6,249,15,15
1698523800,10,29,6,250,15,15
1698523860,10,29,6,251,15,15
1698523920,10,29,6,252,15,15
1698523980,10,29,6,253,15,15
1698524040,10,29,6,254,15,15
1698524100,10,29,6,255,15,15
1698524160,10,29,6,256,15,15
1698524220,10,29,6,257,15,15
1698524280,10,29,6,258,15,15
1698524340,10,29,6,259,15,15
1698524460,10,29,6,261,15,15
1698524520,10,29,6,262,15,15
1698524580,10,29,6,263,15,15
1698524640,10,29,6,264,15,15
1698524700,10,29,6,265,15,15
1698524760,10,29,6,266,15,15
1698524820,10,29,6,267,15,15
1698524880,10,29,6,268,15,15
1698524940,10,29,6,269,15,15
1698525000,10,29,6,270,15,15
1698525060,10,29,6,271,15,15
1698525120,10,29,6,272,15,15
1698525180,10,29,6,273,15,15
1698525240,10,29,6,274,15,15
1698525300,10,29,6,275,15,15
1698525360,10,29,6,276,15,15
1698525420,10,29,6,277,15,15
1698525480,10,29,6,278,15,15
1698525540,10,29,6,279,15,15
1698525600,10,29,6,280,15,15
1698525660,10,29,6,281,15,15
1698525720,10,29,6,282,15,15
1698525780,10,29,6,283,15,15
1698525840,10,29,6,284,15,15
1698525900,10,29,6,285,15,15
1698525960,10,29,6,286,15,15
1698526080,10,29,6,288,15,15
1698526140,10,29,6,289,15,15
1698526200,10,29,6,290,15,15
1698526260,10,29,6,291,15,15
1698526320,10,29,6,292,15,15
1698526380,10,29,6,293,15,15
1698526440,10,29,6,294,15,15
1698526500,10,29,6,295,15,15
1698526560,10,29,6,296,15,15
1698526620,10,29,6,297,15,15
1698526680,10,29,6,298,15,15
1698526740,10,29,6,299,15,15
1698526800,10,29,6,300,15,15
1698526860,10,29,6,301,15,15
1698526920,10,29,6,302,15,15
1698526980,10,29,6,303,15,15
1698527040,10,29,6,304,15,15
1698527100,10,29,6,305,15,15
1698527160,10,29,6,306,15,15
1698527220,10,29,6,307,15,15
1698527280,10,29,6,308,15,15
1698527340,10,29,6,309,15,15
1698527400,10,29,6,310,15,15
1698527460,10,29,6,311,15,15
1698527520,10,29,6,312,15,15
1698527580,10,29,6,313,15,15
1698527640,10,29,6,314,15,15
1698527700,10,29,6,315,15,15
1698527760,10,29,6,316,15,15
1698527820,10,29,6,317,15,15
1698527880,10,29,6,318,15,15
1698527940,10,29,6,319,15,15
1698528060,10,29,6,321,15,15
1698528120,10,29,6,322,15,15
1698528180,10,29,6,323,15,15
1698528240,10,29,6,324,15,15
1698528300,10,29,6,325,15,15
1698528360,10,29,6,326,15,15
1698528420,10,29,6,327,15,15
1698528480,10,29,6,328,15,15
1698528540,10,29,6,329,15,15
1698528600,10,29,6,330,15,15
1698528660,10,29,6,331,15,15
1698528720,10,29,6,332,15,15
1698528780,10,29,6,333,15,15
1698528840,10,29,6,334,15,15
1698528900,10,29,6,335,15,15
1698528960,10,29,6,336,15,15
1698529020,10,29,6,337,15,15
1698529080,10,29,6,338,15,15
1698529140,10,29,6,339,15,15
1698529200,10,29,6,340,15,15
1698529260,10,29,6,341,15,15
1698529320,10,29,6,342,15,15
1698529380,10,29,6,343,15,15
1698529440,10,29,6,344,15,15
1698529500,10,29,6,345,15,15
1698529560,10,29,6,346,15,15
1698529620,10,29,6,347,15,15
1698529680,10,29,6,348,15,15
1698529740,10,29,6,349,15,15
1698529800,10,29,6,350,15,15
1698529860,10,29,6,351,15,15
1698529920,10,29,6,352,15,15
1698529980,10,29,6,353,15,15
1698530040,10,29,6,354,15,15
1698530100,10,29,6,355,15,15
1698530160,10,29,6,356,15,15
1698530220,10,29,6,357,15,15
1698530280,10,29,6,358,15,15
1698530340,10,29,6,359,15,15
1698530400,10,29,6,360,15,15
1698530460,10,29,6,361,15,15
1698530520,10,29,6,362,15,15
1698530580,10,29,6,363,15,15
1698530640,10,29,6,364,15,15
1698530700,10,29,6,365,15,15
1698530760,10,29,6,366,15,15
1698530820,10,29,6,367,15,15
1698530880,10,29,6,368,15,15
1698530940,10,29,6,369,15,15
1698531000,10,29,6,370,15,15
1698531060,10,29,6,371,15,15
1698531120,10,29,6,372,15,15
1698531180,10,29,6,373,15,15
1698531240,10,29,6,374,15,15
1698531300,10,29,6,375,15,15
1698531360,10,29,6,376,15,15
1698531420,10,29,6,377,15,15
1698531480,10,29,6,378,15,15
1698531540,10,29,6,379,15,15
1698531660,10,29,6,381,15,15
1698531720,10,29,6,382,15,15
1698531780,10,29,6,383,15,15
1698531840,10,29,6,384,15,15
1698531900,10,29,6,385,15,15
1698531960,10,29,6,386,15,15
1698532020,10,29,6,387,15,15
1698532080,10,29,6,388,15,15
1698532140,10,29,6,389,15,15
1698532260,10,29,6,391,15,15
1698532320,10,29,6,392,15,15
1698532380,10,29,6,393,15,15
1698532440,10,29,6,394,15,15
1698532500,10,29,6,395,15,15
1698532560,10,29,6,396,15,15
1698532620,10,29,6,397,15,15
1698532680,10,29,6,398,15,15
1698532740,10,29,6,399,15,14
1698532800,10,29,6,400,15,14
1698532860,10,29,6,401,15,14
1698532920,10,29,6,402,15,14
1698532980,10,29,6,403,15,14
1698533040,10,29,6,404,15,14
1698533100,10,29,6,405,15,14
1698533160,10,29,6,406,15,14
1698533220,10,29,6,407,15,14
1698533280,10,29,6,408,15,14
1698533340,10,29,6,409,15,14
1698533400,10,29,6,410,15,14
1698533460,10,29,6,411,15,14
1698533520,10,29,6,412,15,14
1698533580,10,29,6,413,15,14
1698533640,10,29,6,414,15,14
1698533700,10,29,6,415,15,14
1698533760,10,29,6,416,15,14
1698533820,10,29,6,417,15,14
1698533880,10,29,6,418,15,14
1698533940,10,29,6,419,15,14
1698534060,10,29,6,421,15,14
1698534120,10,29,6,422,15,14
1698534180,10,29,6,423,15,14
1698534240,10,29,6,424,15,14
1698534300,10,29,6,425,15,14
1698534360,10,29,6,426,15,14
1698534420,10,29,6,427,15,14
1698534480,10,29,6,428,15,14
1698534540,10,29,6,429,15,14
1698534600,10,29,6,430,15,14
1698534660,10,29,6,431,15,13
1698534720,10,29,6,432,15,13
1698534780,10,29,6,433,15,13
1698534840,10,29,6,434,15,13
1698534900,10,29,6,435,15,13
1698534960,10,29,6,436,15,12
1698535020,10,29,6,437,15,12
1698535080,10,29,6,438,15,12
1698535140,10,29,6,439,15,12
1698535260,10,29,6,441,15,12
1698535320,10,29,6,442,15,12
1698535380,10,29,6,443,15,12
1698535440,10,29,6,444,15,12
1698535500,10,29,6,445,15,12
1698535560,10,29,6,446,15,12
1698535620,10,29,6,447,15,12
1698535680,10,29,6,448,15,12
1698535740,10,29,6,449,15,12
1698535800,10,29,6,450,15,12
1698535860,10,29,6,451,15,12
1698535920,10,29,6,452,15,12
1698535980,10,29,6,453,15,12
1698536040,10,29,6,454,15,12
1698536100,10,29,6,455,15,12
1698536160,10,29,6,456,15,12
1698536220,10,29,6,457,15,12
1698536280,10,29,6,458,15,12
1698536340,10,29,6,459,15,12
1698536400,10,29,6,460,15,12
1698536460,10,29,6,461,15,12
1698536520,10,29,6,462,15,12
1698536580,10,29,6,463,15,12
1698536640,10,29,6,464,15,12
1698536700,10,29,6,465,15,12
1698536760,10,29,6,466,15,12
1698536820,10,29,6,467,15,12
1698536880,10,29,6,468,15,12
1698536940,10,29,6,469,15,11
1698537000,10,29,6,470,15,11
1698537060,10,29,6,471,15,11
1698537120,10,29,6,472,15,11
1698537180,10,29,6,473,15,11
1698537240,10,29,6,474,15,11
1698537300,10,29,6,475,15,11
1698537360,10,29,6,476,15,12
1698537420,10,29,6,477,15,12
1698537480,10,29,6,478,15,12
1698537540,10,29,6,479,15,12
1698537660,10,29,6,481,15,12
1698537720,10,29,6,482,15,12
1698537780,10,29,6,483,15,12
1698537840,10,29,6,484,15,13
1698537900,10,29,6,485,15,13
1698537960,10,29,6,486,15,13
1698538020,10,29,6,487,15,13
1698538080,10,29,6,488,15,13
1698538140,10,29,6,489,15,12
1698538200,10,29,6,490,15,12
1698538260,10,29,6,491,15,12
1698538320,10,29,6,492,15,13
1698538380,10,29,6,493,15,13
1698538440,10,29,6,494,15,13
1698538500,10,29,6,495,15,13
1698538560,10,29,6,496,15,13
1698538620,10,29,6,497,15,13
1698538680,10,29,6,498,15,13
1698538740,10,29,6,499,15,13
1698538860,10,29,6,501,15,13
1698538920,10,29,6,502,15,13
1698538980,10,29,6,503,15,13
1698539040,10,29,6,504,15,13
1698539100,10,29,6,505,15,13
1698539160,10,29,6,506,15,13
1698539220,10,29,6,507,15,13
1698539280,10,29,6,508,15,13
1698539340,10,29,6,509,15,13
1698539460,10,29,6,511,15,13
1698539520,10,29,6,512,15,13
1698539580,10,29,6,513,15,12
1698539640,10,29,6,514,15,12
1698539700,10,29,6,515,15,12
1698539760,10,29,6,516,15,12
1698539820,10,29,6,517,15,11
1698539880,10,29,6,518,15,11
1698539940,10,29,6,519,15,11
1698540000,10,29,6,520,15,11
1698540060,10,29,6,521,15,11
1698540120,10,29,6,522,15,11
1698540180,10,29,6,523,15,11
1698540240,10,29,6,524,15,12
1698540300,10,29,6,525,15,12
1698540360,10,29,6,526,15,12
1698540420,10,29,6,527,15,12
1698540480,10,29,6,528,15,11
1698540540,10,29,6,529,15,11
1698540600,10,29,6,530,15,11
1698540660,10,29,6,531,15,11
1698540720,10,29,6,532,15,10
1698540780,10,29,6,533,15,10
1698540840,10,29,6,534,15,11
1698540900,10,29,6,535,15,11
1698540960,10,29,6,536,15,11
1698541020,10,29,6,537,15,11
1698541080,10,29,6,538,15,10
1698541140,10,29,6,539,15,10
1698541260,10,29,6,541,15,9
1698541320,10,29,6,542,15,8
1698541380,10,29,6,543,15,8
1698541440,10,29,6,544,15,8
1698541500,10,29,6,545,15,7
1698541560,10,29,6,546,15,7
1698541620,10,29,6,547,15,7
1698541680,10,29,6,548,15,7
1698541740,10,29,6,549,15,8
1698541800,10,29,6,550,15,7
1698541860,10,29,6,551,15,7
1698541920,10,29,6,552,15,7
1698541980,10,29,6,553,15,5
1698542040,10,29,6,554,15,5
1698542100,10,29,6,555,15,5
1698542160,10,29,6,556,15,6
1698542220,10,29,6,557,15,6
1698542280,10,29,6,558,15,5
1698542340,10,29,6,559,15,5
1698542460,10,29,6,561,15,5
1698542520,10,29,6,562,15,5
1698542580,10,29,6,563,15,5
1698542640,10,29,6,564,15,5
1698542700,10,29,6,565,15,5
1698542760,10,29,6,566,15,5
1698542820,10,29,6,567,15,5
1698542940,10,29,6,569,15,5
1698543060,10,29,6,571,15,5
1698543120,10,29,6,572,15,5
1698543180,10,29,6,573,15,5
1698543240,10,29,6,574,15,5
1698543300,10,29,6,575,15,5
1698543360,10,29,6,576,15,6
1698543420,10,29,6,577,15,6
1698543480,10,29,6,578,15,6
1698543540,10,29,6,579,15,6
1698543600,10,29,6,580,15,5
1698543660,10,29,6,581,15,4
1698543720,10,29,6,582,15,4
1698543780,10,29,6,583,15,3
1698543840,10,29,6,584,15,3
1698543900,10,29,6,585,15,3
1698543960,10,29,6,586,15,3
1698544020,10,29,6,587,15,3
1698544080,10,29,6,588,15,3
1698544140,10,29,6,589,15,3
1698544200,10,29,6,590,15,2
1698544260,10,29,6,591,15,2
1698544320,10,29,6,592,15,2
1698544380,10,29,6,593,15,2
1698544440,10,29,6,594,15,2
1698544500,10,29,6,595,15,2
1698544560,10,29,6,596,15,2
1698544620,10,29,6,597,15,2
1698544680,10,29,6,598,15,2
1698544740,10,29,6,599,15,2
1698544920,10,29,6,602,15,0
1698544980,10,29,6,603,15,0
1698545040,10,29,6,604,15,0
1698545100,10,29,6,605,15,0
1698545160,10,29,6,606,15,0
1698545220,10,29,6,607,15,0
1698545280,10,29,6,608,15,0
1698545340,10,29,6,609,15,0
1698545400,10,29,6,610,15,0
1698545460,10,29,6,611,15,0
1698545520,10,29,6,612,15,0
1698545580,10,29,6,613,15,0
1698545640,10,29,6,614,15,0
1698545700,10,29,6,615,15,0
1698545760,10,29,6,616,15,0
1698545820,10,29,6,617,15,0
1698545880,10,29,6,618,15,0
1698545940,10,29,6,619,15,0
1698546060,10,29,6,621,15,0
1698546120,10,29,6,622,15,0
1698546180,10,29,6,623,15,0
1698546240,10,29,6,624,15,0
1698546300,10,29,6,625,15,0
1698546360,10,29,6,626,15,0
1698546420,10,29,6,627,15,0
1698546480,10,29,6,628,15,0
1698546540,10,29,6,629,15,1
1698546660,10,29,6,631,15,1
1698546720,10,29,6,632,15,1
1698546780,10,29,6,633,15,1
1698546840,10,29,6,634,15,1
1698546900,10,29,6,635,15,1
1698546960,10,29,6,636,15,1
1698547020,10,29,6,637,15,1
1698547080,10,29,6,638,15,2
1698547140,10,29,6,639,15,2
1698547200,10,29,6,640,15,2
1698547260,10,29,6,641,15,2
1698547320,10,29,6,642,15,1
1698547380,10,29,6,643,15,0
1698547440,10,29,6,644,15,0
1698547500,10,29,6,645,15,0
1698547560,10,29,6,646,15,0
1698547620,10,29,6,647,15,0
1698547680,10,29,6,648,15,0
1698547740,10,29,6,649,15,0
1698547800,10,29,6,650,15,0
1698547860,10,29,6,651,15,1
1698547920,10,29,6,652,15,0
1698547980,10,29,6,653,15,0
1698548040,10,29,6,654,15,1
1698548100,10,29,6,655,15,1
1698548160,10,29,6,656,15,0
1698548220,10,29,6,657,15,0
1698548280,10,29,6,658,15,0
1698548340,10,29,6,659,15,0
1698548460,10,29,6,661,15,0
1698548520,10,29,6,662,15,1
1698548580,10,29,6,663,15,0
1698548640,10,29,6,664,15,0
1698548700,10,29,6,665,15,0
1698548760,10,29,6,666,15,0
1698548820,10,29,6,667,15,0
1698548880,10,29,6,668,15,0
1698548940,10,29,6,669,15,0
1698549000,10,29,6,670,15,0
1698549060,10,29,6,671,15,0
1698549120,10,29,6,672,15,0
1698549180,10,29,6,673,15,0
1698549240,10,29,6,674,15,0
1698549300,10,29,6,675,15,0
1698549360,10,29,6,676,15,0
1698549420,10,29,6,677,15,0
1698549480,10,29,6,678,15,0
1698549540,10,29,6,679,15,0
1698549660,10,29,6,681,15,0
1698549720,10,29,6,682,15,0
1698549780,10,29,6,683,15,0
1698549840,10,29,6,684,15,0
1698549900,10,29,6,685,15,0
1698549960,10,29,6,686,15,0
1698550020,10,29,6,687,15,0
1698550080,10,29,6,688,15,0
1698550140,10,29,6,689,15,0
1698550260,10,29,6,691,15,0
1698550320,10,29,6,692,15,0
1698550380,10,29,6,693,15,0
1698550440,10,29,6,694,15,0
1698550500,10,29,6,695,15,0
1698550560,10,29,6,696,15,0
1698550620,10,29,6,697,15,0
1698550680,10,29,6,698,15,0
1698550740,10,29,6,699,15,0
1698550800,10,29,6,700,15,0
1698550860,10,29,6,701,15,0
1698550920,10,29,6,702,15,1
1698550980,10,29,6,703,15,0
1698551040,10,29,6,704,15,0
1698551100,10,29,6,705,15,0
1698551160,10,29,6,706,15,0
1698551220,10,29,6,707,15,0
1698551280,10,29,6,708,15,0
1698551340,10,29,6,709,15,0
1698551400,10,29,6,710,15,0
1698551460,10,29,6,711,15,0
1698551520,10,29,6,712,15,0
1698551580,10,29,6,713,15,0
1698551640,10,29,6,714,15,1
1698551700,10,29,6,715,15,1
1698551760,10,29,6,716,15,1
1698551820,10,29,6,717,15,1
1698551880,10,29,6,718,15,1
1698551940,10,29,6,719,15,1
1698552060,10,29,6,721,15,2
1698552120,10,29,6,722,15,2
1698552180,10,29,6,723,15,2
1698552240,10,29,6,724,15,0
1698552300,10,29,6,725,15,0
1698552360,10,29,6,726,15,0
1698552420,10,29,6,727,15,0
1698552480,10,29,6,728,15,0
1698552540,10,29,6,729,15,0
1698552600,10,29,6,730,15,1
1698552660,10,29,6,731,15,1
1698552720,10,29,6,732,15,0
1698552780,10,29,6,733,15,0
1698552840,10,29,6,734,15,0
1698552900,10,29,6,735,15,0
1698552960,10,29,6,736,15,0
1698553020,10,29,6,737,15,0
1698553080,10,29,6,738,15,0
1698553140,10,29,6,739,15,0
1698553260,10,29,6,741,15,0
1698553320,10,29,6,742,15,0
1698553380,10,29,6,743,15,0
1698553440,10,29,6,744,15,1
1698553500,10,29,6,745,15,1
1698553560,10,29,6,746,15,1
1698553620,10,29,6,747,15,1
1698553680,10,29,6,748,15,1
1698553740,10,29,6,749,15,0
1698553860,10,29,6,751,15,0
1698553920,10,29,6,752,15,0
1698553980,10,29,6,753,15,0
1698554040,10,29,6,754,15,0
1698554100,10,29,6,755,15,0
1698554160,10,29,6,756,15,0
1698554220,10,29,6,757,15,0
1698554280,10,29,6,758,15,0
1698554340,10,29,6,759,15,0
1698554400,10,29,6,760,15,0
1698554460,10,29,6,761,15,0
1698554520,10,29,6,762,15,0
1698554580,10,29,6,763,15,0
1698554640,10,29,6,764,15,0
1698554700,10,29,6,765,15,0
1698554760,10,29,6,766,15,0
1698554820,10,29,6,767,15,0
1698554880,10,29,6,768,15,0
1698554940,10,29,6,769,15,1
1698555000,10,29,6,770,15,1
1698555060,10,29,6,771,15,1
1698555120,10,29,6,772,15,1
1698555180,10,29,6,773,15,1
1698555240,10,29,6,774,15,4
1698555300,10,29,6,775,15,4
1698555360,10,29,6,776,15,4
1698555420,10,29,6,777,15,4
1698555480,10,29,6,778,15,3
1698555540,10,29,6,779,15,3
1698555660,10,29,6,781,15,4
1698555720,10,29,6,782,15,4
1698555780,10,29,6,783,15,4
1698555840,10,29,6,784,15,3
1698555900,10,29,6,785,15,1
1698555960,10,29,6,786,15,0
1698556020,10,29,6,787,15,0
1698556080,10,29,6,788,15,1
1698556140,10,29,6,789,15,1
1698556200,10,29,6,790,15,2
1698556260,10,29,6,791,15,2
1698556320,10,29,6,792,15,2
1698556380,10,29,6,793,15,1
1698556440,10,29,6,794,15,1
1698556500,10,29,6,795,15,1
1698556560,10,29,6,796,15,2
1698556620,10,29,6,797,15,1
1698556680,10,29,6,798,15,1
1698556740,10,29,6,799,15,2
1698556860,10,29,6,801,15,2
1698556920,10,29,6,802,15,2
1698556980,10,29,6,803,15,2
1698557040,10,29,6,804,15,2
1698557100,10,29,6,805,15,2
1698557160,10,29,6,806,15,2
1698557220,10,29,6,807,15,1
1698557280,10,29,6,808,15,0
1698557340,10,29,6,809,15,0
1698557460,10,29,6,811,15,1
1698557520,10,29,6,812,15,1
1698557580,10,29,6,813,15,0
1698557640,10,29,6,814,15,0
1698557700,10,29,6,815,15,0
1698557760,10,29,6,816,15,0
1698557820,10,29,6,817,15,0
1698557880,10,29,6,818,15,0
1698557940,10,29,6,819,15,0
1698558000,10,29,6,820,15,0
1698558060,10,29,6,821,15,0
1698558120,10,29,6,822,15,0
1698558180,10,29,6,823,15,0
1698558240,10,29,6,824,15,0
1698558300,10,29,6,825,15,0
1698558360,10,29,6,826,15,0
1698558420,10,29,6,827,15,0
1698558480,10,29,6,828,15,0
1698558540,10,29,6,829,15,0
1698558600,10,29,6,830,15,0
1698558660,10,29,6,831,15,0
1698558720,10,29,6,832,15,0
1698558780,10,29,6,833,15,0
1698558840,10,29,6,834,15,0
1698558900,10,29,6,835,15,0
1698558960,10,29,6,836,15,0
1698559020,10,29,6,837,15,0
1698559080,10,29,6,838,15,0
1698559140,10,29,6,839,15,0
1698559200,10,29,6,840,15,0
1698559320,10,29,6,842,15,0
1698559380,10,29,6,843,15,0
1698559440,10,29,6,844,15,0
1698559500,10,29,6,845,15,0
1698559560,10,29,6,846,15,1
1698559620,10,29,6,847,15,0
1698559680,10,29,6,848,15,0
1698559740,10,29,6,849,15,0
1698559800,10,29,6,850,15,0
1698559860,10,29,6,851,15,0
1698559920,10,29,6,852,15,0
1698559980,10,29,6,853,15,1
1698560040,10,29,6,854,15,1
1698560100,10,29,6,855,15,1
1698560160,10,29,6,856,15,0
1698560220,10,29,6,857,15,0
1698560280,10,29,6,858,15,0
1698560340,10,29,6,859,15,0
1698560460,10,29,6,861,15,0
1698560520,10,29,6,862,15,0
1698560580,10,29,6,863,15,0
1698560640,10,29,6,864,15,0
1698560700,10,29,6,865,15,0
1698560760,10,29,6,866,15,0
1698560820,10,29,6,867,15,0
1698560880,10,29,6,868,15,0
1698560940,10,29,6,869,15,0
1698561060,10,29,6,871,15,0
1698561120,10,29,6,872,15,0
1698561180,10,29,6,873,15,0
1698561240,10,29,6,874,15,0
1698561300,10,29,6,875,15,1
1698561360,10,29,6,876,15,1
1698561420,10,29,6,877,15,1
1698561480,10,29,6,878,15,0
1698561540,10,29,6,879,15,1
1698561600,10,29,6,880,15,1
1698561660,10,29,6,881,15,1
1698561720,10,29,6,882,15,1
1698561780,10,29,6,883,15,0
1698561840,10,29,6,884,15,0
1698561900,10,29,6,885,15,0
1698561960,10,29,6,886,15,0
1698562020,10,29,6,887,15,0
1698562080,10,29,6,888,15,0
1698562140,10,29,6,889,15,0
1698562200,10,29,6,890,15,0
1698562260,10,29,6,891,15,0
1698562320,10,29,6,892,15,0
1698562380,10,29,6,893,15,0
1698562440,10,29,6,894,15,0
1698562500,10,29,6,895,15,0
1698562560,10,29,6,896,15,1
1698562620,10,29,6,897,15,1
1698562680,10,29,6,898,15,1
1698562740,10,29,6,899,15,1
1698562860,10,29,6,901,15,1
1698562920,10,29,6,902,15,1
1698562980,10,29,6,903,15,1
1698563040,10,29,6,904,15,1
1698563100,10,29,6,905,15,2
1698563160,10,29,6,906,15,2
1698563220,10,29,6,907,15,2
1698563280,10,29,6,908,15,1
1698563340,10,29,6,909,15,1
1698563400,10,29,6,910,15,1
1698563460,10,29,6,911,15,1
1698563520,10,29,6,912,15,2
1698563580,10,29,6,913,15,2
1698563640,10,29,6,914,15,2
1698563700,10,29,6,915,15,2
1698563760,10,29,6,916,15,2
1698563820,10,29,6,917,15,0
1698563880,10,29,6,918,15,0
1698563940,10,29,6,919,15,0
1698564060,10,29,6,921,15,0
1698564120,10,29,6,922,15,1
1698564180,10,29,6,923,15,1
1698564240,10,29,6,924,15,0
1698564300,10,29,6,925,15,0
1698564360,10,29,6,926,15,0
1698564420,10,29,6,927,15,0
1698564480,10,29,6,928,15,0
1698564540,10,29,6,929,15,0
1698564660,10,29,6,931,15,0
1698564720,10,29,6,932,15,0
1698564780,10,29,6,933,15,0
1698564840,10,29,6,934,15,0
1698564900,10,29,6,935,15,0
1698564960,10,29,6,936,15,1
1698565020,10,29,6,937,15,1
1698565080,10,29,6,938,15,1
1698565140,10,29,6,939,15,1
1698565260,10,29,6,941,15,1
1698565320,10,29,6,942,15,1
1698565380,10,29,6,943,15,1
1698565440,10,29,6,944,15,1
1698565500,10,29,6,945,15,1
1698565560,10,29,6,946,15,1
1698565620,10,29,6,947,15,1
1698565680,10,29,6,948,15,1
1698565740,10,29,6,949,15,1
1698565860,10,29,6,951,15,1
1698565920,10,29,6,952,15,3
1698565980,10,29,6,953,15,3
1698566040,10,29,6,954,15,3
1698566100,10,29,6,955,15,3
1698566160,10,29,6,956,15,2
1698566220,10,29,6,957,15,1
1698566280,10,29,6,958,15,1
1698566340,10,29,6,959,15,3
1698566460,10,29,6,961,15,4
1698566520,10,29,6,962,15,5
1698566580,10,29,6,963,15,5
1698566640,10,29,6,964,15,4
1698566700,10,29,6,965,15,4
1698566760,10,29,6,966,15,3
1698566820,10,29,6,967,15,3
1698566880,10,29,6,968,15,3
1698566940,10,29,6,969,15,3
1698567000,10,29,6,970,15,3
1698567060,10,29,6,971,15,3
1698567120,10,29,6,972,15,3
1698567180,10,29,6,973,15,3
1698567240,10,29,6,974,15,3
1698567300,10,29,6,975,15,5
1698567360,10,29,6,976,15,4
1698567420,10,29,6,977,15,4
1698567480,10,29,6,978,15,4
1698567540,10,29,6,979,15,4
1698567660,10,29,6,981,15,3
1698567720,10,29,6,982,15,1
1698567780,10,29,6,983,15,2
1698567840,10,29,6,984,15,2
1698567900,10,29,6,985,15,3
1698567960,10,29,6,986,15,3
1698568020,10,29,6,987,15,2
1698568080,10,29,6,988,15,1
1698568140,10,29,6,989,15,2
1698568260,10,29,6,991,15,2
1698568320,10,29,6,992,15,3
1698568380,10,29,6,993,15,2
1698568440,10,29,6,994,15,1
1698568500,10,29,6,995,15,1
1698568560,10,29,6,996,15,1
1698568620,10,29,6,997,15,1
1698568680,10,29,6,998,15,1
1698568740,10,29,6,999,15,1
1698568800,10,29,6,1000,15,1
1698568860,10,29,6,1001,15,1
1698568920,10,29,6,1002,15,2
1698568980,10,29,6,1003,15,2
1698569040,10,29,6,1004,15,1
1698569100,10,29,6,1005,15,1
1698569160,10,29,6,1006,15,0
1698569220,10,29,6,1007,15,0
1698569280,10,29,6,1008,15,0
1698569340,10,29,6,1009,15,0
1698569400,10,29,6,1010,15,0
1698569460,10,29,6,1011,15,0
1698569520,10,29,6,1012,15,1
1698569580,10,29,6,1013,15,1
1698569640,10,29,6,1014,15,1
1698569700,10,29,6,1015,15,1
1698569760,10,29,6,1016,15,0
1698569820,10,29,6,1017,15,0
1698569880,10,29,6,1018,15,0
1698569940,10,29,6,1019,15,0
1698570060,10,29,6,1021,15,0
1698570120,10,29,6,1022,15,0
1698570180,10,29,6,1023,15,0
1698570240,10,29,6,1024,15,0
1698570300,10,29,6,1025,15,0
1698570360,10,29,6,1026,15,0
1698570420,10,29,6,1027,15,0
1698570480,10,29,6,1028,15,0
1698570540,10,29,6,1029,15,2
1698570600,10,29,6,1030,15,1
1698570660,10,29,6,1031,15,1
1698570720,10,29,6,1032,15,1
1698570780,10,29,6,1033,15,0
1698570840,10,29,6,1034,15,0
1698570900,10,29,6,1035,15,0
1698570960,10,29,6,1036,15,0
1698571020,10,29,6,1037,15,0
1698571080,10,29,6,1038,15,0
1698571140,10,29,6,1039,15,0
1698571260,10,29,6,1041,15,0
1698571320,10,29,6,1042,15,0
1698571380,10,29,6,1043,15,0
1698571440,10,29,6,1044,15,0
1698571500,10,29,6,1045,15,0
1698571560,10,29,6,1046,15,0
1698571620,10,29,6,1047,15,0
1698571680,10,29,6,1048,15,0
1698571740,10,29,6,1049,15,0
1698571860,10,29,6,1051,15,0
1698571920,10,29,6,1052,15,0
1698571980,10,29,6,1053,15,0
1698572040,10,29,6,1054,15,0
1698572100,10,29,6,1055,15,0
1698572160,10,29,6,1056,15,0
1698572220,10,29,6,1057,15,0
1698572280,10,29,6,1058,15,1
1698572340,10,29,6,1059,15,1
1698572400,10,29,6,1060,15,1
1698572460,10,29,6,1061,15,1
1698572520,10,29,6,1062,15,2
1698572580,10,29,6,1063,15,1
1698572640,10,29,6,1064,15,1
1698572700,10,29,6,1065,15,1
1698572760,10,29,6,1066,15,0
1698572820,10,29,6,1067,15,0
1698572880,10,29,6,1068,15,0
1698572940,10,29,6,1069,15,0
1698573000,10,29,6,1070,15,0
1698573060,10,29,6,1071,15,0
1698573120,10,29,6,1072,15,0
1698573180,10,29,6,1073,15,0
1698573240,10,29,6,1074,15,0
1698573300,10,29,6,1075,15,0
1698573360,10,29,6,1076,15,0
1698573420,10,29,6,1077,15,0
1698573480,10,29,6,1078,15,0
1698573540,10,29,6,1079,15,0
1698573660,10,29,6,1081,15,0
1698573720,10,29,6,1082,15,0
1698573780,10,29,6,1083,15,0
1698573840,10,29,6,1084,15,0
1698573900,10,29,6,1085,15,0
1698573960,10,29,6,1086,15,0
1698574020,10,29,6,1087,15,0
1698574080,10,29,6,1088,15,0
1698574140,10,29,6,1089,15,0
1698574200,10,29,6,1090,15,0
1698574260,10,29,6,1091,15,0
1698574320,10,29,6,1092,15,0
1698574380,10,29,6,1093,15,0
1698574440,10,29,6,1094,15,0
1698574500,10,29,6,1095,15,0
1698574560,10,29,6,1096,15,1
1698574620,10,29,6,1097,15,1
1698574680,10,29,6,1098,15,1
1698574740,10,29,6,1099,15,2
1698574860,10,29,6,1101,15,2
1698574920,10,29,6,1102,15,2
1698574980,10,29,6,1103,15,2
1698575040,10,29,6,1104,15,2
1698575100,10,29,6,1105,15,4
1698575160,10,29,6,1106,15,4
1698575220,10,29,6,1107,15,3
1698575280,10,29,6,1108,15,3
1698575340,10,29,6,1109,15,5
1698575400,10,29,6,1110,15,5
1698575520,10,29,6,1112,15,7
1698575580,10,29,6,1113,15,7
1698575640,10,29,6,1114,15,7
1698575700,10,29,6,1115,15,9
1698575760,10,29,6,1116,15,6
1698575820,10,29,6,1117,15,6
1698575880,10,29,6,1118,15,6
1698575940,10,29,6,1119,15,6
1698576000,10,29,6,1120,15,6
1698576060,10,29,6,1121,15,6
1698576120,10,29,6,1122,15,6
1698576180,10,29,6,1123,15,6
1698576240,10,29,6,1124,15,6
1698576300,10,29,6,1125,15,6
1698576360,10,29,6,1126,15,6
1698576420,10,29,6,1127,15,6
1698576480,10,29,6,1128,15,6
1698576540,10,29,6,1129,15,5
1698576600,10,29,6,1130,15,5
1698576660,10,29,6,1131,15,5
1698576720,10,29,6,1132,15,3
1698576780,10,29,6,1133,15,3
1698576840,10,29,6,1134,15,3
1698576900,10,29,6,1135,15,3
1698577020,10,29,6,1137,15,3
1698577080,10,29,6,1138,15,3
1698577140,10,29,6,1139,15,3
1698577260,10,29,6,1141,15,3
1698577320,10,29,6,1142,15,1
1698577380,10,29,6,1143,15,1
1698577440,10,29,6,1144,15,1
1698577500,10,29,6,1145,15,1
1698577560,10,29,6,1146,15,1
1698577620,10,29,6,1147,15,1
1698577680,10,29,6,1148,15,1
1698577740,10,29,6,1149,15,1
1698577860,10,29,6,1151,15,1
1698577920,10,29,6,1152,15,2
1698577980,10,29,6,1153,15,2
1698578040,10,29,6,1154,15,3
1698578100,10,29,6,1155,15,3
1698578160,10,29,6,1156,15,3
1698578220,10,29,6,1157,15,3
1698578280,10,29,6,1158,15,3
1698578340,10,29,6,1159,15,4
1698578460,10,29,6,1161,15,4
1698578520,10,29,6,1162,15,4
1698578580,10,29,6,1163,15,3
1698578640,10,29,6,1164,15,3
1698578700,10,29,6,1165,15,3
1698578760,10,29,6,1166,15,2
1698578820,10,29,6,1167,15,2
1698578880,10,29,6,1168,15,1
1698578940,10,29,6,1169,15,1
1698579060,10,29,6,1171,15,0
1698579120,10,29,6,1172,15,0
1698579180,10,29,6,1173,15,0
1698579240,10,29,6,1174,15,1
1698579300,10,29,6,1175,15,1
1698579360,10,29,6,1176,15,1
1698579420,10,29,6,1177,15,1
1698579480,10,29,6,1178,15,1
1698579540,10,29,6,1179,15,1
1698579660,10,29,6,1181,15,1
1698579720,10,29,6,1182,15,1
1698579780,10,29,6,1183,15,1
1698579840,10,29,6,1184,15,1
1698579900,10,29,6,1185,15,2
1698579960,10,29,6,1186,15,2
1698580020,10,29,6,1187,15,2
1698580080,10,29,6,1188,15,2
1698580140,10,29,6,1189,15,2
1698580260,10,29,6,1191,15,2
1698580320,10,29,6,1192,15,2
1698580380,10,29,6,1193,15,2
1698580440,10,29,6,1194,15,2
1698580500,10,29,6,1195,15,2
1698580560,10,29,6,1196,15,2
1698580620,10,29,6,1197,15,2
1698580680,10,29,6,1198,15,2
1698580740,10,29,6,1199,15,0
1698580860,10,29,6,1201,15,0
1698580920,10,29,6,1202,15,0
1698580980,10,29,6,1203,15,1
1698581040,10,29,6,1204,15,1
1698581100,10,29,6,1205,15,1
1698581160,10,29,6,1206,15,1
1698581220,10,29,6,1207,15,1
1698581280,10,29,6,1208,15,1
1698581340,10,29,6,1209,15,1
1698581460,10,29,6,1211,15,1
1698581520,10,29,6,1212,15,1
1698581580,10,29,6,1213,15,1
1698581640,10,29,6,1214,15,1
1698581700,10,29,6,1215,15,1
1698581760,10,29,6,1216,15,1
1698581820,10,29,6,1217,15,2
1698581880,10,29,6,1218,15,2
1698581940,10,29,6,1219,15,2
1698582060,10,29,6,1221,15,2
1698582120,10,29,6,1222,15,1
1698582180,10,29,6,1223,15,1
1698582240,10,29,6,1224,15,1
1698582300,10,29,6,1225,15,1
1698582360,10,29,6,1226,15,1
1698582420,10,29,6,1227,15,2
1698582480,10,29,6,1228,15,2
1698582540,10,29,6,1229,15,3
1698582660,10,29,6,1231,15,2
1698582720,10,29,6,1232,15,2
1698582780,10,29,6,1233,15,2
1698582840,10,29,6,1234,15,2
1698582900,10,29,6,1235,15,2
1698582960,10,29,6,1236,15,2
1698583020,10,29,6,1237,15,3
1698583080,10,29,6,1238,15,3
1698583140,10,29,6,1239,15,3
1698583260,10,29,6,1241,15,3
1698583320,10,29,6,1242,15,3
1698583380,10,29,6,1243,15,3
1698583440,10,29,6,1244,15,3
1698583500,10,29,6,1245,15,3
1698583560,10,29,6,1246,15,3
1698583620,10,29,6,1247,15,3
1698583680,10,29,6,1248,15,3
1698583740,10,29,6,1249,15,3
1698583860,10,29,6,1251,15,4
1698583920,10,29,6,1252,15,4
1698583980,10,29,6,1253,15,4
1698584040,10,29,6,1254,15,4
1698584100,10,29,6,1255,15,4
1698584160,10,29,6,1256,15,4
1698584220,10,29,6,1257,15,4
1698584280,10,29,6,1258,15,4
1698584340,10,29,6,1259,15,4
1698584460,10,29,6,1261,15,4
1698584520,10,29,6,1262,15,5
1698584580,10,29,6,1263,15,5
1698584640,10,29,6,1264,15,5
1698584700,10,29,6,1265,15,5
1698584760,10,29,6,1266,15,5
1698584820,10,29,6,1267,15,5
1698584880,10,29,6,1268,15,5
1698584940,10,29,6,1269,15,5
1698585000,10,29,6,1270,15,5
1698585060,10,29,6,1271,15,4
1698585120,10,29,6,1272,15,4
1698585180,10,29,6,1273,15,3
1698585240,10,29,6,1274,15,3
1698585300,10,29,6,1275,15,5
1698585360,10,29,6,1276,15,5
1698585420,10,29,6,1277,15,7
1698585480,10,29,6,1278,15,7
1698585540,10,29,6,1279,15,8
1698585660,10,29,6,1281,15,8
1698585720,10,29,6,1282,15,8
1698585780,10,29,6,1283,15,8
1698585840,10,29,6,1284,15,8
1698585900,10,29,6,1285,15,7
1698585960,10,29,6,1286,15,7
1698586020,10,29,6,1287,15,7
1698586080,10,29,6,1288,15,7
1698586140,10,29,6,1289,15,8
1698586200,10,29,6,1290,15,8
1698586260,10,29,6,1291,15,8
1698586320,10,29,6,1292,15,9
1698586380,10,29,6,1293,15,9
1698586440,10,29,6,1294,15,7
1698586500,10,29,6,1295,15,7
1698586560,10,29,6,1296,15,7
1698586620,10,29,6,1297,15,7
1698586680,10,29,6,1298,15,7
1698586740,10,29,6,1299,15,7
1698586800,10,29,6,1300,15,7
1698586860,10,29,6,1301,15,7
1698586920,10,29,6,1302,15,8
1698586980,10,29,6,1303,15,7
1698587040,10,29,6,1304,15,7
1698587100,10,29,6,1305,15,7
1698587160,10,29,6,1306,15,7
1698587220,10,29,6,1307,15,7
1698587280,10,29,6,1308,15,7
1698587340,10,29,6,1309,15,7
1698587400,10,29,6,1310,15,7
1698587460,10,29,6,1311,15,7
1698587520,10,29,6,1312,15,7
1698587580,10,29,6,1313,15,6
1698587640,10,29,6,1314,15,6
1698587700,10,29,6,1315,15,6
1698587760,10,29,6,1316,15,6
1698587820,10,29,6,1317,15,6
1698587880,10,29,6,1318,15,6
1698587940,10,29,6,1319,15,6
1698588000,10,29,6,1320,15,6
1698588120,10,29,6,1322,15,6
1698588180,10,29,6,1323,15,6
1698588240,10,29,6,1324,15,6
1698588300,10,29,6,1325,15,6
1698588360,10,29,6,1326,15,6
1698588420,10,29,6,1327,15,6
1698588480,10,29,6,1328,15,6
1698588540,10,29,6,1329,15,5
1698588600,10,29,6,1330,15,5
1698588660,10,29,6,1331,15,5
1698588720,10,29,6,1332,15,4
1698588780,10,29,6,1333,15,4
1698588840,10,29,6,1334,15,6
1698588900,10,29,6,1335,15,6
1698588960,10,29,6,1336,15,5
1698589020,10,29,6,1337,15,5
1698589080,10,29,6,1338,15,5
1698589140,10,29,6,1339,15,5
1698589260,10,29,6,1341,15,5
1698589320,10,29,6,1342,15,5
1698589380,10,29,6,1343,15,5
1698589440,10,29,6,1344,15,6
1698589500,10,29,6,1345,15,6
1698589560,10,29,6,1346,15,5
1698589620,10,29,6,1347,15,5
1698589680,10,29,6,1348,15,5
1698589740,10,29,6,1349,15,6
1698589800,10,29,6,1350,15,6
1698589860,10,29,6,1351,15,6
1698589920,10,29,6,1352,15,7
1698589980,10,29,6,1353,15,7
1698590040,10,29,6,1354,15,7
1698590100,10,29,6,1355,15,7
1698590160,10,29,6,1356,15,7
1698590220,10,29,6,1357,15,7
1698590280,10,29,6,1358,15,7
1698590340,10,29,6,1359,15,9
1698590400,10,29,6,1360,15,9
1698590460,10,29,6,1361,15,9
1698590520,10,29,6,1362,15,10
1698590580,10,29,6,1363,15,10
1698590640,10,29,6,1364,15,10
1698590700,10,29,6,1365,15,10
1698590760,10,29,6,1366,15,10
1698590820,10,29,6,1367,15,10
1698590880,10,29,6,1368,15,9
1698590940,10,29,6,1369,15,9
1698591000,10,29,6,1370,15,9
1698591060,10,29,6,1371,15,7
1698591120,10,29,6,1372,15,8
1698591180,10,29,6,1373,15,9
1698591240,10,29,6,1374,15,9
1698591300,10,29,6,1375,15,9
1698591360,10,29,6,1376,15,9
1698591420,10,29,6,1377,15,10
1698591480,10,29,6,1378,15,10
1698591540,10,29,6,1379,15,10
1698591660,10,29,6,1381,15,10
1698591720,10,29,6,1382,15,10
1698591780,10,29,6,1383,15,10
1698591840,10,29,6,1384,15,11
1698591900,10,29,6,1385,15,12
1698591960,10,29,6,1386,15,12
1698592020,10,29,6,1387,15,12
1698592080,10,29,6,1388,15,12
1698592140,10,29,6,1389,15,12
1698592200,10,29,6,1390,15,12
1698592260,10,29,6,1391,15,12
1698592320,10,29,6,1392,15,12
1698592380,10,29,6,1393,15,13
1698592440,10,29,6,1394,15,14
1698592500,10,29,6,1395,15,14
1698592560,10,29,6,1396,15,14
1698592620,10,29,6,1397,15,14
1698592680,10,29,6,1398,15,14
1698592740,10,29,6,1399,15,15
1698592860,10,29,6,1401,15,14
1698592920,10,29,6,1402,15,14
1698592980,10,29,6,1403,15,14
1698593040,10,29,6,1404,15,14
1698593100,10,29,6,1405,15,14
1698593160,10,29,6,1406,15,14
1698593220,10,29,6,1407,15,15
1698593280,10,29,6,1408,15,15
1698593340,10,29,6,1409,15,15
1698593400,10,29,6,1410,15,15
1698593460,10,29,6,1411,15,15
1698593520,10,29,6,1412,15,15
1698593580,10,29,6,1413,15,15
1698593640,10,29,6,1414,15,15
1698593700,10,29,6,1415,15,15
1698593760,10,29,6,1416,15,15
1698593820,10,29,6,1417,15,15
1698593880,10,29,6,1418,15,15
1698593940,10,29,6,1419,15,15
1698594000,10,29,6,1420,15,15
1698594060,10,29,6,1421,15,15
1698594120,10,29,6,1422,15,15
1698594180,10,29,6,1423,15,15
1698594300,10,29,6,1425,15,14
1698594360,10,29,6,1426,15,14
1698594420,10,29,6,1427,15,14
1698594480,10,29,6,1428,15,14
1698594540,10,29,6,1429,15,14
1698594660,10,29,6,1431,15,14
1698594720,10,29,6,1432,15,14
1698594780,10,29,6,1433,15,14
1698594840,10,29,6,1434,15,14
1698594900,10,29,6,1435,15,14
1698594960,10,29,6,1436,15,14
1698595020,10,29,6,1437,15,15
1698595080,10,29,6,1438,15,15
1698595140,10,29,6,1439,15,15
1698595260,10,30,0,1,15,15
1698595320,10,30,0,2,15,15
1698595380,10,30,0,3,15,15
1698595440,10,30,0,4,15,15
1698595500,10,30,0,5,15,15
1698595560,10,30,0,6,15,15
1698595620,10,30,0,7,15,14
1698595680,10,30,0,8,15,14
1698595740,10,30,0,9,15,14
1698595860,10,30,0,11,15,14
1698595920,10,30,0,12,15,14
1698595980,10,30,0,13,15,14
1698596040,10,30,0,14,15,14
1698596100,10,30,0,15,15,14
1698596160,10,30,0,16,15,14
1698596220,10,30,0,17,15,14
1698596280,10,30,0,18,15,14
1698596340,10,30,0,19,15,15
1698596460,10,30,0,21,15,15
1698596520,10,30,0,22,15,15
1698596580,10,30,0,23,15,15
1698596640,10,30,0,24,15,15
1698596700,10,30,0,25,15,15
1698596760,10,30,0,26,15,15
1698596820,10,30,0,27,15,15
1698596880,10,30,0,28,15,15
1698596940,10,30,0,29,15,15
1698597060,10,30,0,31,15,15
1698597120,10,30,0,32,15,14
1698597180,10,30,0,33,15,14
1698597240,10,30,0,34,15,14
1698597300,10,30,0,35,15,14
1698597360,10,30,0,36,15,14
1698597420,10,30,0,37,15,14
1698597480,10,30,0,38,15,14
1698597540,10,30,0,39,15,14
1698597660,10,30,0,41,15,14
1698597720,10,30,0,42,15,14
1698597780,10,30,0,43,15,15
1698597840,10,30,0,44,15,15
1698597900,10,30,0,45,15,15
1698597960,10,30,0,46,15,15
1698598020,10,30,0,47,15,15
1698598080,10,30,0,48,15,15
1698598140,10,30,0,49,15,15
1698598260,10,30,0,51,15,15
1698598320,10,30,0,52,15,15
1698598380,10,30,0,53,15,15
1698598440,10,30,0,54,15,15
1698598500,10,30,0,55,15,15
1698598560,10,30,0,56,15,15
1698598620,10,30,0,57,15,15
1698598680,10,30,0,58,15,15
1698598740,10,30,0,59,15,15
1698598860,10,30,0,61,15,15
1698598920,10,30,0,62,15,15
1698598980,10,30,0,63,15,15
1698599040,10,30,0,64,15,15
1698599100,10,30,0,65,15,15
1698599220,10,30,0,67,15,15
1698599280,10,30,0,68,15,15
1698599340,10,30,0,69,15,15
1698599460,10,30,0,71,15,15
1698599520,10,30,0,72,15,15
1698599580,10,30,0,73,15,15
1698599640,10,30,0,74,15,15
1698599700,10,30,0,75,15,15
1698599760,10,30,0,76,15,15
1698599820,10,30,0,77,15,15
1698599880,10,30,0,78,15,15
1698599940,10,30,0,79,15,15
1698600060,10,30,0,81,15,15
1698600120,10,30,0,82,15,15
1698600180,10,30,0,83,15,15
1698600240,10,30,0,84,15,15
1698600300,10,30,0,85,15,15
1698600360,10,30,0,86,15,15
1698600420,10,30,0,87,15,15
1698600480,10,30,0,88,15,15
1698600540,10,30,0,89,15,15
1698600660,10,30,0,91,15,15
1698600720,10,30,0,92,15,15
1698600780,10,30,0,93,15,15
1698600840,10,30,0,94,15,15
1698600900,10,30,0,95,15,15
1698600960,10,30,0,96,15,15
1698601020,10,30,0,97,15,15
1698601080,10,30,0,98,15,15
1698601140,10,30,0,99,15,15
1698601200,10,30,0,100,15,15
1698601260,10,30,0,101,15,15
1698601320,10,30,0,102,15,15
1698601380,10,30,0,103,15,15
1698601440,10,30,0,104,15,15
1698601500,10,30,0,105,15,15
1698601560,10,30,0,106,15,15
1698601620,10,30,0,107,15,15
1698601680,10,30,0,108,15,15
1698601740,10,30,0,109,15,15
1698601800,10,30,0,110,15,15
1698601860,10,30,0,111,15,15
1698601920,10,30,0,112,15,15
1698601980,10,30,0,113,15,15
1698602040,10,30,0,114,15,15
1698602100,10,30,0,115,15,15
1698602160,10,30,0,116,15,15
1698602220,10,30,0,117,15,15
1698602280,10,30,0,118,15,15
1698602340,10,30,0,119,15,15
1698602460,10,30,0,121,15,15
1698602520,10,30,0,122,15,15
1698602580,10,30,0,123,15,15
1698602640,10,30,0,124,15,15
1698602700,10,30,0,125,15,15
1698602760,10,30,0,126,15,15
1698602820,10,30,0,127,15,15
1698602880,10,30,0,128,15,15
1698602940,10,30,0,129,15,15
1698603000,10,30,0,130,15,15
1698603060,10,30,0,131,15,15
1698603120,10,30,0,132,15,15
1698603180,10,30,0,133,15,15
1698603240,10,30,0,134,15,15
1698603300,10,30,0,135,15,15
1698603360,10,30,0,136,15,15
1698603420,10,30,0,137,15,15
1698603480,10,30,0,138,15,15
1698603540,10,30,0,139,15,15
1698603660,10,30,0,141,15,15
1698603720,10,30,0,142,15,14
1698603780,10,30,0,143,15,13
1698603840,10,30,0,144,15,13
1698603900,10,30,0,145,15,13
1698603960,10,30,0,146,15,13
1698604020,10,30,0,147,15,13
1698604080,10,30,0,148,15,13
1698604140,10,30,0,149,15,13
1698604200,10,30,0,150,15,15
1698604260,10,30,0,151,15,15
1698604320,10,30,0,152,15,15
1698604380,10,30,0,153,15,15
1698604440,10,30,0,154,15,15
1698604500,10,30,0,155,15,15
1698604560,10,30,0,156,15,15
1698604620,10,30,0,157,15,15
1698604680,10,30,0,158,15,15
1698604740,10,30,0,159,15,15
1698604800,10,30,0,160,15,15
1698604860,10,30,0,161,15,15
1698604920,10,30,0,162,15,15
1698604980,10,30,0,163,15,15
1698605040,10,30,0,164,15,15
1698605100,10,30,0,165,15,15
1698605160,10,30,0,166,15,15
1698605220,10,30,0,167,15,15
1698605280,10,30,0,168,15,15
1698605340,10,30,0,169,15,15
1698605400,10,30,0,170,15,15
1698605460,10,30,0,171,15,15
1698605520,10,30,0,172,15,15
1698605580,10,30,0,173,15,15
1698605640,10,30,0,174,15,15
1698605700,10,30,0,175,15,15
1698605760,10,30,0,176,15,15
1698605820,10,30,0,177,15,15
1698605880,10,30,0,178,15,15
1698605940,10,30,0,179,15,15
1698606000,10,30,0,180,15,15
1698606060,10,30,0,181,15,15
1698606120,10,30,0,182,15,15
1698606180,10,30,0,183,15,15
1698606240,10,30,0,184,15,15
1698606300,10,30,0,185,15,15
1698606360,10,30,0,186,15,15
1698606420,10,30,0,187,15,15
1698606480,10,30,0,188,15,15
1698606540,10,30,0,189,15,15
1698606600,10,30,0,190,15,15
1698606660,10,30,0,191,15,15
1698606720,10,30,0,192,15,15
1698606780,10,30,0,193,15,15
1698606840,10,30,0,194,15,15
1698606900,10,30,0,195,15,15
1698606960,10,30,0,196,15,15
1698607020,10,30,0,197,15,15
1698607080,10,30,0,198,15,15
1698607140,10,30,0,199,15,15
1698607260,10,30,0,201,15,15
1698607320,10,30,0,202,15,15
1698607380,10,30,0,203,15,15
1698607440,10,30,0,204,15,15
1698607500,10,30,0,205,15,15
1698607560,10,30,0,206,15,15
1698607620,10,30,0,207,15,15
1698607680,10,30,0,208,15,15
1698607740,10,30,0,209,15,15
1698607800,10,30,0,210,15,15
1698607860,10,30,0,211,15,15
1698607920,10,30,0,212,15,15
1698607980,10,30,0,213,15,15
1698608040,10,30,0,214,15,15
1698608100,10,30,0,215,15,15
1698608160,10,30,0,216,15,15
1698608220,10,30,0,217,15,15
1698608280,10,30,0,218,15,15
1698608340,10,30,0,219,15,15
1698608400,10,30,0,220,15,15
1698608460,10,30,0,221,15,15
1698608520,10,30,0,222,15,15
1698608580,10,30,0,223,15,15
1698608640,10,30,0,224,15,15
1698608700,10,30,0,225,15,15
1698608760,10,30,0,226,15,15
1698608820,10,30,0,227,15,15
1698608880,10,30,0,228,15,15
1698608940,10,30,0,229,15,15
1698609000,10,30,0,230,15,15
1698609060,10,30,0,231,15,15
1698609120,10,30,0,232,15,15
1698609180,10,30,0,233,15,15
1698609240,10,30,0,234,15,15
1698609300,10,30,0,235,15,15
1698609360,10,30,0,236,15,15
1698609420,10,30,0,237,15,15
1698609480,10,30,0,238,15,15
1698609540,10,30,0,239,15,15
1698609600,10,30,0,240,15,15
1698609660,10,30,0,241,15,15
1698609720,10,30,0,242,15,15
1698609780,10,30,0,243,15,15
1698609840,10,30,0,244,15,15
1698609900,10,30,0,245,15,15
1698609960,10,30,0,246,15,15
1698610020,10,30,0,247,15,15
1698610080,10,30,0,248,15,15
1698610140,10,30,0,249,15,15
1698610200,10,30,0,250,15,15
1698610260,10,30,0,251,15,15
1698610320,10,30,0,252,15,15
1698610380,10,30,0,253,15,15
1698610440,10,30,0,254,15,15
1698610500,10,30,0,255,15,15
1698610560,10,30,0,256,15,15
1698610620,10,30,0,257,15,15
1698610680,10,30,0,258,15,15
1698610740,10,30,0,259,15,15
1698610860,10,30,0,261,15,15
1698610980,10,30,0,263,15,14
1698611040,10,30,0,264,15,14
1698611100,10,30,0,265,15,14
1698611160,10,30,0,266,15,14
1698611220,10,30,0,267,15,14
1698611280,10,30,0,268,15,14
1698611340,10,30,0,269,15,14
1698611460,10,30,0,271,15,14
1698611520,10,30,0,272,15,14
1698611580,10,30,0,273,15,14
1698611640,10,30,0,274,15,14
1698611700,10,30,0,275,15,14
1698611760,10,30,0,276,15,14
1698611820,10,30,0,277,15,14
1698611880,10,30,0,278,15,14
1698611940,10,30,0,279,15,14
1698612060,10,30,0,281,15,14
1698612120,10,30,0,282,15,14
1698612180,10,30,0,283,15,14
1698612240,10,30,0,284,15,14
1698612300,10,30,0,285,15,14
1698612360,10,30,0,286,15,14
1698612420,10,30,0,287,15,14
1698612480,10,30,0,288,15,14
1698612540,10,30,0,289,15,14
1698612660,10,30,0,291,15,14
1698612720,10,30,0,292,15,14
1698612780,10,30,0,293,15,14
1698612840,10,30,0,294,15,14
1698612900,10,30,0,295,15,14
1698612960,10,30,0,296,15,14
1698613020,10,30,0,297,15,14
1698613080,10,30,0,298,15,14
1698613140,10,30,0,299,15,14
1698613260,10,30,0,301,15,14
1698613320,10,30,0,302,15,14
1698613380,10,30,0,303,15,14
1698613440,10,30,0,304,15,14
1698613500,10,30,0,305,15,14
1698613560,10,30,0,306,15,14
1698613620,10,30,0,307,15,14
1698613680,10,30,0,308,15,14
1698613740,10,30,0,309,15,14
1698613860,10,30,0,311,15,14
1698613920,10,30,0,312,15,14
1698613980,10,30,0,313,15,14
1698614040,10,30,0,314,15,14
1698614100,10,30,0,315,15,14
1698614160,10,30,0,316,15,14
1698614220,10,30,0,317,15,14
1698614280,10,30,0,318,15,14
1698614340,10,30,0,319,15,14
1698614460,10,30,0,321,15,14
1698614520,10,30,0,322,15,14
1698614580,10,30,0,323,15,14
1698614640,10,30,0,324,15,14
1698614700,10,30,0,325,15,14
1698614760,10,30,0,326,15,14
1698614820,10,30,0,327,15,14
1698614880,10,30,0,328,15,14
1698614940,10,30,0,329,15,14
1698615060,10,30,0,331,15,14
1698615120,10,30,0,332,15,14
1698615180,10,30,0,333,15,14
1698615240,10,30,0,334,15,14
1698615300,10,30,0,335,15,14
1698615360,10,30,0,336,15,14
1698615420,10,30,0,337,15,14
1698615480,10,30,0,338,15,14
1698615540,10,30,0,339,15,14
1698615660,10,30,0,341,15,14
1698615720,10,30,0,342,15,14
1698615780,10,30,0,343,15,14
1698615840,10,30,0,344,15,14
1698615900,10,30,0,345,15,14
1698615960,10,30,0,346,15,13
1698616020,10,30,0,347,15,13
1698616080,10,30,0,348,15,13
1698616140,10,30,0,349,15,13
1698616260,10,30,0,351,15,14
1698616320,10,30,0,352,15,14
1698616380,10,30,0,353,15,14
1698616440,10,30,0,354,15,14
1698616500,10,30,0,355,15,14
1698616560,10,30,0,356,15,14
1698616620,10,30,0,357,15,14
1698616680,10,30,0,358,15,14
1698616740,10,30,0,359,15,14
1698616860,10,30,0,361,15,14
1698616920,10,30,0,362,15,14
1698616980,10,30,0,363,15,14
1698617040,10,30,0,364,15,14
1698617100,10,30,0,365,15,14
1698617160,10,30,0,366,15,14
1698617220,10,30,0,367,15,14
1698617280,10,30,0,368,15,14
1698617340,10,30,0,369,15,14
1698617400,10,30,0,370,15,14
1698617460,10,30,0,371,15,15
1698617520,10,30,0,372,15,15
1698617580,10,30,0,373,15,15
1698617640,10,30,0,374,15,15
1698617700,10,30,0,375,15,15
1698617760,10,30,0,376,15,15
1698617820,10,30,0,377,15,15
1698617880,10,30,0,378,15,15
1698617940,10,30,0,379,15,15
1698618060,10,30,0,381,15,15
1698618120,10,30,0,382,15,15
1698618180,10,30,0,383,15,15
1698618240,10,30,0,384,15,15
1698618300,10,30,0,385,15,15
1698618360,10,30,0,386,15,15
1698618420,10,30,0,387,15,15
1698618480,10,30,0,388,15,15
1698618540,10,30,0,389,15,15
1698618600,10,30,0,390,15,15
1698618660,10,30,0,391,15,15
1698618720,10,30,0,392,15,15
1698618780,10,30,0,393,15,15
1698618840,10,30,0,394,15,15
1698618900,10,30,0,395,15,15
1698618960,10,30,0,396,15,15
1698619020,10,30,0,397,15,15
1698619080,10,30,0,398,15,15
1698619140,10,30,0,399,15,15
1698619200,10,30,0,400,15,15
1698619260,10,30,0,401,15,15
1698619320,10,30,0,402,15,15
1698619380,10,30,0,403,15,15
1698619440,10,30,0,404,15,15
1698619500,10,30,0,405,15,15
1698619560,10,30,0,406,15,15
1698619620,10,30,0,407,15,15
1698619680,10,30,0,408,15,15
1698619740,10,30,0,409,15,15
1698619800,10,30,0,410,15,15
1698619860,10,30,0,411,15,15
1698619920,10,30,0,412,15,15
1698619980,10,30,0,413,15,15
1698620040,10,30,0,414,15,15
1698620100,10,30,0,415,15,15
1698620160,10,30,0,416,15,15
1698620220,10,30,0,417,15,15
1698620280,10,30,0,418,15,15
1698620340,10,30,0,419,15,15
1698620460,10,30,0,421,15,15
1698620520,10,30,0,422,15,15
1698620580,10,30,0,423,15,15
1698620640,10,30,0,424,15,15
1698620700,10,30,0,425,15,15
1698620760,10,30,0,426,15,15
1698620820,10,30,0,427,15,15
1698620880,10,30,0,428,15,15
1698620940,10,30,0,429,15,15
1698621000,10,30,0,430,15,15
1698621060,10,30,0,431,15,15
1698621120,10,30,0,432,15,15
1698621180,10,30,0,433,15,15
1698621240,10,30,0,434,15,15
1698621300,10,30,0,435,15,15
1698621360,10,30,0,436,15,15
1698621420,10,30,0,437,15,15
1698621480,10,30,0,438,15,15
1698621540,10,30,0,439,15,15
1698621660,10,30,0,441,15,15
1698621720,10,30,0,442,15,15
1698621780,10,30,0,443,15,15
1698621840,10,30,0,444,15,15
1698621900,10,30,0,445,15,15
1698621960,10,30,0,446,15,15
1698622020,10,30,0,447,15,15
1698622080,10,30,0,448,15,14
1698622140,10,30,0,449,15,14
1698622260,10,30,0,451,15,14
1698622320,10,30,0,452,15,14
1698622380,10,30,0,453,15,13
1698622440,10,30,0,454,15,13
1698622500,10,30,0,455,15,13
1698622560,10,30,0,456,15,12
1698622620,10,30,0,457,15,12
1698622680,10,30,0,458,15,13
1698622740,10,30,0,459,15,13
1698622800,10,30,0,460,15,13
1698622860,10,30,0,461,15,13
1698622920,10,30,0,462,15,14
1698622980,10,30,0,463,15,14
1698623040,10,30,0,464,15,14
1698623100,10,30,0,465,15,14
1698623160,10,30,0,466,15,13
1698623220,10,30,0,467,15,11
1698623280,10,30,0,468,15,11
1698623340,10,30,0,469,15,11
1698623400,10,30,0,470,15,10
1698623460,10,30,0,471,15,10
1698623520,10,30,0,472,15,10
1698623580,10,30,0,473,15,9
1698623640,10,30,0,474,15,9
1698623700,10,30,0,475,15,9
1698623760,10,30,0,476,15,9
1698623820,10,30,0,477,15,8
1698623880,10,30,0,478,15,8
1698623940,10,30,0,479,15,8
1698624060,10,30,0,481,15,7
1698624120,10,30,0,482,15,7
1698624180,10,30,0,483,15,7
1698624240,10,30,0,484,15,8
1698624300,10,30,0,485,15,9
1698624360,10,30,0,486,15,9
1698624420,10,30,0,487,15,8
1698624480,10,30,0,488,15,7
1698624540,10,30,0,489,15,7
1698624660,10,30,0,491,15,5
1698624720,10,30,0,492,15,4
1698624780,10,30,0,493,15,4
1698624840,10,30,0,494,15,5
1698624900,10,30,0,495,15,4
1698624960,10,30,0,496,15,3
1698625020,10,30,0,497,15,2
1698625080,10,30,0,498,15,3
1698625140,10,30,0,499,15,4
1698625260,10,30,0,501,15,1
1698625320,10,30,0,502,15,1
1698625380,10,30,0,503,15,1
1698625440,10,30,0,504,15,1
1698625500,10,30,0,505,15,1
1698625560,10,30,0,506,15,1
1698625620,10,30,0,507,15,1
1698625680,10,30,0,508,15,4
1698625740,10,30,0,509,15,4
1698625860,10,30,0,511,15,3
1698625920,10,30,0,512,15,4
1698625980,10,30,0,513,15,4
1698626040,10,30,0,514,15,4
1698626100,10,30,0,515,15,4
1698626160,10,30,0,516,15,4
1698626220,10,30,0,517,15,2
1698626280,10,30,0,518,15,2
1698626340,10,30,0,519,15,2
1698626460,10,30,0,521,15,1
1698626520,10,30,0,522,15,1
1698626580,10,30,0,523,15,1
1698626640,10,30,0,524,15,1
1698626700,10,30,0,525,15,1
1698626760,10,30,0,526,15,1
1698626820,10,30,0,527,15,1
1698626880,10,30,0,528,15,3
1698626940,10,30,0,529,15,3
1698627060,10,30,0,531,15,1
1698627120,10,30,0,532,15,1
1698627180,10,30,0,533,15,1
1698627240,10,30,0,534,15,1
1698627300,10,30,0,535,15,1
1698627420,10,30,0,537,15,0
1698627480,10,30,0,538,15,2
1698627540,10,30,0,539,15,3
1698627660,10,30,0,541,15,3
1698627720,10,30,0,542,15,3
1698627780,10,30,0,543,15,2
1698627840,10,30,0,544,15,2
1698627900,10,30,0,545,15,1
1698627960,10,30,0,546,15,1
1698628020,10,30,0,547,15,1
1698628080,10,30,0,548,15,2
1698628140,10,30,0,549,15,1
1698628260,10,30,0,551,15,1
1698628320,10,30,0,552,15,0
1698628380,10,30,0,553,15,0
1698628440,10,30,0,554,15,0
1698628500,10,30,0,555,15,0
1698628560,10,30,0,556,15,0
1698628620,10,30,0,557,15,0
1698628680,10,30,0,558,15,0
1698628740,10,30,0,559,15,0
1698628860,10,30,0,561,15,0
1698628920,10,30,0,562,15,1
1698628980,10,30,0,563,15,2
1698629040,10,30,0,564,15,2
1698629100,10,30,0,565,15,2
1698629160,10,30,0,566,15,2
1698629220,10,30,0,567,15,0
1698629280,10,30,0,568,15,1
1698629340,10,30,0,569,15,1
1698629460,10,30,0,571,15,0
1698629520,10,30,0,572,15,1
1698629580,10,30,0,573,15,0
1698629640,10,30,0,574,15,0
1698629700,10,30,0,575,15,0
1698629760,10,30,0,576,15,0
1698629820,10,30,0,577,15,0
1698629880,10,30,0,578,15,0
1698629940,10,30,0,579,15,0
1698630060,10,30,0,581,15,0
1698630120,10,30,0,582,15,1
1698630180,10,30,0,583,15,1
1698630300,10,30,0,585,15,0
1698630420,10,30,0,587,15,0
1698630480,10,30,0,588,15,0
1698630540,10,30,0,589,15,0
1698630600,10,30,0,590,15,0
1698630720,10,30,0,592,15,0
1698630840,10,30,0,594,15,1
1698630900,10,30,0,595,15,1
1698630960,10,30,0,596,15,1
1698631020,10,30,0,597,15,0
1698631080,10,30,0,598,15,0
1698631140,10,30,0,599,15,0
1698631260,10,30,0,601,15,0
1698631320,10,30,0,602,15,0
1698631440,10,30,0,604,15,0
1698631500,10,30,0,605,15,0
1698631560,10,30,0,606,15,0
1698631620,10,30,0,607,15,0
1698631740,10,30,0,609,15,0
1698631860,10,30,0,611,15,0
1698631920,10,30,0,612,15,1
1698632940,10,30,0,629,15,1
1698633060,10,30,0,631,15,2
1698633180,10,30,0,633,15,2
1698633240,10,30,0,634,15,2
1698633300,10,30,0,635,15,0
1698633360,10,30,0,636,15,0
1698633420,10,30,0,637,15,0
1698633480,10,30,0,638,15,0
1698633540,10,30,0,639,15,0
1698633660,10,30,0,641,15,0
1698633720,10,30,0,642,15,1
1698633840,10,30,0,644,15,0
1698633900,10,30,0,645,15,2
1698633960,10,30,0,646,15,2
1698634020,10,30,0,647,15,2
1698634080,10,30,0,648,15,2
1698634140,10,30,0,649,15,2
1698634260,10,30,0,651,15,1
1698634320,10,30,0,652,15,3
1698634380,10,30,0,653,15,3
1698634440,10,30,0,654,15,3
1698634500,10,30,0,655,15,3
1698634560,10,30,0,656,15,3
1698634620,10,30,0,657,15,2
1698634680,10,30,0,658,15,1
1698634740,10,30,0,659,15,1
1698634860,10,30,0,661,15,1
1698634920,10,30,0,662,15,2
1698634980,10,30,0,663,15,2
1698635040,10,30,0,664,15,2
1698635100,10,30,0,665,15,2
1698635160,10,30,0,666,15,2
1698635220,10,30,0,667,15,2
1698635280,10,30,0,668,15,2
1698635340,10,30,0,669,15,2
1698635460,10,30,0,671,15,2
1698635580,10,30,0,673,15,2
1698635640,10,30,0,674,15,2
1698635700,10,30,0,675,15,2
1698635760,10,30,0,676,15,1
1698635820,10,30,0,677,15,1
1698635880,10,30,0,678,15,1
1698635940,10,30,0,679,15,2
1698636060,10,30,0,681,15,1
1698636120,10,30,0,682,15,1
1698636180,10,30,0,683,15,1
1698636240,10,30,0,684,15,1
1698636300,10,30,0,685,15,1
1698636360,10,30,0,686,15,3
1698636420,10,30,0,687,15,3
1698636480,10,30,0,688,15,2
1698636540,10,30,0,689,15,2
1698636660,10,30,0,691,15,2
1698636720,10,30,0,692,15,2
1698636780,10,30,0,693,15,2
1698636840,10,30,0,694,15,2
1698636900,10,30,0,695,15,2
1698636960,10,30,0,696,15,3
1698637020,10,30,0,697,15,3
1698637080,10,30,0,698,15,3
1698637140,10,30,0,699,15,3
1698637200,10,30,0,700,15,3
1698637260,10,30,0,701,15,3
1698637380,10,30,0,703,15,3
1698637500,10,30,0,705,15,3
1698637560,10,30,0,706,15,3
1698637620,10,30,0,707,15,3
1698637680,10,30,0,708,15,3
1698637740,10,30,0,709,15,3
1698637800,10,30,0,710,15,3
1698637920,10,30,0,712,15,3
1698637980,10,30,0,713,15,3
1698638040,10,30,0,714,15,3
1698638100,10,30,0,715,15,3
1698638160,10,30,0,716,15,3
1698638280,10,30,0,718,15,3
1698638340,10,30,0,719,15,4
1698638460,10,30,0,721,15,4
1698638520,10,30,0,722,15,4
1698638580,10,30,0,723,15,4
1698638640,10,30,0,724,15,2
1698638700,10,30,0,725,15,2
1698638760,10,30,0,726,15,2
1698638820,10,30,0,727,15,2
1698638880,10,30,0,728,15,2
1698638940,10,30,0,729,15,2
1698639060,10,30,0,731,15,1
1698639120,10,30,0,732,15,1
1698639180,10,30,0,733,15,0
1698639240,10,30,0,734,15,0
1698639300,10,30,0,735,15,0
1698639360,10,30,0,736,15,0
1698639420,10,30,0,737,15,0
1698639480,10,30,0,738,15,0
1698639540,10,30,0,739,15,1
1698639660,10,30,0,741,15,0
1698639720,10,30,0,742,15,2
1698639780,10,30,0,743,15,2
1698639840,10,30,0,744,15,1
1698639900,10,30,0,745,15,2
1698639960,10,30,0,746,15,2
1698640020,10,30,0,747,15,2
1698640080,10,30,0,748,15,2
1698640140,10,30,0,749,15,1
1698640260,10,30,0,751,15,1
1698640320,10,30,0,752,15,3
1698640380,10,30,0,753,15,3
1698640440,10,30,0,754,15,2
1698640500,10,30,0,755,15,3
1698640560,10,30,0,756,15,3
1698640620,10,30,0,757,15,3
1698640680,10,30,0,758,15,3
1698640740,10,30,0,759,15,3
1698640860,10,30,0,761,15,3
1698640920,10,30,0,762,15,4
1698640980,10,30,0,763,15,4
1698641040,10,30,0,764,15,4
1698641100,10,30,0,765,15,4
1698641160,10,30,0,766,15,4
1698641220,10,30,0,767,15,4
1698641280,10,30,0,768,15,4
1698641340,10,30,0,769,15,5
1698641460,10,30,0,771,15,5
1698641520,10,30,0,772,15,5
1698641580,10,30,0,773,15,5
1698641640,10,30,0,774,15,5
1698641700,10,30,0,775,15,5
1698641760,10,30,0,776,15,5
1698641880,10,30,0,778,15,6
1698641940,10,30,0,779,15,5
1698642060,10,30,0,781,15,5
1698642120,10,30,0,782,15,4
1698642180,10,30,0,783,15,4
1698642240,10,30,0,784,15,4
1698642300,10,30,0,785,15,4
1698642360,10,30,0,786,15,5
1698642420,10,30,0,787,15,5
1698642480,10,30,0,788,15,5
1698642540,10,30,0,789,15,5
1698642660,10,30,0,791,15,7
1698642720,10,30,0,792,15,6
1698642780,10,30,0,793,15,6
1698642840,10,30,0,794,15,6
1698642960,10,30,0,796,15,5
1698643020,10,30,0,797,15,5
1698643140,10,30,0,799,15,5
1698643260,10,30,0,801,15,4
1698643320,10,30,0,802,15,4
1698643380,10,30,0,803,15,2
1698643440,10,30,0,804,15,1
1698643500,10,30,0,805,15,0
1698643560,10,30,0,806,15,1
1698643620,10,30,0,807,15,1
1698643680,10,30,0,808,15,1
1698643740,10,30,0,809,15,1
1698643860,10,30,0,811,15,1
1698643920,10,30,0,812,15,1
1698643980,10,30,0,813,15,0
1698644040,10,30,0,814,15,2
1698644100,10,30,0,815,15,2
1698644160,10,30,0,816,15,2
1698644220,10,30,0,817,15,2
1698644340,10,30,0,819,15,3
1698644460,10,30,0,821,15,2
1698644520,10,30,0,822,15,5
1698644580,10,30,0,823,15,5
1698644640,10,30,0,824,15,5
1698644700,10,30,0,825,15,5
1698644760,10,30,0,826,15,5
1698644820,10,30,0,827,15,6
1698644880,10,30,0,828,15,6
1698644940,10,30,0,829,15,6
1698645060,10,30,0,831,15,6
1698645120,10,30,0,832,15,4
1698645180,10,30,0,833,15,5
1698645240,10,30,0,834,15,5
1698645300,10,30,0,835,15,5
1698645360,10,30,0,836,15,5
1698645420,10,30,0,837,15,5
1698645480,10,30,0,838,15,5
1698645540,10,30,0,839,15,5
1698645660,10,30,0,841,15,4
1698645720,10,30,0,842,15,6
1698645780,10,30,0,843,15,6
1698645840,10,30,0,844,15,5
1698645900,10,30,0,845,15,4
1698645960,10,30,0,846,15,3
1698646020,10,30,0,847,15,3
1698646080,10,30,0,848,15,3
1698646140,10,30,0,849,15,3
1698646260,10,30,0,851,15,6
1698646320,10,30,0,852,15,4
1698646380,10,30,0,853,15,4
1698646440,10,30,0,854,15,5
1698646500,10,30,0,855,15,4
1698646560,10,30,0,856,15,4
1698646620,10,30,0,857,15,3
1698646680,10,30,0,858,15,5
1698646740,10,30,0,859,15,6
1698646860,10,30,0,861,15,5
1698646920,10,30,0,862,15,6
1698646980,10,30,0,863,15,6
1698647040,10,30,0,864,15,5
1698647100,10,30,0,865,15,5
1698647160,10,30,0,866,15,6
1698647220,10,30,0,867,15,5
1698647280,10,30,0,868,15,5
1698647340,10,30,0,869,15,5
1698647460,10,30,0,871,15,5
1698647520,10,30,0,872,15,5
1698647580,10,30,0,873,15,4
1698647640,10,30,0,874,15,4
1698647700,10,30,0,875,15,4
1698647820,10,30,0,877,15,4
1698647880,10,30,0,878,15,7
1698647940,10,30,0,879,15,7
1698648060,10,30,0,881,15,7
1698648120,10,30,0,882,15,8
1698648180,10,30,0,883,15,8
1698648240,10,30,0,884,15,8
1698648300,10,30,0,885,15,8
1698648360,10,30,0,886,15,9
1698648420,10,30,0,887,15,9
1698648480,10,30,0,888,15,9
1698648540,10,30,0,889,15,9
1698648660,10,30,0,891,15,9
1698648720,10,30,0,892,15,9
1698648780,10,30,0,893,15,9
1698648840,10,30,0,894,15,10
1698648900,10,30,0,895,15,10
1698648960,10,30,0,896,15,10
1698649020,10,30,0,897,15,11
1698649080,10,30,0,898,15,11
1698649140,10,30,0,899,15,11
1698649200,10,30,0,900,15,11
1698649320,10,30,0,902,15,11
1698649380,10,30,0,903,15,11
1698649440,10,30,0,904,15,11
1698649500,10,30,0,905,15,11
1698649560,10,30,0,906,15,12
1698649620,10,30,0,907,15,12
1698649680,10,30,0,908,15,12
1698649740,10,30,0,909,15,9
1698649860,10,30,0,911,15,8
1698649920,10,30,0,912,15,7
1698649980,10,30,0,913,15,7
1698650040,10,30,0,914,15,7
1698650100,10,30,0,915,15,7
1698650160,10,30,0,916,15,7
1698650220,10,30,0,917,15,7
1698650280,10,30,0,918,15,6
1698650340,10,30,0,919,15,6
1698650460,10,30,0,921,15,3
1698650520,10,30,0,922,15,3
1698650580,10,30,0,923,15,3
1698650640,10,30,0,924,15,2
1698650700,10,30,0,925,15,2
1698650760,10,30,0,926,15,3
1698650820,10,30,0,927,15,4
1698650880,10,30,0,928,15,3
1698650940,10,30,0,929,15,2
1698651060,10,30,0,931,15,2
1698651120,10,30,0,932,15,1
1698651180,10,30,0,933,15,1
1698651240,10,30,0,934,15,1
1698651300,10,30,0,935,15,1
1698651360,10,30,0,936,15,1
1698651420,10,30,0,937,15,2
1698651480,10,30,0,938,15,2
1698651540,10,30,0,939,15,2
1698651660,10,30,0,941,15,2
1698651720,10,30,0,942,15,1
1698651780,10,30,0,943,15,1
1698651840,10,30,0,944,15,1
1698651900,10,30,0,945,15,1
1698651960,10,30,0,946,15,1
1698652020,10,30,0,947,15,1
1698652080,10,30,0,948,15,1
1698652140,10,30,0,949,15,1
1698652260,10,30,0,951,15,1
1698652320,10,30,0,952,15,1
1698652380,10,30,0,953,15,1
1698652440,10,30,0,954,15,4
1698652500,10,30,0,955,15,4
1698652560,10,30,0,956,15,3
1698652620,10,30,0,957,15,3
1698652680,10,30,0,958,15,3
1698652740,10,30,0,959,15,1
1698652800,10,30,0,960,15,1
1698652920,10,30,0,962,15,1
1698652980,10,30,0,963,15,1
1698653040,10,30,0,964,15,1
1698653100,10,30,0,965,15,1
1698653160,10,30,0,966,15,1
1698653220,10,30,0,967,15,1
1698653280,10,30,0,968,15,1
1698653340,10,30,0,969,15,1
1698653460,10,30,0,971,15,2
1698653520,10,30,0,972,15,2
1698653580,10,30,0,973,15,1
1698653640,10,30,0,974,15,1
1698653700,10,30,0,975,15,1
1698653760,10,30,0,976,15,0
1698653820,10,30,0,977,15,0
1698653880,10,30,0,978,15,1
1698653940,10,30,0,979,15,0
1698654060,10,30,0,981,15,0
1698654120,10,30,0,982,15,1
1698654180,10,30,0,983,15,1
1698654240,10,30,0,984,15,0
1698654300,10,30,0,985,15,0
1698654360,10,30,0,986,15,0
1698654420,10,30,0,987,15,0
1698654480,10,30,0,988,15,0
1698654540,10,30,0,989,15,0
1698654720,10,30,0,992,15,0
1698654780,10,30,0,993,15,0
1698654840,10,30,0,994,15,0
1698654900,10,30,0,995,15,0
1698654960,10,30,0,996,15,0
1698655020,10,30,0,997,15,1
1698655080,10,30,0,998,15,1
1698655140,10,30,0,999,15,0
1698655260,10,30,0,1001,15,0
1698655320,10,30,0,1002,15,1
1698655380,10,30,0,1003,15,0
1698655440,10,30,0,1004,15,0
1698655500,10,30,0,1005,15,0
1698655560,10,30,0,1006,15,0
1698655620,10,30,0,1007,15,0
1698655680,10,30,0,1008,15,0
1698655740,10,30,0,1009,15,1
1698655860,10,30,0,1011,15,1
1698655920,10,30,0,1012,15,0
1698655980,10,30,0,1013,15,0
1698656040,10,30,0,1014,15,0
1698656100,10,30,0,1015,15,0
1698656160,10,30,0,1016,15,0
1698656220,10,30,0,1017,15,0
1698656280,10,30,0,1018,15,0
1698656340,10,30,0,1019,15,0
1698656520,10,30,0,1022,15,2
1698656580,10,30,0,1023,15,2
1698656640,10,30,0,1024,15,2
1698656700,10,30,0,1025,15,1
1698656760,10,30,0,1026,15,0
1698656820,10,30,0,1027,15,0
1698656880,10,30,0,1028,15,0
1698656940,10,30,0,1029,15,2
1698657060,10,30,0,1031,15,1
1698657120,10,30,0,1032,15,1
1698657180,10,30,0,1033,15,2
1698657240,10,30,0,1034,15,3
1698657300,10,30,0,1035,15,3
1698657360,10,30,0,1036,15,3
1698657420,10,30,0,1037,15,4
1698657480,10,30,0,1038,15,3
1698657540,10,30,0,1039,15,3
1698657660,10,30,0,1041,15,6
1698657720,10,30,0,1042,15,6
1698657840,10,30,0,1044,15,5
1698657900,10,30,0,1045,15,3
1698657960,10,30,0,1046,15,3
1698658020,10,30,0,1047,15,4
1698658080,10,30,0,1048,15,4
1698658140,10,30,0,1049,15,6
1698658260,10,30,0,1051,15,6
1698658320,10,30,0,1052,15,5
1698658380,10,30,0,1053,15,5
1698658440,10,30,0,1054,15,6
1698658500,10,30,0,1055,15,6
1698658560,10,30,0,1056,15,3
1698658620,10,30,0,1057,15,3
1698658680,10,30,0,1058,15,3
1698658740,10,30,0,1059,15,3
1698658860,10,30,0,1061,15,4
1698658920,10,30,0,1062,15,2
1698658980,10,30,0,1063,15,2
1698659040,10,30,0,1064,15,2
1698659100,10,30,0,1065,15,2
1698659160,10,30,0,1066,15,2
1698659220,10,30,0,1067,15,2
1698659280,10,30,0,1068,15,1
1698659340,10,30,0,1069,15,3
1698659400,10,30,0,1070,15,1
1698659520,10,30,0,1072,15,0
1698659580,10,30,0,1073,15,0
1698659640,10,30,0,1074,15,0
1698659700,10,30,0,1075,15,0
1698659760,10,30,0,1076,15,0
1698659820,10,30,0,1077,15,0
1698659880,10,30,0,1078,15,0
1698659940,10,30,0,1079,15,0
1698660060,10,30,0,1081,15,0
1698660180,10,30,0,1083,15,0
1698660240,10,30,0,1084,15,0
1698660300,10,30,0,1085,15,0
1698660360,10,30,0,1086,15,0
1698660420,10,30,0,1087,15,0
1698660480,10,30,0,1088,15,0
1698660540,10,30,0,1089,15,0
1698660660,10,30,0,1091,15,0
1698660720,10,30,0,1092,15,0
1698660780,10,30,0,1093,15,0
1698660840,10,30,0,1094,15,1
1698660900,10,30,0,1095,15,1
1698660960,10,30,0,1096,15,0
1698661020,10,30,0,1097,15,0
1698661080,10,30,0,1098,15,0
1698661140,10,30,0,1099,15,0
1698661260,10,30,0,1101,15,0
1698661320,10,30,0,1102,15,1
1698661380,10,30,0,1103,15,0
1698661440,10,30,0,1104,15,0
1698661500,10,30,0,1105,15,1
1698661560,10,30,0,1106,15,0
1698661620,10,30,0,1107,15,0
1698661680,10,30,0,1108,15,0
1698661740,10,30,0,1109,15,1
1698661860,10,30,0,1111,15,1
1698661920,10,30,0,1112,15,0
1698661980,10,30,0,1113,15,2
1698662040,10,30,0,1114,15,1
1698662100,10,30,0,1115,15,1
1698662160,10,30,0,1116,15,1
1698662220,10,30,0,1117,15,0
1698662280,10,30,0,1118,15,0
1698662340,10,30,0,1119,15,0
1698662460,10,30,0,1121,15,1
1698662520,10,30,0,1122,15,1
1698662580,10,30,0,1123,15,0
1698662640,10,30,0,1124,15,0
1698662700,10,30,0,1125,15,0
1698662760,10,30,0,1126,15,0
1698662820,10,30,0,1127,15,0
1698662880,10,30,0,1128,15,0
1698662940,10,30,0,1129,15,0
1698663060,10,30,0,1131,15,0
1698663120,10,30,0,1132,15,0
1698663180,10,30,0,1133,15,0
1698663240,10,30,0,1134,15,0
1698663300,10,30,0,1135,15,0
1698663360,10,30,0,1136,15,0
1698663420,10,30,0,1137,15,0
1698663480,10,30,0,1138,15,1
1698663540,10,30,0,1139,15,1
1698663660,10,30,0,1141,15,0
1698663720,10,30,0,1142,15,0
1698663780,10,30,0,1143,15,0
1698663840,10,30,0,1144,15,0
1698663900,10,30,0,1145,15,0
1698663960,10,30,0,1146,15,0
1698664020,10,30,0,1147,15,0
1698664080,10,30,0,1148,15,0
1698664140,10,30,0,1149,15,0
1698664260,10,30,0,1151,15,0
1698664320,10,30,0,1152,15,0
1698664380,10,30,0,1153,15,0
1698664440,10,30,0,1154,15,0
1698664500,10,30,0,1155,15,0
1698664560,10,30,0,1156,15,0
1698664620,10,30,0,1157,15,1
1698664680,10,30,0,1158,15,1
1698664740,10,30,0,1159,15,1
1698664860,10,30,0,1161,15,1
1698664920,10,30,0,1162,15,1
1698664980,10,30,0,1163,15,1
1698665040,10,30,0,1164,15,1
1698665100,10,30,0,1165,15,2
1698665160,10,30,0,1166,15,2
1698665220,10,30,0,1167,15,1
1698665280,10,30,0,1168,15,0
1698665340,10,30,0,1169,15,1
1698665460,10,30,0,1171,15,2
1698665520,10,30,0,1172,15,2
1698665580,10,30,0,1173,15,2
1698665640,10,30,0,1174,15,1
1698665700,10,30,0,1175,15,1
1698665760,10,30,0,1176,15,0
1698665820,10,30,0,1177,15,0
1698665880,10,30,0,1178,15,1
1698665940,10,30,0,1179,15,1
1698666060,10,30,0,1181,15,1
1698666120,10,30,0,1182,15,1
1698666180,10,30,0,1183,15,1
1698666240,10,30,0,1184,15,1
1698666300,10,30,0,1185,15,1
1698666360,10,30,0,1186,15,2
1698666420,10,30,0,1187,15,2
1698666480,10,30,0,1188,15,1
1698666540,10,30,0,1189,15,1
1698666600,10,30,0,1190,15,1
1698666660,10,30,0,1191,15,0
1698666720,10,30,0,1192,15,0
1698666780,10,30,0,1193,15,0
1698666840,10,30,0,1194,15,0
1698666900,10,30,0,1195,15,0
1698666960,10,30,0,1196,15,0
1698667020,10,30,0,1197,15,0
1698667080,10,30,0,1198,15,0
1698667140,10,30,0,1199,15,0
1698667260,10,30,0,1201,15,0
1698667320,10,30,0,1202,15,0
1698667380,10,30,0,1203,15,0
1698667440,10,30,0,1204,15,0
1698667500,10,30,0,1205,15,0
1698667560,10,30,0,1206,15,0
1698667620,10,30,0,1207,15,0
1698667680,10,30,0,1208,15,0
1698667740,10,30,0,1209,15,0
1698667800,10,30,0,1210,15,0
1698667860,10,30,0,1211,15,0
1698667920,10,30,0,1212,15,0
1698667980,10,30,0,1213,15,0
1698668040,10,30,0,1214,15,0
1698668100,10,30,0,1215,15,0
1698668160,10,30,0,1216,15,0
1698668220,10,30,0,1217,15,0
1698668280,10,30,0,1218,15,0
1698668340,10,30,0,1219,15,0
1698668460,10,30,0,1221,15,0
1698668520,10,30,0,1222,15,0
1698668580,10,30,0,1223,15,0
1698668640,10,30,0,1224,15,0
1698668700,10,30,0,1225,15,0
1698668760,10,30,0,1226,15,0
1698668820,10,30,0,1227,15,0
1698668880,10,30,0,1228,15,0
1698668940,10,30,0,1229,15,0
1698669060,10,30,0,1231,15,1
1698669120,10,30,0,1232,15,1
1698669180,10,30,0,1233,15,1
1698669240,10,30,0,1234,15,0
1698669300,10,30,0,1235,15,0
1698669360,10,30,0,1236,15,0
1698669420,10,30,0,1237,15,0
1698669480,10,30,0,1238,15,0
1698669540,10,30,0,1239,15,0
1698669600,10,30,0,1240,15,0
1698669660,10,30,0,1241,15,0
1698669720,10,30,0,1242,15,1
1698669780,10,30,0,1243,15,1
1698669840,10,30,0,1244,15,1
1698669900,10,30,0,1245,15,0
1698669960,10,30,0,1246,15,0
1698670020,10,30,0,1247,15,0
1698670080,10,30,0,1248,15,0
1698670140,10,30,0,1249,15,0
1698670200,10,30,0,1250,15,0
1698670260,10,30,0,1251,15,0
1698670320,10,30,0,1252,15,0
1698670380,10,30,0,1253,15,0
1698670440,10,30,0,1254,15,0
1698670500,10,30,0,1255,15,0
1698670560,10,30,0,1256,15,0
1698670620,10,30,0,1257,15,0
1698670680,10,30,0,1258,15,0
1698670740,10,30,0,1259,15,1
1698670860,10,30,0,1261,15,1
1698670920,10,30,0,1262,15,1
1698670980,10,30,0,1263,15,1
1698671040,10,30,0,1264,15,1
1698671100,10,30,0,1265,15,1
1698671160,10,30,0,1266,15,2
1698671220,10,30,0,1267,15,2
1698671280,10,30,0,1268,15,2
1698671340,10,30,0,1269,15,2
1698671400,10,30,0,1270,15,2
1698671460,10,30,0,1271,15,2
1698671520,10,30,0,1272,15,2
1698671580,10,30,0,1273,15,1
1698671640,10,30,0,1274,15,4
1698671700,10,30,0,1275,15,4
1698671760,10,30,0,1276,15,4
1698671820,10,30,0,1277,15,4
1698671880,10,30,0,1278,15,3
1698671940,10,30,0,1279,15,0
1698672060,10,30,0,1281,15,0
1698672120,10,30,0,1282,15,0
1698672180,10,30,0,1283,15,0
1698672240,10,30,0,1284,15,0
1698672300,10,30,0,1285,15,0
1698672360,10,30,0,1286,15,0
1698672420,10,30,0,1287,15,0
1698672480,10,30,0,1288,15,0
1698672540,10,30,0,1289,15,0
1698672660,10,30,0,1291,15,1
1698672720,10,30,0,1292,15,1
1698672780,10,30,0,1293,15,0
1698672840,10,30,0,1294,15,0
1698672900,10,30,0,1295,15,0
1698672960,10,30,0,1296,15,0
1698673020,10,30,0,1297,15,0
1698673080,10,30,0,1298,15,1
1698673140,10,30,0,1299,15,1
1698673200,10,30,0,1300,15,1
1698673260,10,30,0,1301,15,1
1698673320,10,30,0,1302,15,1
1698673380,10,30,0,1303,15,1
1698673440,10,30,0,1304,15,1
1698673500,10,30,0,1305,15,1
1698673560,10,30,0,1306,15,2
1698673620,10,30,0,1307,15,2
1698673680,10,30,0,1308,15,2
1698673740,10,30,0,1309,15,3
1698673800,10,30,0,1310,15,4
1698673860,10,30,0,1311,15,4
1698673920,10,30,0,1312,15,4
1698673980,10,30,0,1313,15,4
1698674040,10,30,0,1314,15,4
1698674100,10,30,0,1315,15,4
1698674160,10,30,0,1316,15,4
1698674220,10,30,0,1317,15,4
1698674280,10,30,0,1318,15,4
1698674340,10,30,0,1319,15,3
1698674460,10,30,0,1321,15,3
1698674520,10,30,0,1322,15,3
1698674580,10,30,0,1323,15,2
1698674640,10,30,0,1324,15,2
1698674700,10,30,0,1325,15,2
1698674760,10,30,0,1326,15,2
1698674820,10,30,0,1327,15,1
1698674880,10,30,0,1328,15,1
1698674940,10,30,0,1329,15,1
1698675000,10,30,0,1330,15,2
1698675060,10,30,0,1331,15,2
1698675120,10,30,0,1332,15,2
1698675180,10,30,0,1333,15,1
1698675240,10,30,0,1334,15,1
1698675300,10,30,0,1335,15,1
1698675360,10,30,0,1336,15,1
1698675420,10,30,0,1337,15,2
1698675480,10,30,0,1338,15,2
1698675540,10,30,0,1339,15,2
1698675660,10,30,0,1341,15,2
1698675780,10,30,0,1343,15,2
1698675840,10,30,0,1344,15,2
1698675900,10,30,0,1345,15,2
1698675960,10,30,0,1346,15,2
1698676020,10,30,0,1347,15,2
1698676080,10,30,0,1348,15,2
1698676140,10,30,0,1349,15,2
1698676260,10,30,0,1351,15,5
1698676320,10,30,0,1352,15,5
1698676380,10,30,0,1353,15,5
1698676440,10,30,0,1354,15,5
1698676500,10,30,0,1355,15,5
1698676560,10,30,0,1356,15,5
1698676620,10,30,0,1357,15,5
1698676680,10,30,0,1358,15,5
1698676740,10,30,0,1359,15,5
1698676860,10,30,0,1361,15,5
1698676920,10,30,0,1362,15,7
1698676980,10,30,0,1363,15,7
1698677040,10,30,0,1364,15,7
1698677100,10,30,0,1365,15,7
1698677160,10,30,0,1366,15,7
1698677220,10,30,0,1367,15,7
1698677280,10,30,0,1368,15,7
1698677340,10,30,0,1369,15,7
1698677460,10,30,0,1371,15,6
1698677520,10,30,0,1372,15,6
1698677580,10,30,0,1373,15,6
1698677640,10,30,0,1374,15,6
1698677700,10,30,0,1375,15,6
1698677760,10,30,0,1376,15,6
1698677820,10,30,0,1377,15,6
1698677880,10,30,0,1378,15,6
1698677940,10,30,0,1379,15,6
1698678060,10,30,0,1381,15,5
1698678120,10,30,0,1382,15,5
1698678180,10,30,0,1383,15,5
1698678240,10,30,0,1384,15,5
1698678300,10,30,0,1385,15,5
1698678360,10,30,0,1386,15,5
1698678420,10,30,0,1387,15,5
1698678480,10,30,0,1388,15,4
1698678540,10,30,0,1389,15,4
1698678660,10,30,0,1391,15,4
1698678720,10,30,0,1392,15,4
1698678780,10,30,0,1393,15,4
1698678840,10,30,0,1394,15,4
1698678900,10,30,0,1395,15,4
1698678960,10,30,0,1396,15,4
1698679020,10,30,0,1397,15,3
1698679080,10,30,0,1398,15,3
1698679140,10,30,0,1399,15,3
1698679260,10,30,0,1401,15,3
1698679320,10,30,0,1402,15,3
1698679380,10,30,0,1403,15,3
1698679440,10,30,0,1404,15,3
1698679500,10,30,0,1405,15,4
1698679560,10,30,0,1406,15,4
1698679620,10,30,0,1407,15,4
1698679680,10,30,0,1408,15,4
1698679740,10,30,0,1409,15,4
1698679860,10,30,0,1411,15,3
1698679920,10,30,0,1412,15,3
1698679980,10,30,0,1413,15,3
1698680040,10,30,0,1414,15,3
1698680100,10,30,0,1415,15,3
1698680160,10,30,0,1416,15,2
1698680220,10,30,0,1417,15,2
1698680280,10,30,0,1418,15,2
1698680340,10,30,0,1419,15,3
1698680460,10,30,0,1421,15,3
1698680520,10,30,0,1422,15,3
1698680580,10,30,0,1423,15,3
1698680640,10,30,0,1424,15,3
1698680700,10,30,0,1425,15,3
1698680760,10,30,0,1426,15,3
1698680820,10,30,0,1427,15,3
1698680880,10,30,0,1428,15,3
1698680940,10,30,0,1429,15,3
1698681060,10,30,0,1431,15,3
1698681120,10,30,0,1432,15,2
1698681180,10,30,0,1433,15,2
1698681240,10,30,0,1434,15,2
1698681300,10,30,0,1435,15,2
1698681360,10,30,0,1436,15,2
1698681420,10,30,0,1437,15,2
1698681480,10,30,0,1438,15,2
1698681540,10,30,0,1439,15,2
1698681660,10,31,1,1,15,1
1698681720,10,31,1,2,15,2
1698681780,10,31,1,3,15,2
1698681840,10,31,1,4,15,2
1698681900,10,31,1,5,15,2
1698681960,10,31,1,6,15,2
1698682020,10,31,1,7,15,2
1698682080,10,31,1,8,15,2
1698682140,10,31,1,9,15,2
1698682200,10,31,1,10,15,1
1698682260,10,31,1,11,15,1
1698682320,10,31,1,12,15,1
1698682380,10,31,1,13,15,1
1698682440,10,31,1,14,15,1
1698682500,10,31,1,15,15,1
1698682560,10,31,1,16,15,1
1698682620,10,31,1,17,15,1
1698682680,10,31,1,18,15,1
1698682740,10,31,1,19,15,2
1698682860,10,31,1,21,15,4
1698682920,10,31,1,22,15,4
1698682980,10,31,1,23,15,4
1698683040,10,31,1,24,15,4
1698683100,10,31,1,25,15,4
1698683160,10,31,1,26,15,4
1698683220,10,31,1,27,15,4
1698683280,10,31,1,28,15,4
1698683340,10,31,1,29,15,4
1698683400,10,31,1,30,15,4
1698683460,10,31,1,31,15,4
1698683520,10,31,1,32,15,4
1698683580,10,31,1,33,15,4
1698683640,10,31,1,34,15,4
1698683700,10,31,1,35,15,4
1698683760,10,31,1,36,15,4
1698683820,10,31,1,37,15,3
1698683880,10,31,1,38,15,3
1698683940,10,31,1,39,15,3
1698684000,10,31,1,40,15,3
1698684060,10,31,1,41,15,3
1698684120,10,31,1,42,15,1
1698684180,10,31,1,43,15,1
1698684240,10,31,1,44,15,1
1698684300,10,31,1,45,15,1
1698684360,10,31,1,46,15,1
1698684420,10,31,1,47,15,1
1698684480,10,31,1,48,15,1
1698684540,10,31,1,49,15,1
1698684600,10,31,1,50,15,1
1698684660,10,31,1,51,15,1
1698684720,10,31,1,52,15,1
1698684780,10,31,1,53,15,1
1698684840,10,31,1,54,15,1
1698684900,10,31,1,55,15,1
1698684960,10,31,1,56,15,1
1698685020,10,31,1,57,15,2
1698685080,10,31,1,58,15,2
1698685140,10,31,1,59,15,2
1698685200,10,31,1,60,15,2
1698685260,10,31,1,61,15,2
1698685320,10,31,1,62,15,2
1698685380,10,31,1,63,15,2
1698685440,10,31,1,64,15,1
1698685500,10,31,1,65,15,1
1698685560,10,31,1,66,15,1
1698685620,10,31,1,67,15,1
1698685680,10,31,1,68,15,1
1698685740,10,31,1,69,15,1
1698685800,10,31,1,70,15,1
1698685860,10,31,1,71,15,1
1698685920,10,31,1,72,15,1
1698685980,10,31,1,73,15,1
1698686040,10,31,1,74,15,1
1698686100,10,31,1,75,15,1
1698686160,10,31,1,76,15,1
1698686220,10,31,1,77,15,1
1698686280,10,31,1,78,15,1
1698686340,10,31,1,79,15,1
1698686460,10,31,1,81,15,1
1698686520,10,31,1,82,15,1
1698686580,10,31,1,83,15,1
1698686640,10,31,1,84,15,1
1698686700,10,31,1,85,15,1
1698686760,10,31,1,86,15,1
1698686820,10,31,1,87,15,1
1698686880,10,31,1,88,15,1
1698686940,10,31,1,89,15,1
1698687000,10,31,1,90,15,1
1698687060,10,31,1,91,15,1
1698687120,10,31,1,92,15,1
1698687180,10,31,1,93,15,1
1698687240,10,31,1,94,15,1
1698687300,10,31,1,95,15,1
1698687360,10,31,1,96,15,1
1698687420,10,31,1,97,15,1
1698687480,10,31,1,98,15,1
1698687540,10,31,1,99,15,1
1698687600,10,31,1,100,15,1
1698687660,10,31,1,101,15,1
1698687720,10,31,1,102,15,1
1698687780,10,31,1,103,15,2
1698687840,10,31,1,104,15,2
1698687900,10,31,1,105,15,2
1698687960,10,31,1,106,15,2
1698688020,10,31,1,107,15,2
1698688080,10,31,1,108,15,2
1698688140,10,31,1,109,15,2
1698688200,10,31,1,110,15,2
1698688260,10,31,1,111,15,2
1698688320,10,31,1,112,15,2
1698688380,10,31,1,113,15,2
1698688440,10,31,1,114,15,2
1698688500,10,31,1,115,15,2
1698688560,10,31,1,116,15,2
1698688620,10,31,1,117,15,2
1698688680,10,31,1,118,15,2
1698688740,10,31,1,119,15,2
1698688860,10,31,1,121,15,2
1698688920,10,31,1,122,15,2
1698688980,10,31,1,123,15,2
1698689040,10,31,1,124,15,2
1698689100,10,31,1,125,15,2
1698689160,10,31,1,126,15,2
1698689220,10,31,1,127,15,2
1698689280,10,31,1,128,15,2
1698689340,10,31,1,129,15,2
1698689460,10,31,1,131,15,2
1698689520,10,31,1,132,15,2
1698689580,10,31,1,133,15,2
1698689640,10,31,1,134,15,2
1698689700,10,31,1,135,15,2
1698689760,10,31,1,136,15,2
1698689820,10,31,1,137,15,2
1698689880,10,31,1,138,15,2
1698689940,10,31,1,139,15,2
1698690060,10,31,1,141,15,2
1698690120,10,31,1,142,15,2
1698690180,10,31,1,143,15,2
1698690240,10,31,1,144,15,2
1698690300,10,31,1,145,15,2
1698690360,10,31,1,146,15,2
1698690420,10,31,1,147,15,2
1698690480,10,31,1,148,15,2
1698690540,10,31,1,149,15,2
1698690660,10,31,1,151,15,2
1698690720,10,31,1,152,15,2
1698690780,10,31,1,153,15,2
1698690840,10,31,1,154,15,2
1698690900,10,31,1,155,15,2
1698690960,10,31,1,156,15,2
1698691020,10,31,1,157,15,2
1698691080,10,31,1,158,15,2
1698691140,10,31,1,159,15,2
1698691260,10,31,1,161,15,2
1698691320,10,31,1,162,15,2
1698691380,10,31,1,163,15,2
1698691440,10,31,1,164,15,2
1698691500,10,31,1,165,15,2
1698691560,10,31,1,166,15,2
1698691620,10,31,1,167,15,2
1698691680,10,31,1,168,15,2
1698691740,10,31,1,169,15,2
1698691860,10,31,1,171,15,2
1698691920,10,31,1,172,15,2
1698691980,10,31,1,173,15,2
1698692040,10,31,1,174,15,2
1698692100,10,31,1,175,15,2
1698692160,10,31,1,176,15,2
1698692220,10,31,1,177,15,2
1698692280,10,31,1,178,15,2
1698692340,10,31,1,179,15,2
1698692460,10,31,1,181,15,2
1698692520,10,31,1,182,15,2
1698692580,10,31,1,183,15,3
1698692640,10,31,1,184,15,3
1698692700,10,31,1,185,15,3
1698692760,10,31,1,186,15,2
1698692820,10,31,1,187,15,2
1698692880,10,31,1,188,15,2
1698692940,10,31,1,189,15,2
1698693060,10,31,1,191,15,2
1698693120,10,31,1,192,15,2
1698693180,10,31,1,193,15,2
1698693240,10,31,1,194,15,2
1698693300,10,31,1,195,15,2
1698693360,10,31,1,196,15,2
1698693420,10,31,1,197,15,2
1698693480,10,31,1,198,15,2
1698693540,10,31,1,199,15,2
1698693660,10,31,1,201,15,2
1698693720,10,31,1,202,15,2
1698693780,10,31,1,203,15,2
1698693840,10,31,1,204,15,2
1698693900,10,31,1,205,15,2
1698693960,10,31,1,206,15,2
1698694020,10,31,1,207,15,2
1698694080,10,31,1,208,15,2
1698694140,10,31,1,209,15,2
1698694260,10,31,1,211,15,2
1698694320,10,31,1,212,15,2
1698694380,10,31,1,213,15,2
1698694440,10,31,1,214,15,2
1698694500,10,31,1,215,15,2
1698694560,10,31,1,216,15,2
1698694620,10,31,1,217,15,2
1698694680,10,31,1,218,15,2
1698694740,10,31,1,219,15,2
1698694860,10,31,1,221,15,2
1698694920,10,31,1,222,15,2
1698694980,10,31,1,223,15,2
1698695040,10,31,1,224,15,2
1698695100,10,31,1,225,15,2
1698695160,10,31,1,226,15,2
1698695220,10,31,1,227,15,2
1698695280,10,31,1,228,15,2
1698695340,10,31,1,229,15,2
1698695460,10,31,1,231,15,3
1698695520,10,31,1,232,15,3
1698695580,10,31,1,233,15,3
1698695640,10,31,1,234,15,3
1698695700,10,31,1,235,15,3
1698695760,10,31,1,236,15,3
1698695820,10,31,1,237,15,3
1698695880,10,31,1,238,15,3
1698695940,10,31,1,239,15,3
1698696000,10,31,1,240,15,3
1698696060,10,31,1,241,15,3
1698696120,10,31,1,242,15,3
1698696180,10,31,1,243,15,3
1698696240,10,31,1,244,15,3
1698696300,10,31,1,245,15,3
1698696360,10,31,1,246,15,3
1698696420,10,31,1,247,15,3
1698696480,10,31,1,248,15,3
1698696540,10,31,1,249,15,3
1698696600,10,31,1,250,15,3
1698696660,10,31,1,251,15,3
1698696720,10,31,1,252,15,3
1698696780,10,31,1,253,15,3
1698696840,10,31,1,254,15,3
1698696900,10,31,1,255,15,3
1698696960,10,31,1,256,15,3
1698697020,10,31,1,257,15,3
1698697080,10,31,1,258,15,3
1698697140,10,31,1,259,15,3
1698697260,10,31,1,261,15,3
1698697320,10,31,1,262,15,3
1698697380,10,31,1,263,15,3
1698697440,10,31,1,264,15,3
1698697500,10,31,1,265,15,3
1698697560,10,31,1,266,15,3
1698697620,10,31,1,267,15,3
1698697680,10,31,1,268,15,3
1698697740,10,31,1,269,15,3
1698697800,10,31,1,270,15,3
1698697860,10,31,1,271,15,3
1698697920,10,31,1,272,15,3
1698697980,10,31,1,273,15,3
1698698040,10,31,1,274,15,2
1698698100,10,31,1,275,15,2
1698698160,10,31,1,276,15,2
1698698220,10,31,1,277,15,2
1698698280,10,31,1,278,15,2
1698698340,10,31,1,279,15,2
1698698400,10,31,1,280,15,1
1698698460,10,31,1,281,15,1
1698698520,10,31,1,282,15,1
1698698580,10,31,1,283,15,1
1698698640,10,31,1,284,15,1
1698698700,10,31,1,285,15,1
1698698760,10,31,1,286,15,1
1698698820,10,31,1,287,15,1
1698698880,10,31,1,288,15,1
1698698940,10,31,1,289,15,1
1698699000,10,31,1,290,15,1
1698699060,10,31,1,291,15,1
1698699120,10,31,1,292,15,1
1698699180,10,31,1,293,15,1
1698699240,10,31,1,294,15,1
1698699300,10,31,1,295,15,1
1698699360,10,31,1,296,15,1
1698699420,10,31,1,297,15,1
1698699480,10,31,1,298,15,1
1698699540,10,31,1,299,15,1
1698699600,10,31,1,300,15,1
1698699660,10,31,1,301,15,1
1698699720,10,31,1,302,15,1
1698699780,10,31,1,303,15,1
1698699840,10,31,1,304,15,1
1698699900,10,31,1,305,15,1
1698699960,10,31,1,306,15,1
1698700020,10,31,1,307,15,1
1698700080,10,31,1,308,15,1
1698700140,10,31,1,309,15,1
1698700200,10,31,1,310,15,1
1698700260,10,31,1,311,15,1
1698700320,10,31,1,312,15,1
1698700380,10,31,1,313,15,1
1698700440,10,31,1,314,15,1
1698700500,10,31,1,315,15,1
1698700560,10,31,1,316,15,1
1698700620,10,31,1,317,15,1
1698700680,10,31,1,318,15,1
1698700740,10,31,1,319,15,1
1698700860,10,31,1,321,15,1
1698700920,10,31,1,322,15,1
1698700980,10,31,1,323,15,1
1698701040,10,31,1,324,15,1
1698701100,10,31,1,325,15,1
1698701160,10,31,1,326,15,1
1698701220,10,31,1,327,15,1
1698701280,10,31,1,328,15,1
1698701340,10,31,1,329,15,1
1698701400,10,31,1,330,15,1
1698701460,10,31,1,331,15,1
1698701520,10,31,1,332,15,1
1698701580,10,31,1,333,15,1
1698701640,10,31,1,334,15,1
1698701700,10,31,1,335,15,1
1698701760,10,31,1,336,15,1
1698701820,10,31,1,337,15,1
1698701880,10,31,1,338,15,1
1698701940,10,31,1,339,15,1
1698702000,10,31,1,340,15,1
1698702060,10,31,1,341,15,1
1698702120,10,31,1,342,15,1
1698702180,10,31,1,343,15,1
1698702240,10,31,1,344,15,1
1698702300,10,31,1,345,15,1
1698702360,10,31,1,346,15,1
1698702420,10,31,1,347,15,1
1698702480,10,31,1,348,15,1
1698702540,10,31,1,349,15,1
1698702600,10,31,1,350,15,1
1698702660,10,31,1,351,15,1
1698702720,10,31,1,352,15,1
1698702780,10,31,1,353,15,1
1698702840,10,31,1,354,15,1
1698702900,10,31,1,355,15,1
1698702960,10,31,1,356,15,1
1698703020,10,31,1,357,15,1
1698703080,10,31,1,358,15,1
1698703140,10,31,1,359,15,1
1698703200,10,31,1,360,15,1
1698703260,10,31,1,361,15,1
1698703320,10,31,1,362,15,1
1698703380,10,31,1,363,15,1
1698703440,10,31,1,364,15,1
1698703500,10,31,1,365,15,1
1698703560,10,31,1,366,15,1
1698703620,10,31,1,367,15,1
1698703680,10,31,1,368,15,1
1698703740,10,31,1,369,15,1
1698703800,10,31,1,370,15,1
1698703860,10,31,1,371,15,1
1698703920,10,31,1,372,15,1
1698703980,10,31,1,373,15,1
1698704040,10,31,1,374,15,1
1698704100,10,31,1,375,15,1
1698704160,10,31,1,376,15,1
1698704220,10,31,1,377,15,1
1698704280,10,31,1,378,15,1
1698704340,10,31,1,379,15,1
1698704460,10,31,1,381,15,1
1698704520,10,31,1,382,15,1
1698704580,10,31,1,383,15,1
1698704640,10,31,1,384,15,1
1698704700,10,31,1,385,15,1
1698704760,10,31,1,386,15,1
1698704820,10,31,1,387,15,1
1698704940,10,31,1,389,15,1
1698705060,10,31,1,391,15,2
1698705120,10,31,1,392,15,2
1698705180,10,31,1,393,15,3
1698705240,10,31,1,394,15,3
1698705300,10,31,1,395,15,3
1698705360,10,31,1,396,15,3
1698705420,10,31,1,397,15,3
1698705480,10,31,1,398,15,3
1698705540,10,31,1,399,15,3
1698705660,10,31,1,401,15,3
1698705720,10,31,1,402,15,3
1698705780,10,31,1,403,15,3
1698705840,10,31,1,404,15,3
1698705900,10,31,1,405,15,3
1698705960,10,31,1,406,15,3
1698706020,10,31,1,407,15,3
1698706080,10,31,1,408,15,3
1698706140,10,31,1,409,15,3
1698706260,10,31,1,411,15,3
1698706320,10,31,1,412,15,3
1698706380,10,31,1,413,15,3
1698706440,10,31,1,414,15,3
1698706500,10,31,1,415,15,3
1698706560,10,31,1,416,15,3
1698706620,10,31,1,417,15,3
1698706680,10,31,1,418,15,3
1698706740,10,31,1,419,15,3
1698706860,10,31,1,421,15,3
1698706920,10,31,1,422,15,3
1698706980,10,31,1,423,15,2
1698707040,10,31,1,424,15,2
1698707100,10,31,1,425,15,2
1698707160,10,31,1,426,15,2
1698707220,10,31,1,427,15,2
1698707280,10,31,1,428,15,2
1698707340,10,31,1,429,15,2
1698707460,10,31,1,431,15,2
1698707520,10,31,1,432,15,2
1698707580,10,31,1,433,15,2
1698707640,10,31,1,434,15,2
1698707700,10,31,1,435,15,2
1698707760,10,31,1,436,15,2
1698707820,10,31,1,437,15,2
1698707880,10,31,1,438,15,2
1698707940,10,31,1,439,15,2
1698708060,10,31,1,441,15,3
1698708120,10,31,1,442,15,3
1698708180,10,31,1,443,15,4
1698708240,10,31,1,444,15,4
1698708300,10,31,1,445,15,4
1698708360,10,31,1,446,15,3
1698708420,10,31,1,447,15,3
1698708480,10,31,1,448,15,3
1698708540,10,31,1,449,15,2
1698708660,10,31,1,451,15,1
1698708720,10,31,1,452,15,0
1698708780,10,31,1,453,15,0
1698708840,10,31,1,454,15,0
1698708900,10,31,1,455,15,1
1698708960,10,31,1,456,15,2
1698709020,10,31,1,457,15,2
1698709080,10,31,1,458,15,2
1698709140,10,31,1,459,15,2
1698709260,10,31,1,461,15,2
1698709320,10,31,1,462,15,4
1698709380,10,31,1,463,15,4
1698709440,10,31,1,464,15,4
1698709500,10,31,1,465,15,4
1698709560,10,31,1,466,15,4
1698709620,10,31,1,467,15,5
1698709680,10,31,1,468,15,7
1698709740,10,31,1,469,15,7
1698709860,10,31,1,471,15,6
1698709920,10,31,1,472,15,7
1698709980,10,31,1,473,15,7
1698710040,10,31,1,474,15,5
1698710100,10,31,1,475,15,5
1698710160,10,31,1,476,15,6
1698710220,10,31,1,477,15,6
1698710280,10,31,1,478,15,6
1698710340,10,31,1,479,15,5
1698710460,10,31,1,481,15,2
1698710520,10,31,1,482,15,4
1698710580,10,31,1,483,15,4
1698710640,10,31,1,484,15,2
1698710700,10,31,1,485,15,3
1698710760,10,31,1,486,15,3
1698710820,10,31,1,487,15,3
1698710880,10,31,1,488,15,4
1698710940,10,31,1,489,15,4
1698711060,10,31,1,491,15,4
1698711120,10,31,1,492,15,6
1698711180,10,31,1,493,15,6
1698711240,10,31,1,494,15,6
1698711300,10,31,1,495,15,6
1698711360,10,31,1,496,15,6
1698711420,10,31,1,497,15,6
1698711480,10,31,1,498,15,6
1698711540,10,31,1,499,15,6
1698711660,10,31,1,501,15,6
1698711720,10,31,1,502,15,4
1698711780,10,31,1,503,15,2
1698711840,10,31,1,504,15,2
1698711900,10,31,1,505,15,3
1698711960,10,31,1,506,15,3
1698712020,10,31,1,507,15,3
1698712080,10,31,1,508,15,4
1698712140,10,31,1,509,15,3
1698712260,10,31,1,511,15,2
1698712320,10,31,1,512,15,2
1698712380,10,31,1,513,15,1
1698712440,10,31,1,514,15,0
1698712500,10,31,1,515,15,0
1698712560,10,31,1,516,15,1
1698712620,10,31,1,517,15,1
1698712680,10,31,1,518,15,0
1698712740,10,31,1,519,15,0
1698712860,10,31,1,521,15,0
1698712920,10,31,1,522,15,0
1698712980,10,31,1,523,15,0
1698713040,10,31,1,524,15,0
1698713100,10,31,1,525,15,2
1698713160,10,31,1,526,15,1
1698713220,10,31,1,527,15,0
1698713280,10,31,1,528,15,0
1698713340,10,31,1,529,15,0
1698713460,10,31,1,531,15,0
1698713520,10,31,1,532,15,0
1698713580,10,31,1,533,15,0
1698713640,10,31,1,534,15,0
1698713700,10,31,1,535,15,0
1698713760,10,31,1,536,15,0
1698713820,10,31,1,537,15,0
1698713880,10,31,1,538,15,3
1698713940,10,31,1,539,15,1
1698714060,10,31,1,541,15,0
1698714120,10,31,1,542,15,1
1698714180,10,31,1,543,15,0
1698714240,10,31,1,544,15,0
1698714300,10,31,1,545,15,0
1698714360,10,31,1,546,15,0
1698714420,10,31,1,547,15,0
1698714480,10,31,1,548,15,0
1698714540,10,31,1,549,15,0
1698714660,10,31,1,551,15,0
1698714720,10,31,1,552,15,0
1698714780,10,31,1,553,15,0
1698714840,10,31,1,554,15,0
1698714900,10,31,1,555,15,1
1698714960,10,31,1,556,15,0
1698715020,10,31,1,557,15,0
1698715080,10,31,1,558,15,0
1698715140,10,31,1,559,15,0
1698715260,10,31,1,561,15,0
1698715320,10,31,1,562,15,1
1698715380,10,31,1,563,15,0
1698715440,10,31,1,564,15,0
1698715500,10,31,1,565,15,0
1698715560,10,31,1,566,15,0
1698715620,10,31,1,567,15,0
1698715680,10,31,1,568,15,0
1698715740,10,31,1,569,15,0
1698715800,10,31,1,570,15,0
1698715920,10,31,1,572,15,0
1698715980,10,31,1,573,15,0
1698716040,10,31,1,574,15,0
1698716100,10,31,1,575,15,0
1698716160,10,31,1,576,15,0
1698716220,10,31,1,577,15,0
1698716280,10,31,1,578,15,0
1698716340,10,31,1,579,15,0
1698716460,10,31,1,581,15,0
1698716520,10,31,1,582,15,0
1698716580,10,31,1,583,15,0
1698716640,10,31,1,584,15,0
1698716700,10,31,1,585,15,0
1698716760,10,31,1,586,15,0
1698716820,10,31,1,587,15,1
1698716880,10,31,1,588,15,1
1698716940,10,31,1,589,15,0
1698717060,10,31,1,591,15,0
1698717180,10,31,1,593,15,1
1698717240,10,31,1,594,15,1
1698717300,10,31,1,595,15,1
1698717420,10,31,1,597,15,0
1698717480,10,31,1,598,15,1
1698717540,10,31,1,599,15,1
1698717660,10,31,1,601,15,1
1698717720,10,31,1,602,15,0
1698717780,10,31,1,603,15,0
1698717840,10,31,1,604,15,0
1698717900,10,31,1,605,15,2
1698717960,10,31,1,606,15,1
1698718020,10,31,1,607,15,0
1698718080,10,31,1,608,15,0
1698718140,10,31,1,609,15,0
1698718200,10,31,1,610,15,0
1698718260,10,31,1,611,15,0
1698718320,10,31,1,612,15,0
1698718380,10,31,1,613,15,0
1698718440,10,31,1,614,15,0
1698718500,10,31,1,615,15,0
1698718560,10,31,1,616,15,0
1698718620,10,31,1,617,15,0
1698718680,10,31,1,618,15,0
1698718740,10,31,1,619,15,0
1698718860,10,31,1,621,15,0
1698718920,10,31,1,622,15,0
1698718980,10,31,1,623,15,0
1698719040,10,31,1,624,15,0
1698719100,10,31,1,625,15,0
1698719160,10,31,1,626,15,0
1698719220,10,31,1,627,15,0
1698719280,10,31,1,628,15,0
1698719340,10,31,1,629,15,0
1698719400,10,31,1,630,15,0
1698719460,10,31,1,631,15,0
1698719520,10,31,1,632,15,0
1698719580,10,31,1,633,15,0
1698719640,10,31,1,634,15,0
1698719700,10,31,1,635,15,0
1698719760,10,31,1,636,15,0
1698719820,10,31,1,637,15,0
1698719880,10,31,1,638,15,0
1698719940,10,31,1,639,15,0
1698720000,10,31,1,640,15,1
1698720060,10,31,1,641,15,1
1698720120,10,31,1,642,15,1
1698720180,10,31,1,643,15,1
1698720240,10,31,1,644,15,0
1698720300,10,31,1,645,15,0
1698720360,10,31,1,646,15,0
1698720420,10,31,1,647,15,0
1698720480,10,31,1,648,15,0
1698720540,10,31,1,649,15,0
1698720600,10,31,1,650,15,0
1698720660,10,31,1,651,15,0
1698720720,10,31,1,652,15,0
1698720780,10,31,1,653,15,0
1698720840,10,31,1,654,15,0
1698720900,10,31,1,655,15,0
1698720960,10,31,1,656,15,0
1698721020,10,31,1,657,15,0
1698721080,10,31,1,658,15,0
1698721140,10,31,1,659,15,0
1698721260,10,31,1,661,15,0
1698721320,10,31,1,662,15,0
1698721440,10,31,1,664,15,0
1698721500,10,31,1,665,15,0
1698721560,10,31,1,666,15,0
1698721620,10,31,1,667,15,0
1698721680,10,31,1,668,15,0
1698721740,10,31,1,669,15,0
1698721860,10,31,1,671,15,0
1698721920,10,31,1,672,15,0
1698721980,10,31,1,673,15,0
1698722040,10,31,1,674,15,0
1698722100,10,31,1,675,15,2
1698722160,10,31,1,676,15,2
1698722220,10,31,1,677,15,2
1698722280,10,31,1,678,15,2
1698722340,10,31,1,679,15,2
1698722460,10,31,1,681,15,1
1698722520,10,31,1,682,15,0
1698722580,10,31,1,683,15,0
1698722640,10,31,1,684,15,0
1698722700,10,31,1,685,15,1
1698722760,10,31,1,686,15,1
1698722820,10,31,1,687,15,1
1698722880,10,31,1,688,15,1
1698722940,10,31,1,689,15,2
1698723060,10,31,1,691,15,2
1698723120,10,31,1,692,15,2
1698723180,10,31,1,693,15,1
1698723240,10,31,1,694,15,1
1698723300,10,31,1,695,15,1
1698723360,10,31,1,696,15,1
1698723420,10,31,1,697,15,1
1698723480,10,31,1,698,15,1
1698723540,10,31,1,699,15,4
1698723660,10,31,1,701,15,4
1698723720,10,31,1,702,15,3
1698723780,10,31,1,703,15,2
1698723840,10,31,1,704,15,2
1698723900,10,31,1,705,15,3
1698723960,10,31,1,706,15,3
1698724020,10,31,1,707,15,3
1698724080,10,31,1,708,15,3
1698724140,10,31,1,709,15,3
1698724260,10,31,1,711,15,0
1698724320,10,31,1,712,15,0
1698724380,10,31,1,713,15,0
1698724440,10,31,1,714,15,0
1698724500,10,31,1,715,15,1
1698724560,10,31,1,716,15,1
1698724620,10,31,1,717,15,0
1698724680,10,31,1,718,15,0
1698724740,10,31,1,719,15,1
1698724800,10,31,1,720,15,1
1698724920,10,31,1,722,15,2
1698724980,10,31,1,723,15,2
1698725040,10,31,1,724,15,1
1698725100,10,31,1,725,15,1
1698725160,10,31,1,726,15,2
1698725220,10,31,1,727,15,0
1698725280,10,31,1,728,15,0
1698725340,10,31,1,729,15,1
1698725460,10,31,1,731,15,0
1698725520,10,31,1,732,15,0
1698725580,10,31,1,733,15,0
1698725640,10,31,1,734,15,0
1698725700,10,31,1,735,15,0
1698725760,10,31,1,736,15,1
1698725820,10,31,1,737,15,1
1698725880,10,31,1,738,15,1
1698725940,10,31,1,739,15,1
1698726060,10,31,1,741,15,1
1698726120,10,31,1,742,15,4
1698726180,10,31,1,743,15,4
1698726240,10,31,1,744,15,3
1698726300,10,31,1,745,15,4
1698726360,10,31,1,746,15,5
1698726420,10,31,1,747,15,5
1698726480,10,31,1,748,15,5
1698726540,10,31,1,749,15,5
1698726660,10,31,1,751,15,6
1698726720,10,31,1,752,15,5
1698726780,10,31,1,753,15,5
1698726840,10,31,1,754,15,5
1698726900,10,31,1,755,15,5
1698726960,10,31,1,756,15,5
1698727020,10,31,1,757,15,5
1698727080,10,31,1,758,15,5
1698727140,10,31,1,759,15,5
1698727260,10,31,1,761,15,5
1698727320,10,31,1,762,15,5
1698727380,10,31,1,763,15,5
1698727440,10,31,1,764,15,4
1698727500,10,31,1,765,15,4
1698727560,10,31,1,766,15,5
1698727620,10,31,1,767,15,5
1698727680,10,31,1,768,15,5
1698727740,10,31,1,769,15,6
1698727860,10,31,1,771,15,6
1698727920,10,31,1,772,15,6
1698727980,10,31,1,773,15,5
1698728040,10,31,1,774,15,4
1698728100,10,31,1,775,15,4
1698728160,10,31,1,776,15,2
1698728220,10,31,1,777,15,2
1698728280,10,31,1,778,15,2
1698728340,10,31,1,779,15,1
1698728460,10,31,1,781,15,0
1698728580,10,31,1,783,15,0
1698728640,10,31,1,784,15,0
1698728700,10,31,1,785,15,0
1698728760,10,31,1,786,15,0
1698728820,10,31,1,787,15,0
1698728880,10,31,1,788,15,0
1698728940,10,31,1,789,15,0
1698729000,10,31,1,790,15,0
1698729060,10,31,1,791,15,0
1698729120,10,31,1,792,15,0
1698729180,10,31,1,793,15,0
1698729240,10,31,1,794,15,1
1698729300,10,31,1,795,15,0
1698729360,10,31,1,796,15,0
1698729420,10,31,1,797,15,0
1698729480,10,31,1,798,15,0
1698729540,10,31,1,799,15,0
1698729660,10,31,1,801,15,0
1698729720,10,31,1,802,15,1
1698729780,10,31,1,803,15,1
1698729840,10,31,1,804,15,1
1698729900,10,31,1,805,15,0
1698729960,10,31,1,806,15,0
1698730020,10,31,1,807,15,0
1698730080,10,31,1,808,15,0
1698730140,10,31,1,809,15,0
1698730260,10,31,1,811,15,0
1698730320,10,31,1,812,15,0
1698730380,10,31,1,813,15,1
1698730440,10,31,1,814,15,1
1698730500,10,31,1,815,15,1
1698730560,10,31,1,816,15,1
1698730620,10,31,1,817,15,2
1698730680,10,31,1,818,15,1
1698730740,10,31,1,819,15,1
1698730800,10,31,1,820,15,1
1698730860,10,31,1,821,15,1
1698730920,10,31,1,822,15,1
1698730980,10,31,1,823,15,1
1698731040,10,31,1,824,15,1
1698731100,10,31,1,825,15,1
1698731160,10,31,1,826,15,2
1698731220,10,31,1,827,15,2
1698731280,10,31,1,828,15,2
1698731340,10,31,1,829,15,1
1698731400,10,31,1,830,15,1
1698731460,10,31,1,831,15,1
1698731520,10,31,1,832,15,1
1698731580,10,31,1,833,15,1
1698731640,10,31,1,834,15,1
1698731700,10,31,1,835,15,1
1698731760,10,31,1,836,15,2
1698731820,10,31,1,837,15,1
1698731880,10,31,1,838,15,2
1698731940,10,31,1,839,15,1
1698732060,10,31,1,841,15,0
1698732120,10,31,1,842,15,0
1698732180,10,31,1,843,15,0
1698732240,10,31,1,844,15,0
1698732300,10,31,1,845,15,0
1698732360,10,31,1,846,15,0
1698732420,10,31,1,847,15,0
1698732480,10,31,1,848,15,0
1698732540,10,31,1,849,15,0
1698732600,10,31,1,850,15,1
1698732660,10,31,1,851,15,1
1698732720,10,31,1,852,15,0
1698732780,10,31,1,853,15,0
1698732840,10,31,1,854,15,0
1698732900,10,31,1,855,15,0
1698732960,10,31,1,856,15,0
1698733020,10,31,1,857,15,0
1698733080,10,31,1,858,15,1
1698733140,10,31,1,859,15,1
1698733260,10,31,1,861,15,0
1698733320,10,31,1,862,15,1
1698733380,10,31,1,863,15,1
1698733440,10,31,1,864,15,1
1698733500,10,31,1,865,15,1
1698733560,10,31,1,866,15,1
1698733620,10,31,1,867,15,1
1698733680,10,31,1,868,15,1
1698733740,10,31,1,869,15,1
1698733860,10,31,1,871,15,1
1698733920,10,31,1,872,15,1
1698733980,10,31,1,873,15,1
1698734040,10,31,1,874,15,0
1698734100,10,31,1,875,15,0
1698734160,10,31,1,876,15,0
1698734220,10,31,1,877,15,0
1698734280,10,31,1,878,15,0
1698734340,10,31,1,879,15,0
1698734400,10,31,1,880,15,0
1698734460,10,31,1,881,15,0
1698734520,10,31,1,882,15,2
1698734580,10,31,1,883,15,2
1698734640,10,31,1,884,15,2
1698734700,10,31,1,885,15,2
1698734760,10,31,1,886,15,3
1698734820,10,31,1,887,15,2
1698734880,10,31,1,888,15,2
1698734940,10,31,1,889,15,2
1698735000,10,31,1,890,15,2
1698735060,10,31,1,891,15,2
1698735120,10,31,1,892,15,4
1698735180,10,31,1,893,15,4
1698735240,10,31,1,894,15,4
1698735300,10,31,1,895,15,4
1698735360,10,31,1,896,15,3
1698735420,10,31,1,897,15,2
1698735480,10,31,1,898,15,2
1698735540,10,31,1,899,15,2
1698735660,10,31,1,901,15,3
1698735720,10,31,1,902,15,3
1698735780,10,31,1,903,15,3
1698735840,10,31,1,904,15,2
1698735900,10,31,1,905,15,2
1698735960,10,31,1,906,15,2
1698736020,10,31,1,907,15,2
1698736080,10,31,1,908,15,2
1698736140,10,31,1,909,15,2
1698736200,10,31,1,910,15,2
1698736260,10,31,1,911,15,2
1698736320,10,31,1,912,15,1
1698736380,10,31,1,913,15,1
1698736440,10,31,1,914,15,1
1698736500,10,31,1,915,15,1
1698736560,10,31,1,916,15,1
1698736620,10,31,1,917,15,1
1698736680,10,31,1,918,15,1
1698736740,10,31,1,919,15,1
1698736860,10,31,1,921,15,0
1698736920,10,31,1,922,15,2
1698736980,10,31,1,923,15,0
1698737040,10,31,1,924,15,0
1698737100,10,31,1,925,15,0
1698737160,10,31,1,926,15,1
1698737220,10,31,1,927,15,0
1698737280,10,31,1,928,15,0
1698737340,10,31,1,929,15,0
1698737460,10,31,1,931,15,0
1698737520,10,31,1,932,15,0
1698737580,10,31,1,933,15,0
1698737640,10,31,1,934,15,0
1698737760,10,31,1,936,15,0
1698737820,10,31,1,937,15,0
1698737880,10,31,1,938,15,0
1698737940,10,31,1,939,15,0
1698738060,10,31,1,941,15,0
1698738120,10,31,1,942,15,0
1698738180,10,31,1,943,15,0
1698738240,10,31,1,944,15,0
1698738300,10,31,1,945,15,0
1698738360,10,31,1,946,15,0
1698738420,10,31,1,947,15,0
1698738480,10,31,1,948,15,0
1698738540,10,31,1,949,15,0
1698738660,10,31,1,951,15,1
1698738720,10,31,1,952,15,1
1698738780,10,31,1,953,15,0
1698738840,10,31,1,954,15,1
1698738900,10,31,1,955,15,1
1698738960,10,31,1,956,15,1
1698739020,10,31,1,957,15,0
1698739080,10,31,1,958,15,2
1698739140,10,31,1,959,15,2
1698739260,10,31,1,961,15,2
1698739320,10,31,1,962,15,2
1698739380,10,31,1,963,15,2
1698739440,10,31,1,964,15,2
1698739500,10,31,1,965,15,2
1698739560,10,31,1,966,15,4
1698739620,10,31,1,967,15,4
1698739680,10,31,1,968,15,4
1698739740,10,31,1,969,15,4
1698739860,10,31,1,971,15,4
1698739920,10,31,1,972,15,4
1698739980,10,31,1,973,15,4
1698740040,10,31,1,974,15,4
1698740100,10,31,1,975,15,4
1698740160,10,31,1,976,15,4
1698740220,10,31,1,977,15,3
1698740280,10,31,1,978,15,3
1698740340,10,31,1,979,15,3
1698740460,10,31,1,981,15,2
1698740520,10,31,1,982,15,3
1698740580,10,31,1,983,15,3
1698740640,10,31,1,984,15,3
1698740700,10,31,1,985,15,3
1698740760,10,31,1,986,15,3
1698740820,10,31,1,987,15,3
1698740880,10,31,1,988,15,3
1698740940,10,31,1,989,15,3
1698741060,10,31,1,991,15,2
1698741120,10,31,1,992,15,2
1698741180,10,31,1,993,15,2
1698741240,10,31,1,994,15,2
1698741300,10,31,1,995,15,3
1698741360,10,31,1,996,15,3
1698741420,10,31,1,997,15,3
1698741480,10,31,1,998,15,3
1698741540,10,31,1,999,15,3
1698741660,10,31,1,1001,15,3
1698741720,10,31,1,1002,15,3
1698741780,10,31,1,1003,15,3
1698741840,10,31,1,1004,15,3
1698741900,10,31,1,1005,15,3
1698741960,10,31,1,1006,15,3
1698742020,10,31,1,1007,15,1
1698742080,10,31,1,1008,15,1
1698742140,10,31,1,1009,15,1
1698742260,10,31,1,1011,15,3
1698742320,10,31,1,1012,15,3
1698742380,10,31,1,1013,15,3
1698742440,10,31,1,1014,15,3
1698742500,10,31,1,1015,15,3
1698742560,10,31,1,1016,15,3
1698742620,10,31,1,1017,15,4
1698742680,10,31,1,1018,15,4
1698742740,10,31,1,1019,15,4
1698742860,10,31,1,1021,15,4
1698742920,10,31,1,1022,15,4
1698742980,10,31,1,1023,15,4
1698743040,10,31,1,1024,15,4
1698743100,10,31,1,1025,15,1
1698743160,10,31,1,1026,15,1
1698743220,10,31,1,1027,15,1
1698743280,10,31,1,1028,15,1
1698743340,10,31,1,1029,15,1
1698743460,10,31,1,1031,15,1
1698743520,10,31,1,1032,15,0
1698743580,10,31,1,1033,15,2
1698743640,10,31,1,1034,15,0
1698743700,10,31,1,1035,15,0
1698743820,10,31,1,1037,15,0
1698743880,10,31,1,1038,15,0
1698743940,10,31,1,1039,15,1
1698744060,10,31,1,1041,15,3
1698744120,10,31,1,1042,15,3
1698744180,10,31,1,1043,15,2
1698744240,10,31,1,1044,15,2
1698744300,10,31,1,1045,15,1
1698744360,10,31,1,1046,15,0
1698744420,10,31,1,1047,15,0
1698744480,10,31,1,1048,15,0
1698744540,10,31,1,1049,15,2
1698744660,10,31,1,1051,15,0
1698744720,10,31,1,1052,15,0
1698744780,10,31,1,1053,15,1
1698744840,10,31,1,1054,15,1
1698744900,10,31,1,1055,15,1
1698744960,10,31,1,1056,15,1
1698745020,10,31,1,1057,15,0
1698745080,10,31,1,1058,15,0
1698745140,10,31,1,1059,15,0
1698745200,10,31,1,1060,15,0
1698745260,10,31,1,1061,15,0
1698745320,10,31,1,1062,15,0
1698745380,10,31,1,1063,15,0
1698745440,10,31,1,1064,15,0
1698745500,10,31,1,1065,15,0
1698745560,10,31,1,1066,15,1
1698745620,10,31,1,1067,15,0
1698745680,10,31,1,1068,15,0
1698745740,10,31,1,1069,15,2
1698745800,10,31,1,1070,15,0
1698745860,10,31,1,1071,15,0
1698745920,10,31,1,1072,15,0
1698745980,10,31,1,1073,15,0
1698746040,10,31,1,1074,15,0
1698746100,10,31,1,1075,15,0
1698746160,10,31,1,1076,15,0
1698746220,10,31,1,1077,15,0
1698746280,10,31,1,1078,15,0
1698746340,10,31,1,1079,15,0
1698746460,10,31,1,1081,15,1
1698746520,10,31,1,1082,15,0
1698746580,10,31,1,1083,15,1
1698746640,10,31,1,1084,15,0
1698746700,10,31,1,1085,15,0
1698746760,10,31,1,1086,15,0
1698746820,10,31,1,1087,15,0
1698746880,10,31,1,1088,15,0
1698746940,10,31,1,1089,15,1
1698747000,10,31,1,1090,15,1
1698747060,10,31,1,1091,15,1
1698747120,10,31,1,1092,15,0
1698747180,10,31,1,1093,15,0
1698747240,10,31,1,1094,15,0
1698747300,10,31,1,1095,15,0
1698747360,10,31,1,1096,15,0
1698747420,10,31,1,1097,15,1
1698747480,10,31,1,1098,15,1
1698747540,10,31,1,1099,15,0
1698747660,10,31,1,1101,15,0
1698747720,10,31,1,1102,15,0
1698747780,10,31,1,1103,15,0
1698747840,10,31,1,1104,15,0
1698747900,10,31,1,1105,15,0
1698747960,10,31,1,1106,15,0
1698748020,10,31,1,1107,15,0
1698748080,10,31,1,1108,15,0
1698748140,10,31,1,1109,15,0
1698748260,10,31,1,1111,15,1
1698748320,10,31,1,1112,15,0
1698748380,10,31,1,1113,15,1
1698748440,10,31,1,1114,15,0
1698748500,10,31,1,1115,15,0
1698748560,10,31,1,1116,15,0
1698748620,10,31,1,1117,15,0
1698748680,10,31,1,1118,15,0
1698748740,10,31,1,1119,15,0
1698748800,10,31,1,1120,15,0
1698748860,10,31,1,1121,15,1
1698748920,10,31,1,1122,15,0
1698748980,10,31,1,1123,15,0
1698749040,10,31,1,1124,15,0
1698749100,10,31,1,1125,15,1
1698749160,10,31,1,1126,15,0
1698749220,10,31,1,1127,15,0
1698749280,10,31,1,1128,15,0
1698749340,10,31,1,1129,15,0
1698749400,10,31,1,1130,15,0
1698749460,10,31,1,1131,15,0
1698749520,10,31,1,1132,15,0
1698749580,10,31,1,1133,15,0
1698749640,10,31,1,1134,15,0
1698749700,10,31,1,1135,15,0
1698749760,10,31,1,1136,15,0
1698749820,10,31,1,1137,15,0
1698749880,10,31,1,1138,15,0
1698749940,10,31,1,1139,15,0
1698750060,10,31,1,1141,15,0
1698750120,10,31,1,1142,15,0
1698750180,10,31,1,1143,15,0
1698750240,10,31,1,1144,15,0
1698750300,10,31,1,1145,15,0
1698750360,10,31,1,1146,15,0
1698750420,10,31,1,1147,15,0
1698750480,10,31,1,1148,15,0
1698750540,10,31,1,1149,15,1
1698750600,10,31,1,1150,15,1
1698750660,10,31,1,1151,15,0
1698750720,10,31,1,1152,15,0
1698750780,10,31,1,1153,15,0
1698750840,10,31,1,1154,15,1
1698750900,10,31,1,1155,15,1
1698750960,10,31,1,1156,15,1
1698751020,10,31,1,1157,15,1
1698751080,10,31,1,1158,15,1
1698751140,10,31,1,1159,15,1
1698751260,10,31,1,1161,15,1
1698751320,10,31,1,1162,15,1
1698751380,10,31,1,1163,15,2
1698751440,10,31,1,1164,15,2
1698751500,10,31,1,1165,15,2
1698751560,10,31,1,1166,15,2
1698751620,10,31,1,1167,15,0
1698751680,10,31,1,1168,15,0
1698751740,10,31,1,1169,15,1
1698751800,10,31,1,1170,15,0
1698751920,10,31,1,1172,15,0
1698751980,10,31,1,1173,15,0
1698752040,10,31,1,1174,15,0
1698752100,10,31,1,1175,15,0
1698752160,10,31,1,1176,15,0
1698752220,10,31,1,1177,15,0
1698752280,10,31,1,1178,15,0
1698752340,10,31,1,1179,15,0
1698752400,10,31,1,1180,15,0
1698752460,10,31,1,1181,15,0
1698752520,10,31,1,1182,15,1
1698752580,10,31,1,1183,15,1
1698752640,10,31,1,1184,15,1
1698752700,10,31,1,1185,15,1
1698752760,10,31,1,1186,15,2
1698752820,10,31,1,1187,15,0
1698752880,10,31,1,1188,15,0
1698752940,10,31,1,1189,15,0
1698753000,10,31,1,1190,15,0
1698753060,10,31,1,1191,15,0
1698753120,10,31,1,1192,15,0
1698753180,10,31,1,1193,15,0
1698753240,10,31,1,1194,15,0
1698753300,10,31,1,1195,15,0
1698753360,10,31,1,1196,15,0
1698753420,10,31,1,1197,15,0
1698753480,10,31,1,1198,15,0
1698753540,10,31,1,1199,15,0
1698753660,10,31,1,1201,15,0
1698753720,10,31,1,1202,15,1
1698753780,10,31,1,1203,15,1
1698753840,10,31,1,1204,15,1
1698753900,10,31,1,1205,15,1
1698753960,10,31,1,1206,15,4
1698754020,10,31,1,1207,15,2
1698754080,10,31,1,1208,15,2
1698754140,10,31,1,1209,15,2
1698754200,10,31,1,1210,15,3
1698754260,10,31,1,1211,15,3
1698754320,10,31,1,1212,15,3
1698754380,10,31,1,1213,15,3
1698754440,10,31,1,1214,15,3
1698754500,10,31,1,1215,15,3
1698754560,10,31,1,1216,15,2
1698754620,10,31,1,1217,15,2
1698754740,10,31,1,1219,15,3
1698754860,10,31,1,1221,15,3
1698754920,10,31,1,1222,15,4
1698754980,10,31,1,1223,15,4
1698755040,10,31,1,1224,15,5
1698755100,10,31,1,1225,15,4
1698755160,10,31,1,1226,15,4
1698755220,10,31,1,1227,15,3
1698755280,10,31,1,1228,15,3
1698755340,10,31,1,1229,15,3
1698755460,10,31,1,1231,15,1
1698755520,10,31,1,1232,15,1
1698755580,10,31,1,1233,15,1
1698755640,10,31,1,1234,15,0
1698755700,10,31,1,1235,15,1
1698755760,10,31,1,1236,15,1
1698755820,10,31,1,1237,15,1
1698755880,10,31,1,1238,15,1
1698755940,10,31,1,1239,15,1
1698756060,10,31,1,1241,15,1
1698756120,10,31,1,1242,15,1
1698756180,10,31,1,1243,15,1
1698756240,10,31,1,1244,15,1
1698756300,10,31,1,1245,15,1
1698756360,10,31,1,1246,15,1
1698756420,10,31,1,1247,15,1
1698756480,10,31,1,1248,15,1
1698756540,10,31,1,1249,15,1
1698756660,10,31,1,1251,15,1
1698756720,10,31,1,1252,15,1
1698756780,10,31,1,1253,15,1
1698756840,10,31,1,1254,15,1
1698756900,10,31,1,1255,15,1
1698756960,10,31,1,1256,15,0
1698757020,10,31,1,1257,15,0
1698757080,10,31,1,1258,15,0
1698757140,10,31,1,1259,15,0
1698757260,10,31,1,1261,15,0
1698757320,10,31,1,1262,15,1
1698757380,10,31,1,1263,15,1
1698757440,10,31,1,1264,15,1
1698757500,10,31,1,1265,15,1
1698757560,10,31,1,1266,15,2
1698757620,10,31,1,1267,15,2
1698757680,10,31,1,1268,15,2
1698757740,10,31,1,1269,15,2
1698757860,10,31,1,1271,15,3
1698757920,10,31,1,1272,15,3
1698757980,10,31,1,1273,15,3
1698758040,10,31,1,1274,15,4
1698758100,10,31,1,1275,15,5
1698758160,10,31,1,1276,15,5
1698758220,10,31,1,1277,15,5
1698758280,10,31,1,1278,15,3
1698758340,10,31,1,1279,15,2
1698758460,10,31,1,1281,15,1
1698758520,10,31,1,1282,15,2
1698758580,10,31,1,1283,15,2
1698758640,10,31,1,1284,15,2
1698758700,10,31,1,1285,15,2
1698758760,10,31,1,1286,15,2
1698758820,10,31,1,1287,15,2
1698758880,10,31,1,1288,15,2
1698758940,10,31,1,1289,15,2
1698759060,10,31,1,1291,15,2
1698759120,10,31,1,1292,15,2
1698759180,10,31,1,1293,15,2
1698759240,10,31,1,1294,15,1
1698759300,10,31,1,1295,15,1
1698759360,10,31,1,1296,15,1
1698759420,10,31,1,1297,15,1
1698759480,10,31,1,1298,15,2
1698759540,10,31,1,1299,15,2
1698759660,10,31,1,1301,15,2
1698759720,10,31,1,1302,15,3
1698759780,10,31,1,1303,15,3
1698759840,10,31,1,1304,15,3
1698759900,10,31,1,1305,15,3
1698759960,10,31,1,1306,15,4
1698760020,10,31,1,1307,15,4
1698760080,10,31,1,1308,15,4
1698760140,10,31,1,1309,15,4
1698760260,10,31,1,1311,15,7
1698760320,10,31,1,1312,15,7
1698760380,10,31,1,1313,15,7
1698760440,10,31,1,1314,15,7
1698760500,10,31,1,1315,15,7
1698760560,10,31,1,1316,15,6
1698760620,10,31,1,1317,15,6
1698760680,10,31,1,1318,15,7
1698760740,10,31,1,1319,15,7
1698760860,10,31,1,1321,15,5
1698760920,10,31,1,1322,15,6
1698760980,10,31,1,1323,15,6
1698761040,10,31,1,1324,15,6
1698761100,10,31,1,1325,15,6
1698761160,10,31,1,1326,15,6
1698761220,10,31,1,1327,15,6
1698761280,10,31,1,1328,15,6
1698761340,10,31,1,1329,15,6
1698761460,10,31,1,1331,15,5
1698761520,10,31,1,1332,15,5
1698761580,10,31,1,1333,15,4
1698761640,10,31,1,1334,15,6
1698761700,10,31,1,1335,15,6
1698761760,10,31,1,1336,15,6
1698761820,10,31,1,1337,15,5
1698761880,10,31,1,1338,15,6
1698761940,10,31,1,1339,15,5
1698762060,10,31,1,1341,15,4
1698762120,10,31,1,1342,15,3
1698762180,10,31,1,1343,15,3
1698762240,10,31,1,1344,15,3
1698762300,10,31,1,1345,15,3
1698762360,10,31,1,1346,15,3
1698762420,10,31,1,1347,15,3
1698762480,10,31,1,1348,15,3
1698762540,10,31,1,1349,15,3
1698762600,10,31,1,1350,15,3
1698762660,10,31,1,1351,15,3
1698762720,10,31,1,1352,15,3
1698762780,10,31,1,1353,15,3
1698762840,10,31,1,1354,15,3
1698762900,10,31,1,1355,15,3
1698762960,10,31,1,1356,15,3
1698763020,10,31,1,1357,15,3
1698763080,10,31,1,1358,15,3
1698763140,10,31,1,1359,15,3
1698763200,10,31,1,1360,15,3
1698763260,10,31,1,1361,15,2
1698763320,10,31,1,1362,15,5
1698763380,10,31,1,1363,15,5
1698763440,10,31,1,1364,15,5
1698763500,10,31,1,1365,15,5
1698763560,10,31,1,1366,15,3
1698763620,10,31,1,1367,15,2
1698763680,10,31,1,1368,15,2
1698763740,10,31,1,1369,15,2
1698763800,10,31,1,1370,15,2
1698763860,10,31,1,1371,15,2
1698763920,10,31,1,1372,15,2
1698763980,10,31,1,1373,15,2
1698764040,10,31,1,1374,15,4
1698764100,10,31,1,1375,15,4
1698764160,10,31,1,1376,15,4
1698764220,10,31,1,1377,15,4
1698764280,10,31,1,1378,15,4
1698764340,10,31,1,1379,15,4
1698764460,10,31,1,1381,15,4
1698764520,10,31,1,1382,15,5
1698764580,10,31,1,1383,15,5
1698764640,10,31,1,1384,15,6
1698764700,10,31,1,1385,15,6
1698764760,10,31,1,1386,15,6
1698764820,10,31,1,1387,15,6
1698764880,10,31,1,1388,15,5
1698764940,10,31,1,1389,15,6
1698765000,10,31,1,1390,15,6
1698765060,10,31,1,1391,15,7
1698765120,10,31,1,1392,15,7
1698765180,10,31,1,1393,15,7
1698765240,10,31,1,1394,15,7
1698765300,10,31,1,1395,15,7
1698765360,10,31,1,1396,15,7
1698765420,10,31,1,1397,15,9
1698765480,10,31,1,1398,15,9
1698765540,10,31,1,1399,15,9
1698765660,10,31,1,1401,15,9
1698765720,10,31,1,1402,15,9
1698765780,10,31,1,1403,15,9
1698765840,10,31,1,1404,15,9
1698765900,10,31,1,1405,15,9
1698765960,10,31,1,1406,15,9
1698766020,10,31,1,1407,15,9
1698766080,10,31,1,1408,15,9
1698766140,10,31,1,1409,15,8
1698766200,10,31,1,1410,15,9
1698766260,10,31,1,1411,15,9
1698766320,10,31,1,1412,15,8
1698766380,10,31,1,1413,15,9
1698766440,10,31,1,1414,15,9
1698766500,10,31,1,1415,15,10
1698766560,10,31,1,1416,15,10
1698766620,10,31,1,1417,15,10
1698766680,10,31,1,1418,15,9
1698766740,10,31,1,1419,15,9
1698766800,10,31,1,1420,15,9
1698766860,10,31,1,1421,15,9
1698766920,10,31,1,1422,15,9
1698766980,10,31,1,1423,15,9
1698767040,10,31,1,1424,15,9
1698767100,10,31,1,1425,15,9
1698767160,10,31,1,1426,15,9
1698767220,10,31,1,1427,15,9
1698767280,10,31,1,1428,15,9
1698767340,10,31,1,1429,15,9
1698767400,10,31,1,1430,15,9
1698767460,10,31,1,1431,15,8
1698767520,10,31,1,1432,15,8
1698767580,10,31,1,1433,15,8
1698767640,10,31,1,1434,15,8
1698767700,10,31,1,1435,15,8
1698767760,10,31,1,1436,15,8
1698767820,10,31,1,1437,15,8
1698767880,10,31,1,1438,15,8
1698767940,10,31,1,1439,15,8
1698768000,11,1,2,0,15,8
1698768060,11,1,2,1,15,7
1698768120,11,1,2,2,15,7
1698768180,11,1,2,3,15,7
1698768240,11,1,2,4,15,7
1698768300,11,1,2,5,15,7
1698768360,11,1,2,6,15,7
1698768420,11,1,2,7,15,7
1698768480,11,1,2,8,15,7
1698768540,11,1,2,9,15,7
1698768600,11,1,2,10,15,7
1698768660,11,1,2,11,15,7
1698768720,11,1,2,12,15,7
1698768780,11,1,2,13,15,7
1698768840,11,1,2,14,15,8
1698768900,11,1,2,15,15,8
1698768960,11,1,2,16,15,8
1698769020,11,1,2,17,15,8
1698769080,11,1,2,18,15,8
1698769140,11,1,2,19,15,8
1698769260,11,1,2,21,15,8
1698769320,11,1,2,22,15,8
1698769380,11,1,2,23,15,8
1698769440,11,1,2,24,15,8
1698769500,11,1,2,25,15,8
1698769560,11,1,2,26,15,8
1698769680,11,1,2,28,15,8
1698769740,11,1,2,29,15,7
1698769800,11,1,2,30,15,7
1698769860,11,1,2,31,15,7
1698769920,11,1,2,32,15,7
1698769980,11,1,2,33,15,7
1698770040,11,1,2,34,15,7
1698770100,11,1,2,35,15,7
1698770160,11,1,2,36,15,7
1698770220,11,1,2,37,15,7
1698770280,11,1,2,38,15,6
1698770340,11,1,2,39,15,6
1698770400,11,1,2,40,15,6
1698770460,11,1,2,41,15,6
1698770520,11,1,2,42,15,6
1698770580,11,1,2,43,15,6
1698770640,11,1,2,44,15,5
1698770700,11,1,2,45,15,5
1698770760,11,1,2,46,15,5
1698770880,11,1,2,48,15,5
1698770940,11,1,2,49,15,5
1698771060,11,1,2,51,15,5
1698771180,11,1,2,53,15,5
1698771240,11,1,2,54,15,5
1698771300,11,1,2,55,15,5
1698771360,11,1,2,56,15,5
1698771480,11,1,2,58,15,5
1698771540,11,1,2,59,15,5
1698771600,11,1,2,60,15,5
1698771720,11,1,2,62,15,5
1698771780,11,1,2,63,15,5
1698771840,11,1,2,64,15,5
1698771900,11,1,2,65,15,4
1698771960,11,1,2,66,15,4
1698772020,11,1,2,67,15,4
1698772140,11,1,2,69,15,4
1698772260,11,1,2,71,15,4
1698772320,11,1,2,72,15,3
1698772380,11,1,2,73,15,2
1698772440,11,1,2,74,15,2
1698772500,11,1,2,75,15,2
1698772560,11,1,2,76,15,2
1698772620,11,1,2,77,15,2
1698772680,11,1,2,78,15,2
1698772740,11,1,2,79,15,2
1698772860,11,1,2,81,15,2
1698772980,11,1,2,83,15,2
1698773040,11,1,2,84,15,2
1698773100,11,1,2,85,15,2
1698773160,11,1,2,86,15,2
1698773220,11,1,2,87,15,2
1698773280,11,1,2,88,15,2
1698773340,11,1,2,89,15,2
1698773460,11,1,2,91,15,2
1698773520,11,1,2,92,15,2
1698773580,11,1,2,93,15,2
1698773640,11,1,2,94,15,2
1698773700,11,1,2,95,15,2
1698773760,11,1,2,96,15,2
1698773820,11,1,2,97,15,2
1698773880,11,1,2,98,15,2
1698773940,11,1,2,99,15,2
1698774060,11,1,2,101,15,2
1698774120,11,1,2,102,15,2
1698774180,11,1,2,103,15,2
1698774240,11,1,2,104,15,2
1698774300,11,1,2,105,15,2
1698774360,11,1,2,106,15,2
1698774420,11,1,2,107,15,2
1698774480,11,1,2,108,15,2
1698774540,11,1,2,109,15,2
1698774600,11,1,2,110,15,2
1698774660,11,1,2,111,15,2
1698774720,11,1,2,112,15,2
1698774780,11,1,2,113,15,2
1698774840,11,1,2,114,15,2
1698774900,11,1,2,115,15,2
1698774960,11,1,2,116,15,2
1698775020,11,1,2,117,15,2
1698775080,11,1,2,118,15,2
1698775140,11,1,2,119,15,2
1698775260,11,1,2,121,15,0
1698775320,11,1,2,122,15,0
1698775380,11,1,2,123,15,0
1698775440,11,1,2,124,15,0
1698775500,11,1,2,125,15,0
1698775560,11,1,2,126,15,0
1698775620,11,1,2,127,15,0
1698775680,11,1,2,128,15,0
1698775740,11,1,2,129,15,0
1698775860,11,1,2,131,15,0
1698775920,11,1,2,132,15,0
1698775980,11,1,2,133,15,0
1698776040,11,1,2,134,15,0
1698776100,11,1,2,135,15,0
1698776160,11,1,2,136,15,0
1698776220,11,1,2,137,15,0
1698776280,11,1,2,138,15,0
1698776340,11,1,2,139,15,0
1698776460,11,1,2,141,15,0
1698776520,11,1,2,142,15,0
1698776580,11,1,2,143,15,0
1698776640,11,1,2,144,15,0
1698776700,11,1,2,145,15,0
1698776760,11,1,2,146,15,0
1698776820,11,1,2,147,15,0
1698776880,11,1,2,148,15,0
1698776940,11,1,2,149,15,0
1698777000,11,1,2,150,15,0
1698777060,11,1,2,151,15,0
1698777120,11,1,2,152,15,0
1698777180,11,1,2,153,15,0
1698777240,11,1,2,154,15,0
1698777300,11,1,2,155,15,0
1698777360,11,1,2,156,15,0
1698777420,11,1,2,157,15,0
1698777480,11,1,2,158,15,0
1698777540,11,1,2,159,15,0
1698777600,11,1,2,160,15,0
1698777660,11,1,2,161,15,0
1698777720,11,1,2,162,15,0
1698777780,11,1,2,163,15,0
1698777840,11,1,2,164,15,0
1698777900,11,1,2,165,15,0
1698777960,11,1,2,166,15,0
1698778020,11,1,2,167,15,0
1698778080,11,1,2,168,15,0
1698778140,11,1,2,169,15,0
1698778200,11,1,2,170,15,0
1698778260,11,1,2,171,15,0
1698778320,11,1,2,172,15,0
1698778380,11,1,2,173,15,0
1698778440,11,1,2,174,15,0
1698778500,11,1,2,175,15,0
1698778560,11,1,2,176,15,0
1698778620,11,1,2,177,15,0
1698778680,11,1,2,178,15,0
1698778740,11,1,2,179,15,0
1698778800,11,1,2,180,15,0
1698778860,11,1,2,181,15,0
1698778920,11,1,2,182,15,0
1698778980,11,1,2,183,15,0
1698779040,11,1,2,184,15,0
1698779100,11,1,2,185,15,0
1698779160,11,1,2,186,15,0
1698779220,11,1,2,187,15,0
1698779280,11,1,2,188,15,0
1698779340,11,1,2,189,15,0
1698779400,11,1,2,190,15,0
1698779460,11,1,2,191,15,0
1698779520,11,1,2,192,15,0
1698779580,11,1,2,193,15,0
1698779640,11,1,2,194,15,0
1698779700,11,1,2,195,15,0
1698779760,11,1,2,196,15,0
1698779820,11,1,2,197,15,0
1698779880,11,1,2,198,15,0
1698779940,11,1,2,199,15,0
1698780060,11,1,2,201,15,0
1698780120,11,1,2,202,15,0
1698780180,11,1,2,203,15,0
1698780240,11,1,2,204,15,0
1698780300,11,1,2,205,15,0
1698780360,11,1,2,206,15,0
1698780420,11,1,2,207,15,0
1698780480,11,1,2,208,15,0
1698780540,11,1,2,209,15,0
1698780600,11,1,2,210,15,0
1698780660,11,1,2,211,15,0
1698780720,11,1,2,212,15,0
1698780780,11,1,2,213,15,0
1698780840,11,1,2,214,15,0
1698780900,11,1,2,215,15,0
1698780960,11,1,2,216,15,0
1698781020,11,1,2,217,15,0
1698781080,11,1,2,218,15,0
1698781140,11,1,2,219,15,0
1698781200,11,1,2,220,15,0
1698781260,11,1,2,221,15,0
1698781320,11,1,2,222,15,0
1698781380,11,1,2,223,15,0
1698781440,11,1,2,224,15,0
1698781500,11,1,2,225,15,0
1698781560,11,1,2,226,15,0
1698781620,11,1,2,227,15,0
1698781680,11,1,2,228,15,0
1698781740,11,1,2,229,15,0
1698781800,11,1,2,230,15,0
1698781860,11,1,2,231,15,0
1698781920,11,1,2,232,15,0
1698781980,11,1,2,233,15,0
1698782040,11,1,2,234,15,0
1698782100,11,1,2,235,15,0
1698782160,11,1,2,236,15,0
1698782220,11,1,2,237,15,0
1698782280,11,1,2,238,15,0
1698782340,11,1,2,239,15,0
1698782400,11,1,2,240,15,0
1698782460,11,1,2,241,15,0
1698782520,11,1,2,242,15,0
1698782580,11,1,2,243,15,0
1698782640,11,1,2,244,15,0
1698782700,11,1,2,245,15,0
1698782760,11,1,2,246,15,0
1698782820,11,1,2,247,15,0
1698782880,11,1,2,248,15,0
1698782940,11,1,2,249,15,0
1698783000,11,1,2,250,15,0
1698783060,11,1,2,251,15,0
1698783120,11,1,2,252,15,0
1698783180,11,1,2,253,15,0
1698783240,11,1,2,254,15,0
1698783300,11,1,2,255,15,0
1698783360,11,1,2,256,15,0
1698783420,11,1,2,257,15,0
1698783480,11,1,2,258,15,0
1698783540,11,1,2,259,15,0
1698783660,11,1,2,261,15,0
1698783720,11,1,2,262,15,0
1698783780,11,1,2,263,15,0
1698783840,11,1,2,264,15,0
1698783900,11,1,2,265,15,0
1698783960,11,1,2,266,15,0
1698784020,11,1,2,267,15,0
1698784080,11,1,2,268,15,0
1698784140,11,1,2,269,15,0
1698784200,11,1,2,270,15,0
1698784260,11,1,2,271,15,0
1698784320,11,1,2,272,15,0
1698784380,11,1,2,273,15,0
1698784440,11,1,2,274,15,0
1698784500,11,1,2,275,15,0
1698784560,11,1,2,276,15,0
1698784620,11,1,2,277,15,0
1698784680,11,1,2,278,15,0
1698784740,11,1,2,279,15,0
1698784800,11,1,2,280,15,0
1698784860,11,1,2,281,15,0
1698784920,11,1,2,282,15,0
1698784980,11,1,2,283,15,0
1698785040,11,1,2,284,15,0
1698785100,11,1,2,285,15,0
1698785160,11,1,2,286,15,0
1698785220,11,1,2,287,15,0
1698785280,11,1,2,288,15,0
1698785340,11,1,2,289,15,0
1698785400,11,1,2,290,15,0
1698785460,11,1,2,291,15,0
1698785520,11,1,2,292,15,0
1698785580,11,1,2,293,15,0
1698785640,11,1,2,294,15,0
1698785700,11,1,2,295,15,0
1698785760,11,1,2,296,15,0
1698785820,11,1,2,297,15,0
1698785880,11,1,2,298,15,0
1698785940,11,1,2,299,15,0
1698786000,11,1,2,300,15,0
1698786060,11,1,2,301,15,0
1698786120,11,1,2,302,15,0
1698786180,11,1,2,303,15,0
1698786300,11,1,2,305,15,0
1698786360,11,1,2,306,15,0
1698786420,11,1,2,307,15,0
1698786480,11,1,2,308,15,0
1698786540,11,1,2,309,15,0
1698786660,11,1,2,311,15,0
1698786720,11,1,2,312,15,0
1698786780,11,1,2,313,15,0
1698786840,11,1,2,314,15,0
1698786900,11,1,2,315,15,0
1698786960,11,1,2,316,15,0
1698787020,11,1,2,317,15,0
1698787080,11,1,2,318,15,0
1698787140,11,1,2,319,15,0
1698787260,11,1,2,321,15,0
1698787320,11,1,2,322,15,1
1698787380,11,1,2,323,15,2
1698787440,11,1,2,324,15,2
1698787500,11,1,2,325,15,2
1698787560,11,1,2,326,15,2
1698787620,11,1,2,327,15,3
1698787680,11,1,2,328,15,3
1698787740,11,1,2,329,15,3
1698787860,11,1,2,331,15,3
1698787920,11,1,2,332,15,3
1698787980,11,1,2,333,15,3
1698788040,11,1,2,334,15,3
1698788100,11,1,2,335,15,3
1698788160,11,1,2,336,15,3
1698788220,11,1,2,337,15,3
1698788280,11,1,2,338,15,3
1698788340,11,1,2,339,15,3
1698788460,11,1,2,341,15,3
1698788520,11,1,2,342,15,3
1698788580,11,1,2,343,15,3
1698788640,11,1,2,344,15,3
1698788700,11,1,2,345,15,3
1698788760,11,1,2,346,15,3
1698788820,11,1,2,347,15,3
1698788880,11,1,2,348,15,4
1698788940,11,1,2,349,15,4
1698789060,11,1,2,351,15,5
1698789120,11,1,2,352,15,5
1698789180,11,1,2,353,15,5
1698789240,11,1,2,354,15,5
1698789300,11,1,2,355,15,5
1698789360,11,1,2,356,15,5
1698789420,11,1,2,357,15,5
1698789480,11,1,2,358,15,5
1698789540,11,1,2,359,15,5
1698789660,11,1,2,361,15,5
1698789720,11,1,2,362,15,5
1698789780,11,1,2,363,15,5
1698789840,11,1,2,364,15,5
1698789900,11,1,2,365,15,5
1698789960,11,1,2,366,15,5
1698790020,11,1,2,367,15,5
1698790080,11,1,2,368,15,5
1698790140,11,1,2,369,15,5
1698790200,11,1,2,370,15,5
1698790260,11,1,2,371,15,6
1698790320,11,1,2,372,15,6
1698790380,11,1,2,373,15,6
1698790440,11,1,2,374,15,6
1698790500,11,1,2,375,15,6
1698790560,11,1,2,376,15,5
1698790620,11,1,2,377,15,5
1698790680,11,1,2,378,15,5
1698790740,11,1,2,379,15,5
1698790860,11,1,2,381,15,5
1698790920,11,1,2,382,15,5
1698790980,11,1,2,383,15,5
1698791040,11,1,2,384,15,5
1698791100,11,1,2,385,15,5
1698791160,11,1,2,386,15,5
1698791220,11,1,2,387,15,5
1698791280,11,1,2,388,15,5
1698791340,11,1,2,389,15,5
1698791400,11,1,2,390,15,5
1698791460,11,1,2,391,15,5
1698791520,11,1,2,392,15,4
1698791580,11,1,2,393,15,4
1698791640,11,1,2,394,15,4
1698791700,11,1,2,395,15,4
1698791760,11,1,2,396,15,4
1698791820,11,1,2,397,15,3
1698791880,11,1,2,398,15,3
1698791940,11,1,2,399,15,3
1698792000,11,1,2,400,15,3
1698792060,11,1,2,401,15,3
1698792120,11,1,2,402,15,3
1698792180,11,1,2,403,15,3
1698792240,11,1,2,404,15,3
1698792300,11,1,2,405,15,3
1698792360,11,1,2,406,15,3
1698792420,11,1,2,407,15,3
1698792480,11,1,2,408,15,3
1698792540,11,1,2,409,15,3
1698792600,11,1,2,410,15,3
1698792660,11,1,2,411,15,3
1698792720,11,1,2,412,15,3
1698792780,11,1,2,413,15,3
1698792840,11,1,2,414,15,3
1698792900,11,1,2,415,15,3
1698792960,11,1,2,416,15,3
1698793020,11,1,2,417,15,3
1698793140,11,1,2,419,15,3
1698793260,11,1,2,421,15,4
1698793320,11,1,2,422,15,4
1698793380,11,1,2,423,15,4
1698793440,11,1,2,424,15,4
1698793500,11,1,2,425,15,4
1698793560,11,1,2,426,15,4
1698793620,11,1,2,427,15,3
1698793680,11,1,2,428,15,3
1698793740,11,1,2,429,15,3
1698793800,11,1,2,430,15,3
1698793860,11,1,2,431,15,3
1698793920,11,1,2,432,15,0
1698793980,11,1,2,433,15,0
1698794040,11,1,2,434,15,0
1698794100,11,1,2,435,15,0
1698794160,11,1,2,436,15,0
1698794220,11,1,2,437,15,0
1698794280,11,1,2,438,15,0
1698794340,11,1,2,439,15,0
1698794460,11,1,2,441,15,1
1698794520,11,1,2,442,15,1
1698794580,11,1,2,443,15,1
1698794640,11,1,2,444,15,1
1698794700,11,1,2,445,15,1
1698794760,11,1,2,446,15,0
1698794820,11,1,2,447,15,0
1698794880,11,1,2,448,15,1
1698794940,11,1,2,449,15,1
1698795060,11,1,2,451,15,1
1698795120,11,1,2,452,15,1
1698795180,11,1,2,453,15,1
1698795240,11,1,2,454,15,1
1698795300,11,1,2,455,15,0
1698795360,11,1,2,456,15,0
1698795420,11,1,2,457,15,0
1698795480,11,1,2,458,15,0
1698795540,11,1,2,459,15,0
1698795600,11,1,2,460,15,0
1698795660,11,1,2,461,15,1
1698795720,11,1,2,462,15,3
1698795780,11,1,2,463,15,2
1698795840,11,1,2,464,15,2
1698795900,11,1,2,465,15,3
1698795960,11,1,2,466,15,3
1698796020,11,1,2,467,15,3
1698796080,11,1,2,468,15,3
1698796140,11,1,2,469,15,2
1698796200,11,1,2,470,15,2
1698796260,11,1,2,471,15,3
1698796320,11,1,2,472,15,4
1698796380,11,1,2,473,15,4
1698796500,11,1,2,475,15,4
1698796560,11,1,2,476,15,4
1698796620,11,1,2,477,15,4
1698796680,11,1,2,478,15,5
1698796740,11,1,2,479,15,5
1698796860,11,1,2,481,15,4
1698796980,11,1,2,483,15,4
1698797040,11,1,2,484,15,4
1698797100,11,1,2,485,15,4
1698797160,11,1,2,486,15,4
1698797220,11,1,2,487,15,4
1698797280,11,1,2,488,15,5
1698797340,11,1,2,489,15,6
1698797400,11,1,2,490,15,6
1698797460,11,1,2,491,15,5
1698797520,11,1,2,492,15,7
1698797580,11,1,2,493,15,7
1698797640,11,1,2,494,15,6
1698797700,11,1,2,495,15,6
1698797760,11,1,2,496,15,5
1698797820,11,1,2,497,15,2
1698797880,11,1,2,498,15,3
1698797940,11,1,2,499,15,3
1698798060,11,1,2,501,15,5
1698798180,11,1,2,503,15,4
1698798240,11,1,2,504,15,4
1698798300,11,1,2,505,15,4
1698798360,11,1,2,506,15,4
1698798420,11,1,2,507,15,4
1698798480,11,1,2,508,15,4
1698798540,11,1,2,509,15,4
1698798660,11,1,2,511,15,3
1698798720,11,1,2,512,15,3
1698798780,11,1,2,513,15,2
1698798840,11,1,2,514,15,1
1698798900,11,1,2,515,15,1
1698798960,11,1,2,516,15,1
1698799020,11,1,2,517,15,0
1698799080,11,1,2,518,15,1
1698799140,11,1,2,519,15,0
1698799200,11,1,2,520,15,0
1698799260,11,1,2,521,15,0
1698799320,11,1,2,522,15,1
1698799380,11,1,2,523,15,0
1698799440,11,1,2,524,15,0
1698799500,11,1,2,525,15,0
1698799560,11,1,2,526,15,0
1698799620,11,1,2,527,15,0
1698799680,11,1,2,528,15,0
1698799740,11,1,2,529,15,0
1698799800,11,1,2,530,15,1
1698799860,11,1,2,531,15,0
1698799920,11,1,2,532,15,2
1698799980,11,1,2,533,15,0
1698800040,11,1,2,534,15,0
1698800100,11,1,2,535,15,0
1698800160,11,1,2,536,15,0
1698800220,11,1,2,537,15,0
1698800280,11,1,2,538,15,0
1698800340,11,1,2,539,15,0
1698800460,11,1,2,541,15,0
1698800520,11,1,2,542,15,0
1698800580,11,1,2,543,15,0
1698800640,11,1,2,544,15,0
1698800700,11,1,2,545,15,2
1698800760,11,1,2,546,15,2
1698800820,11,1,2,547,15,1
1698800880,11,1,2,548,15,1
1698800940,11,1,2,549,15,1
1698801000,11,1,2,550,15,1
1698801060,11,1,2,551,15,0
1698801120,11,1,2,552,15,0
1698801180,11,1,2,553,15,0
1698801240,11,1,2,554,15,0
1698801300,11,1,2,555,15,0
1698801360,11,1,2,556,15,0
1698801420,11,1,2,557,15,0
1698801480,11,1,2,558,15,0
1698801540,11,1,2,559,15,0
1698801660,11,1,2,561,15,0
1698801720,11,1,2,562,15,2
1698801780,11,1,2,563,15,1
1698801840,11,1,2,564,15,0
1698801900,11,1,2,565,15,1
1698801960,11,1,2,566,15,0
1698802020,11,1,2,567,15,0
1698802080,11,1,2,568,15,0
1698802140,11,1,2,569,15,0
1698802200,11,1,2,570,15,0
1698802320,11,1,2,572,15,0
1698802380,11,1,2,573,15,0
1698802440,11,1,2,574,15,0
1698802500,11,1,2,575,15,2
1698802560,11,1,2,576,15,2
1698802620,11,1,2,577,15,1
1698802680,11,1,2,578,15,1
1698802740,11,1,2,579,15,3
1698802800,11,1,2,580,15,3
1698802860,11,1,2,581,15,3
1698802920,11,1,2,582,15,2
1698802980,11,1,2,583,15,1
1698803040,11,1,2,584,15,0
1698803100,11,1,2,585,15,0
1698803160,11,1,2,586,15,0
1698803220,11,1,2,587,15,0
1698803280,11,1,2,588,15,0
1698803340,11,1,2,589,15,0
1698803400,11,1,2,590,15,0
1698803460,11,1,2,591,15,0
1698803520,11,1,2,592,15,0
1698803580,11,1,2,593,15,0
1698803640,11,1,2,594,15,0
1698803700,11,1,2,595,15,0
1698803760,11,1,2,596,15,0
1698803820,11,1,2,597,15,0
1698803880,11,1,2,598,15,0
1698803940,11,1,2,599,15,0
1698804060,11,1,2,601,15,0
1698804120,11,1,2,602,15,0
1698804180,11,1,2,603,15,0
1698804240,11,1,2,604,15,0
1698804300,11,1,2,605,15,0
1698804360,11,1,2,606,15,0
1698804420,11,1,2,607,15,0
1698804480,11,1,2,608,15,0
1698804540,11,1,2,609,15,1
1698804600,11,1,2,610,15,0
1698804660,11,1,2,611,15,0
1698804720,11,1,2,612,15,0
1698804780,11,1,2,613,15,0
1698804840,11,1,2,614,15,0
1698804900,11,1,2,615,15,1
1698804960,11,1,2,616,15,0
1698805020,11,1,2,617,15,0
1698805080,11,1,2,618,15,0
1698805140,11,1,2,619,15,0
1698805260,11,1,2,621,15,1
1698805320,11,1,2,622,15,1
1698805380,11,1,2,623,15,0
1698805440,11,1,2,624,15,0
1698805500,11,1,2,625,15,1
1698805560,11,1,2,626,15,1
1698805620,11,1,2,627,15,1
1698805680,11,1,2,628,15,1
1698805740,11,1,2,629,15,1
1698805860,11,1,2,631,15,1
1698805920,11,1,2,632,15,1
1698805980,11,1,2,633,15,2
1698806040,11,1,2,634,15,2
1698806100,11,1,2,635,15,3
1698806160,11,1,2,636,15,3
1698806220,11,1,2,637,15,3
1698806280,11,1,2,638,15,2
1698806340,11,1,2,639,15,1
1698806400,11,1,2,640,15,1
1698806460,11,1,2,641,15,0
1698806520,11,1,2,642,15,0
1698806580,11,1,2,643,15,0
1698806640,11,1,2,644,15,0
1698806700,11,1,2,645,15,0
1698806760,11,1,2,646,15,0
1698806820,11,1,2,647,15,1
1698806880,11,1,2,648,15,0
1698806940,11,1,2,649,15,2
1698807000,11,1,2,650,15,2
1698807060,11,1,2,651,15,2
1698807120,11,1,2,652,15,1
1698807180,11,1,2,653,15,1
1698807240,11,1,2,654,15,1
1698807300,11,1,2,655,15,1
1698807360,11,1,2,656,15,2
1698807420,11,1,2,657,15,2
1698807480,11,1,2,658,15,1
1698807540,11,1,2,659,15,2
1698807660,11,1,2,661,15,1
1698807720,11,1,2,662,15,1
1698807780,11,1,2,663,15,1
1698807840,11,1,2,664,15,0
1698807900,11,1,2,665,15,0
1698807960,11,1,2,666,15,0
1698808020,11,1,2,667,15,0
1698808080,11,1,2,668,15,0
1698808140,11,1,2,669,15,1
1698808200,11,1,2,670,15,1
1698808260,11,1,2,671,15,1
1698808320,11,1,2,672,15,1
1698808380,11,1,2,673,15,1
1698808440,11,1,2,674,15,2
1698808500,11,1,2,675,15,2
1698808560,11,1,2,676,15,2
1698808620,11,1,2,677,15,2
1698808680,11,1,2,678,15,0
1698808740,11,1,2,679,15,0
1698808860,11,1,2,681,15,0
1698808920,11,1,2,682,15,0
1698808980,11,1,2,683,15,0
1698809040,11,1,2,684,15,0
1698809100,11,1,2,685,15,0
1698809160,11,1,2,686,15,0
1698809220,11,1,2,687,15,0
1698809280,11,1,2,688,15,0
1698809340,11,1,2,689,15,1
1698809400,11,1,2,690,15,1
1698809460,11,1,2,691,15,0
1698809580,11,1,2,693,15,0
1698809640,11,1,2,694,15,0
1698809700,11,1,2,695,15,0
1698809760,11,1,2,696,15,0
1698809820,11,1,2,697,15,0
1698809880,11,1,2,698,15,0
1698809940,11,1,2,699,15,0
1698810000,11,1,2,700,15,0
1698810060,11,1,2,701,15,0
1698810120,11,1,2,702,15,0
1698810240,11,1,2,704,15,0
1698810360,11,1,2,706,15,0
1698810420,11,1,2,707,15,0
1698810480,11,1,2,708,15,0
1698810540,11,1,2,709,15,1
1698810600,11,1,2,710,15,1
1698810660,11,1,2,711,15,1
1698810720,11,1,2,712,15,1
1698810780,11,1,2,713,15,0
1698810840,11,1,2,714,15,0
1698810900,11,1,2,715,15,0
1698810960,11,1,2,716,15,0
1698811020,11,1,2,717,15,0
1698811080,11,1,2,718,15,0
1698811140,11,1,2,719,15,0
1698811260,11,1,2,721,15,0
1698811320,11,1,2,722,15,0
1698811380,11,1,2,723,15,0
1698811440,11,1,2,724,15,0
1698811500,11,1,2,725,15,0
1698811560,11,1,2,726,15,0
1698811620,11,1,2,727,15,0
1698811680,11,1,2,728,15,0
1698811740,11,1,2,729,15,0
1698811800,11,1,2,730,15,0
1698811860,11,1,2,731,15,0
1698811920,11,1,2,732,15,1
1698811980,11,1,2,733,15,1
1698812040,11,1,2,734,15,1
1698812100,11,1,2,735,15,0
1698812160,11,1,2,736,15,0
1698812220,11,1,2,737,15,1
1698812280,11,1,2,738,15,1
1698812340,11,1,2,739,15,0
1698812460,11,1,2,741,15,0
1698812520,11,1,2,742,15,1
1698812580,11,1,2,743,15,2
1698812640,11,1,2,744,15,2
1698812700,11,1,2,745,15,3
1698812760,11,1,2,746,15,3
1698812820,11,1,2,747,15,2
1698812880,11,1,2,748,15,1
1698812940,11,1,2,749,15,1
1698813000,11,1,2,750,15,0
1698813120,11,1,2,752,15,1
1698813180,11,1,2,753,15,1
1698813240,11,1,2,754,15,1
1698813300,11,1,2,755,15,3
1698813360,11,1,2,756,15,4
1698813420,11,1,2,757,15,4
1698813480,11,1,2,758,15,4
1698813540,11,1,2,759,15,4
1698813600,11,1,2,760,15,5
1698813660,11,1,2,761,15,5
1698813720,11,1,2,762,15,4
1698813780,11,1,2,763,15,4
1698813840,11,1,2,764,15,4
1698813900,11,1,2,765,15,5
1698813960,11,1,2,766,15,5
1698814020,11,1,2,767,15,5
1698814080,11,1,2,768,15,5
1698814140,11,1,2,769,15,5
1698814200,11,1,2,770,15,5
1698814260,11,1,2,771,15,5
1698814320,11,1,2,772,15,6
1698814380,11,1,2,773,15,6
1698814440,11,1,2,774,15,6
1698814500,11,1,2,775,15,6
1698814560,11,1,2,776,15,6
1698814620,11,1,2,777,15,6
1698814680,11,1,2,778,15,6
1698814740,11,1,2,779,15,6
1698814860,11,1,2,781,15,6
1698814920,11,1,2,782,15,6
1698814980,11,1,2,783,15,5
1698815040,11,1,2,784,15,4
1698815100,11,1,2,785,15,4
1698815160,11,1,2,786,15,4
1698815220,11,1,2,787,15,4
1698815280,11,1,2,788,15,4
1698815340,11,1,2,789,15,3
1698815400,11,1,2,790,15,3
1698815460,11,1,2,791,15,3
1698815520,11,1,2,792,15,0
1698815580,11,1,2,793,15,1
1698815640,11,1,2,794,15,1
1698815700,11,1,2,795,15,0
1698815760,11,1,2,796,15,0
1698815820,11,1,2,797,15,0
1698815880,11,1,2,798,15,2
1698815940,11,1,2,799,15,2
1698816060,11,1,2,801,15,1
1698816120,11,1,2,802,15,2
1698816180,11,1,2,803,15,1
1698816240,11,1,2,804,15,0
1698816300,11,1,2,805,15,0
1698816360,11,1,2,806,15,1
1698816420,11,1,2,807,15,1
1698816480,11,1,2,808,15,1
1698816540,11,1,2,809,15,1
1698816660,11,1,2,811,15,2
1698816720,11,1,2,812,15,1
1698816780,11,1,2,813,15,1
1698816840,11,1,2,814,15,1
1698816900,11,1,2,815,15,0
1698816960,11,1,2,816,15,0
1698817020,11,1,2,817,15,0
1698817080,11,1,2,818,15,1
1698817140,11,1,2,819,15,1
1698817200,11,1,2,820,15,0
1698817260,11,1,2,821,15,0
1698817320,11,1,2,822,15,0
1698817380,11,1,2,823,15,0
1698817440,11,1,2,824,15,0
1698817500,11,1,2,825,15,0
1698817560,11,1,2,826,15,1
1698817620,11,1,2,827,15,1
1698817680,11,1,2,828,15,1
1698817740,11,1,2,829,15,1
1698817800,11,1,2,830,15,4
1698817860,11,1,2,831,15,4
1698817920,11,1,2,832,15,5
1698817980,11,1,2,833,15,4
1698818040,11,1,2,834,15,2
1698818100,11,1,2,835,15,2
1698818160,11,1,2,836,15,1
1698818220,11,1,2,837,15,1
1698818280,11,1,2,838,15,0
1698818340,11,1,2,839,15,0
1698818460,11,1,2,841,15,0
1698818520,11,1,2,842,15,0
1698818580,11,1,2,843,15,0
1698818640,11,1,2,844,15,0
1698818700,11,1,2,845,15,0
1698818760,11,1,2,846,15,0
1698818820,11,1,2,847,15,0
1698818880,11,1,2,848,15,0
1698818940,11,1,2,849,15,0
1698819000,11,1,2,850,15,0
1698819060,11,1,2,851,15,0
1698819120,11,1,2,852,15,0
1698819180,11,1,2,853,15,0
1698819240,11,1,2,854,15,0
1698819360,11,1,2,856,15,0
1698819420,11,1,2,857,15,0
1698819480,11,1,2,858,15,0
1698819540,11,1,2,859,15,0
1698819660,11,1,2,861,15,0
1698819720,11,1,2,862,15,0
1698819780,11,1,2,863,15,0
1698819840,11,1,2,864,15,0
1698819900,11,1,2,865,15,0
1698819960,11,1,2,866,15,1
1698820020,11,1,2,867,15,1
1698820080,11,1,2,868,15,1
1698820140,11,1,2,869,15,1
1698820260,11,1,2,871,15,1
1698820320,11,1,2,872,15,0
1698820380,11,1,2,873,15,0
1698820440,11,1,2,874,15,0
1698820500,11,1,2,875,15,0
1698820560,11,1,2,876,15,0
1698820620,11,1,2,877,15,0
1698820680,11,1,2,878,15,1
1698820740,11,1,2,879,15,1
1698820860,11,1,2,881,15,1
1698820920,11,1,2,882,15,1
1698820980,11,1,2,883,15,1
1698821040,11,1,2,884,15,1
1698821100,11,1,2,885,15,1
1698821160,11,1,2,886,15,1
1698821220,11,1,2,887,15,1
1698821280,11,1,2,888,15,1
1698821340,11,1,2,889,15,0
1698821460,11,1,2,891,15,1
1698821520,11,1,2,892,15,1
1698821580,11,1,2,893,15,1
1698821640,11,1,2,894,15,1
1698821700,11,1,2,895,15,1
1698821760,11,1,2,896,15,0
1698821820,11,1,2,897,15,0
1698821880,11,1,2,898,15,0
1698821940,11,1,2,899,15,0
1698822000,11,1,2,900,15,0
1698822120,11,1,2,902,15,2
1698822180,11,1,2,903,15,1
1698822240,11,1,2,904,15,1
1698822300,11,1,2,905,15,1
1698822360,11,1,2,906,15,1
1698822420,11,1,2,907,15,1
1698822480,11,1,2,908,15,1
1698822540,11,1,2,909,15,0
1698822660,11,1,2,911,15,0
1698822720,11,1,2,912,15,1
1698822780,11,1,2,913,15,1
1698822840,11,1,2,914,15,1
1698822900,11,1,2,915,15,1
1698822960,11,1,2,916,15,1
1698823080,11,1,2,918,15,1
1698823140,11,1,2,919,15,0
1698823260,11,1,2,921,15,0
1698823320,11,1,2,922,15,0
1698823380,11,1,2,923,15,0
1698823440,11,1,2,924,15,0
1698823500,11,1,2,925,15,0
1698823560,11,1,2,926,15,1
1698823620,11,1,2,927,15,0
1698823680,11,1,2,928,15,0
1698823740,11,1,2,929,15,0
1698823920,11,1,2,932,15,0
1698823980,11,1,2,933,15,0
1698824040,11,1,2,934,15,0
1698824100,11,1,2,935,15,0
1698824160,11,1,2,936,15,0
1698824220,11,1,2,937,15,0
1698824280,11,1,2,938,15,0
1698824340,11,1,2,939,15,0
1698824460,11,1,2,941,15,0
1698824520,11,1,2,942,15,2
1698824580,11,1,2,943,15,2
1698824640,11,1,2,944,15,1
1698824700,11,1,2,945,15,1
1698824760,11,1,2,946,15,1
1698824820,11,1,2,947,15,0
1698824880,11,1,2,948,15,0
1698824940,11,1,2,949,15,0
1698825060,11,1,2,951,15,0
1698825120,11,1,2,952,15,0
1698825180,11,1,2,953,15,0
1698825240,11,1,2,954,15,1
1698825300,11,1,2,955,15,1
1698825360,11,1,2,956,15,0
1698825420,11,1,2,957,15,0
1698825480,11,1,2,958,15,2
1698825540,11,1,2,959,15,2
1698825660,11,1,2,961,15,3
1698825720,11,1,2,962,15,3
1698825780,11,1,2,963,15,3
1698825840,11,1,2,964,15,3
1698825900,11,1,2,965,15,3
1698825960,11,1,2,966,15,3
1698826020,11,1,2,967,15,3
1698826080,11,1,2,968,15,3
1698826140,11,1,2,969,15,3
1698826200,11,1,2,970,15,2
1698826320,11,1,2,972,15,2
1698826380,11,1,2,973,15,2
1698826440,11,1,2,974,15,2
1698826500,11,1,2,975,15,2
1698826560,11,1,2,976,15,1
1698826620,11,1,2,977,15,1
1698826680,11,1,2,978,15,1
1698826740,11,1,2,979,15,1
1698826860,11,1,2,981,15,0
1698826920,11,1,2,982,15,1
1698826980,11,1,2,983,15,1
1698827040,11,1,2,984,15,1
1698827100,11,1,2,985,15,1
1698827160,11,1,2,986,15,2
1698827220,11,1,2,987,15,2
1698827280,11,1,2,988,15,2
1698827340,11,1,2,989,15,2
1698827460,11,1,2,991,15,3
1698827520,11,1,2,992,15,3
1698827580,11,1,2,993,15,3
1698827640,11,1,2,994,15,3
1698827700,11,1,2,995,15,3
1698827760,11,1,2,996,15,3
1698827820,11,1,2,997,15,3
1698827880,11,1,2,998,15,3
1698827940,11,1,2,999,15,2
1698828000,11,1,2,1000,15,2
1698828060,11,1,2,1001,15,3
1698828120,11,1,2,1002,15,3
1698828180,11,1,2,1003,15,3
1698828240,11,1,2,1004,15,3
1698828300,11,1,2,1005,15,3
1698828360,11,1,2,1006,15,2
1698828420,11,1,2,1007,15,2
1698828480,11,1,2,1008,15,2
1698828540,11,1,2,1009,15,2
1698828600,11,1,2,1010,15,2
1698828660,11,1,2,1011,15,1
1698828720,11,1,2,1012,15,1
1698828780,11,1,2,1013,15,3
1698828840,11,1,2,1014,15,3
1698828900,11,1,2,1015,15,3
1698828960,11,1,2,1016,15,1
1698829020,11,1,2,1017,15,1
1698829080,11,1,2,1018,15,1
1698829140,11,1,2,1019,15,1
1698829260,11,1,2,1021,15,2
1698829320,11,1,2,1022,15,2
1698829380,11,1,2,1023,15,2
1698829440,11,1,2,1024,15,2
1698829500,11,1,2,1025,15,0
1698829560,11,1,2,1026,15,0
1698829680,11,1,2,1028,15,0
1698829740,11,1,2,1029,15,1
1698829800,11,1,2,1030,15,0
1698829860,11,1,2,1031,15,0
1698829920,11,1,2,1032,15,0
1698829980,11,1,2,1033,15,2
1698830040,11,1,2,1034,15,2
1698830100,11,1,2,1035,15,2
1698830160,11,1,2,1036,15,2
1698830220,11,1,2,1037,15,2
1698830280,11,1,2,1038,15,5
1698830340,11,1,2,1039,15,5
1698830460,11,1,2,1041,15,5
1698830520,11,1,2,1042,15,3
1698830580,11,1,2,1043,15,1
1698830640,11,1,2,1044,15,1
1698830700,11,1,2,1045,15,0
1698830760,11,1,2,1046,15,0
1698830820,11,1,2,1047,15,0
1698830880,11,1,2,1048,15,0
1698830940,11,1,2,1049,15,0
1698831060,11,1,2,1051,15,0
1698831120,11,1,2,1052,15,0
1698831180,11,1,2,1053,15,0
1698831240,11,1,2,1054,15,0
1698831300,11,1,2,1055,15,0
1698831360,11,1,2,1056,15,0
1698831420,11,1,2,1057,15,0
1698831480,11,1,2,1058,15,0
1698831540,11,1,2,1059,15,0
1698831600,11,1,2,1060,15,0
1698831660,11,1,2,1061,15,0
1698831720,11,1,2,1062,15,0
1698831780,11,1,2,1063,15,0
1698831840,11,1,2,1064,15,0
1698831900,11,1,2,1065,15,1
1698831960,11,1,2,1066,15,0
1698832020,11,1,2,1067,15,0
1698832080,11,1,2,1068,15,0
1698832140,11,1,2,1069,15,0
1698832200,11,1,2,1070,15,0
1698832260,11,1,2,1071,15,0
1698832320,11,1,2,1072,15,0
1698832380,11,1,2,1073,15,0
1698832440,11,1,2,1074,15,0
1698832500,11,1,2,1075,15,0
1698832560,11,1,2,1076,15,0
1698832620,11,1,2,1077,15,0
1698832680,11,1,2,1078,15,0
1698832740,11,1,2,1079,15,0
1698832860,11,1,2,1081,15,1
1698832920,11,1,2,1082,15,0
1698833040,11,1,2,1084,15,0
1698833100,11,1,2,1085,15,1
1698833160,11,1,2,1086,15,2
1698833220,11,1,2,1087,15,0
1698833280,11,1,2,1088,15,0
1698833340,11,1,2,1089,15,0
1698833400,11,1,2,1090,15,0
1698833460,11,1,2,1091,15,0
1698833520,11,1,2,1092,15,0
1698833580,11,1,2,1093,15,1
1698833640,11,1,2,1094,15,0
1698833700,11,1,2,1095,15,0
1698833760,11,1,2,1096,15,0
1698833820,11,1,2,1097,15,0
1698833880,11,1,2,1098,15,1
1698833940,11,1,2,1099,15,1
1698834060,11,1,2,1101,15,1
1698834120,11,1,2,1102,15,1
1698834180,11,1,2,1103,15,1
1698834240,11,1,2,1104,15,1
1698834300,11,1,2,1105,15,1
1698834360,11,1,2,1106,15,0
1698834420,11,1,2,1107,15,0
1698834480,11,1,2,1108,15,0
1698834540,11,1,2,1109,15,2
1698834660,11,1,2,1111,15,3
1698834720,11,1,2,1112,15,3
1698834780,11,1,2,1113,15,3
1698834840,11,1,2,1114,15,1
1698834900,11,1,2,1115,15,1
1698834960,11,1,2,1116,15,1
1698835020,11,1,2,1117,15,2
1698835080,11,1,2,1118,15,2
1698835140,11,1,2,1119,15,1
1698835200,11,1,2,1120,15,0
1698835260,11,1,2,1121,15,0
1698835380,11,1,2,1123,15,1
1698835440,11,1,2,1124,15,1
1698835500,11,1,2,1125,15,2
1698835560,11,1,2,1126,15,1
1698835620,11,1,2,1127,15,0
1698835680,11,1,2,1128,15,1
1698835740,11,1,2,1129,15,1
1698835860,11,1,2,1131,15,0
1698835920,11,1,2,1132,15,0
1698835980,11,1,2,1133,15,0
1698836040,11,1,2,1134,15,0
1698836100,11,1,2,1135,15,0
1698836160,11,1,2,1136,15,0
1698836220,11,1,2,1137,15,1
1698836280,11,1,2,1138,15,0
1698836340,11,1,2,1139,15,0
1698836460,11,1,2,1141,15,1
1698836520,11,1,2,1142,15,1
1698836580,11,1,2,1143,15,0
1698836640,11,1,2,1144,15,0
1698836700,11,1,2,1145,15,1
1698836760,11,1,2,1146,15,1
1698836820,11,1,2,1147,15,0
1698836880,11,1,2,1148,15,0
1698836940,11,1,2,1149,15,2
1698837060,11,1,2,1151,15,2
1698837120,11,1,2,1152,15,2
1698837180,11,1,2,1153,15,2
1698837240,11,1,2,1154,15,2
1698837300,11,1,2,1155,15,2
1698837360,11,1,2,1156,15,2
1698837420,11,1,2,1157,15,2
1698837480,11,1,2,1158,15,3
1698837540,11,1,2,1159,15,1
1698837660,11,1,2,1161,15,0
1698837720,11,1,2,1162,15,2
1698837780,11,1,2,1163,15,2
1698837840,11,1,2,1164,15,2
1698837900,11,1,2,1165,15,2
1698837960,11,1,2,1166,15,0
1698838020,11,1,2,1167,15,1
1698838080,11,1,2,1168,15,1
1698838140,11,1,2,1169,15,1
1698838260,11,1,2,1171,15,0
1698838320,11,1,2,1172,15,0
1698838380,11,1,2,1173,15,0
1698838440,11,1,2,1174,15,0
1698838500,11,1,2,1175,15,0
1698838560,11,1,2,1176,15,0
1698838620,11,1,2,1177,15,0
1698838680,11,1,2,1178,15,0
1698838740,11,1,2,1179,15,0
1698838860,11,1,2,1181,15,0
1698838920,11,1,2,1182,15,2
1698838980,11,1,2,1183,15,2
1698839040,11,1,2,1184,15,2
1698839100,11,1,2,1185,15,2
1698839160,11,1,2,1186,15,2
1698839220,11,1,2,1187,15,2
1698839280,11,1,2,1188,15,2
1698839340,11,1,2,1189,15,2
1698839460,11,1,2,1191,15,3
1698839520,11,1,2,1192,15,3
1698839640,11,1,2,1194,15,2
1698839700,11,1,2,1195,15,2
1698839760,11,1,2,1196,15,1
1698839820,11,1,2,1197,15,1
1698839880,11,1,2,1198,15,1
1698839940,11,1,2,1199,15,1
1698840060,11,1,2,1201,15,1
1698840120,11,1,2,1202,15,2
1698840180,11,1,2,1203,15,2
1698840240,11,1,2,1204,15,2
1698840300,11,1,2,1205,15,2
1698840360,11,1,2,1206,15,2
1698840420,11,1,2,1207,15,2
1698840480,11,1,2,1208,15,2
1698840540,11,1,2,1209,15,2
1698840660,11,1,2,1211,15,2
1698840720,11,1,2,1212,15,2
1698840780,11,1,2,1213,15,1
1698840840,11,1,2,1214,15,1
1698840900,11,1,2,1215,15,1
1698840960,11,1,2,1216,15,0
1698841020,11,1,2,1217,15,0
1698841080,11,1,2,1218,15,0
1698841140,11,1,2,1219,15,0
1698841260,11,1,2,1221,15,0
1698841320,11,1,2,1222,15,0
1698841380,11,1,2,1223,15,0
1698841440,11,1,2,1224,15,0
1698841500,11,1,2,1225,15,0
1698841560,11,1,2,1226,15,1
1698841620,11,1,2,1227,15,1
1698841680,11,1,2,1228,15,1
1698841740,11,1,2,1229,15,1
1698841800,11,1,2,1230,15,2
1698841920,11,1,2,1232,15,2
1698841980,11,1,2,1233,15,2
1698842040,11,1,2,1234,15,2
1698842100,11,1,2,1235,15,2
1698842160,11,1,2,1236,15,2
1698842220,11,1,2,1237,15,2
1698842280,11,1,2,1238,15,2
1698842340,11,1,2,1239,15,2
1698842460,11,1,2,1241,15,2
1698842520,11,1,2,1242,15,1
1698842580,11,1,2,1243,15,1
1698842640,11,1,2,1244,15,1
1698842700,11,1,2,1245,15,1
1698842760,11,1,2,1246,15,1
1698842820,11,1,2,1247,15,1
1698842880,11,1,2,1248,15,1
1698842940,11,1,2,1249,15,1
1698843060,11,1,2,1251,15,1
1698843120,11,1,2,1252,15,1
1698843180,11,1,2,1253,15,0
1698843240,11,1,2,1254,15,0
1698843300,11,1,2,1255,15,0
1698843360,11,1,2,1256,15,0
1698843420,11,1,2,1257,15,0
1698843480,11,1,2,1258,15,2
1698843540,11,1,2,1259,15,2
1698843660,11,1,2,1261,15,1
1698843720,11,1,2,1262,15,1
1698843780,11,1,2,1263,15,1
1698843840,11,1,2,1264,15,1
1698843900,11,1,2,1265,15,1
1698843960,11,1,2,1266,15,0
1698844020,11,1,2,1267,15,0
1698844080,11,1,2,1268,15,0
1698844140,11,1,2,1269,15,0
1698844200,11,1,2,1270,15,1
1698844260,11,1,2,1271,15,1
1698844320,11,1,2,1272,15,1
1698844380,11,1,2,1273,15,1
1698844440,11,1,2,1274,15,1
1698844500,11,1,2,1275,15,1
1698844560,11,1,2,1276,15,1
1698844620,11,1,2,1277,15,1
1698844680,11,1,2,1278,15,2
1698844740,11,1,2,1279,15,2
1698844860,11,1,2,1281,15,1
1698844920,11,1,2,1282,15,1
1698844980,11,1,2,1283,15,1
1698845040,11,1,2,1284,15,1
1698845100,11,1,2,1285,15,1
1698845160,11,1,2,1286,15,0
1698845220,11,1,2,1287,15,0
1698845280,11,1,2,1288,15,0
1698845340,11,1,2,1289,15,0
1698845400,11,1,2,1290,15,2
1698845520,11,1,2,1292,15,2
1698845580,11,1,2,1293,15,3
1698845640,11,1,2,1294,15,3
1698845700,11,1,2,1295,15,3
1698845760,11,1,2,1296,15,3
1698845820,11,1,2,1297,15,3
1698845880,11,1,2,1298,15,2
1698845940,11,1,2,1299,15,0
1698846000,11,1,2,1300,15,0
1698846060,11,1,2,1301,15,0
1698846120,11,1,2,1302,15,0
1698846180,11,1,2,1303,15,0
1698846240,11,1,2,1304,15,0
1698846300,11,1,2,1305,15,0
1698846360,11,1,2,1306,15,0
1698846420,11,1,2,1307,15,0
1698846480,11,1,2,1308,15,0
1698846540,11,1,2,1309,15,0
1698846600,11,1,2,1310,15,0
1698846660,11,1,2,1311,15,1
1698846720,11,1,2,1312,15,0
1698846780,11,1,2,1313,15,0
1698846840,11,1,2,1314,15,2
1698846900,11,1,2,1315,15,2
1698846960,11,1,2,1316,15,0
1698847020,11,1,2,1317,15,0
1698847080,11,1,2,1318,15,0
1698847140,11,1,2,1319,15,1
1698847260,11,1,2,1321,15,0
1698847320,11,1,2,1322,15,0
1698847380,11,1,2,1323,15,0
1698847440,11,1,2,1324,15,0
1698847500,11,1,2,1325,15,0
1698847560,11,1,2,1326,15,0
1698847620,11,1,2,1327,15,1
1698847680,11,1,2,1328,15,1
1698847740,11,1,2,1329,15,1
1698847800,11,1,2,1330,15,3
1698847860,11,1,2,1331,15,3
1698847920,11,1,2,1332,15,3
1698847980,11,1,2,1333,15,3
1698848040,11,1,2,1334,15,4
1698848100,11,1,2,1335,15,4
1698848160,11,1,2,1336,15,4
1698848220,11,1,2,1337,15,4
1698848280,11,1,2,1338,15,5
1698848340,11,1,2,1339,15,5
1698848460,11,1,2,1341,15,4
1698848520,11,1,2,1342,15,3
1698848580,11,1,2,1343,15,3
1698848640,11,1,2,1344,15,3
1698848700,11,1,2,1345,15,3
1698848760,11,1,2,1346,15,4
1698848820,11,1,2,1347,15,4
1698848880,11,1,2,1348,15,3
1698848940,11,1,2,1349,15,3
1698849060,11,1,2,1351,15,3
1698849120,11,1,2,1352,15,3
1698849180,11,1,2,1353,15,3
1698849240,11,1,2,1354,15,4
1698849300,11,1,2,1355,15,4
1698849360,11,1,2,1356,15,4
1698849420,11,1,2,1357,15,4
1698849480,11,1,2,1358,15,4
1698849540,11,1,2,1359,15,4
1698849600,11,1,2,1360,15,4
1698849660,11,1,2,1361,15,4
1698849720,11,1,2,1362,15,4
1698849780,11,1,2,1363,15,4
1698849840,11,1,2,1364,15,4
1698849900,11,1,2,1365,15,4
1698849960,11,1,2,1366,15,5
1698850020,11,1,2,1367,15,5
1698850080,11,1,2,1368,15,5
1698850140,11,1,2,1369,15,5
1698850200,11,1,2,1370,15,6
1698850260,11,1,2,1371,15,6
1698850320,11,1,2,1372,15,6
1698850380,11,1,2,1373,15,6
1698850440,11,1,2,1374,15,6
1698850500,11,1,2,1375,15,6
1698850560,11,1,2,1376,15,5
1698850620,11,1,2,1377,15,5
1698850680,11,1,2,1378,15,6
1698850740,11,1,2,1379,15,6
1698850800,11,1,2,1380,15,5
1698850920,11,1,2,1382,15,7
1698850980,11,1,2,1383,15,7
1698851040,11,1,2,1384,15,7
1698851100,11,1,2,1385,15,8
1698851160,11,1,2,1386,15,8
1698851220,11,1,2,1387,15,7
1698851280,11,1,2,1388,15,7
1698851340,11,1,2,1389,15,7
1698851400,11,1,2,1390,15,9
1698851460,11,1,2,1391,15,9
1698851520,11,1,2,1392,15,9
1698851580,11,1,2,1393,15,9
1698851640,11,1,2,1394,15,9
1698851700,11,1,2,1395,15,9
1698851760,11,1,2,1396,15,10
1698851820,11,1,2,1397,15,11
1698851880,11,1,2,1398,15,11
1698851940,11,1,2,1399,15,11
1698852060,11,1,2,1401,15,11
1698852120,11,1,2,1402,15,11
1698852180,11,1,2,1403,15,12
1698852240,11,1,2,1404,15,12
1698852300,11,1,2,1405,15,12
1698852360,11,1,2,1406,15,12
1698852420,11,1,2,1407,15,12
1698852540,11,1,2,1409,15,12
1698852660,11,1,2,1411,15,12
1698852720,11,1,2,1412,15,12
1698852780,11,1,2,1413,15,12
1698852840,11,1,2,1414,15,12
1698852900,11,1,2,1415,15,12
1698852960,11,1,2,1416,15,12
1698853020,11,1,2,1417,15,12
1698853080,11,1,2,1418,15,12
1698853140,11,1,2,1419,15,12
1698853260,11,1,2,1421,15,12
1698853320,11,1,2,1422,15,12
1698853380,11,1,2,1423,15,12
1698853440,11,1,2,1424,15,12
1698853500,11,1,2,1425,15,13
1698853560,11,1,2,1426,15,13
1698853620,11,1,2,1427,15,13
1698853680,11,1,2,1428,15,13
1698853740,11,1,2,1429,15,13
1698853860,11,1,2,1431,15,13
1698853920,11,1,2,1432,15,13
1698853980,11,1,2,1433,15,13
1698854040,11,1,2,1434,15,13
1698854100,11,1,2,1435,15,13
1698854160,11,1,2,1436,15,13
1698854220,11,1,2,1437,15,13
1698854280,11,1,2,1438,15,14
1698854340,11,1,2,1439,15,14
1698854460,11,2,3,1,15,14
1698854520,11,2,3,2,15,14
1698854580,11,2,3,3,15,14
1698854640,11,2,3,4,15,14
1698854700,11,2,3,5,15,14
1698854760,11,2,3,6,15,14
1698854820,11,2,3,7,15,14
1698854880,11,2,3,8,15,14
1698854940,11,2,3,9,15,14
1698855060,11,2,3,11,15,14
1698855120,11,2,3,12,15,14
1698855180,11,2,3,13,15,14
1698855240,11,2,3,14,15,14
1698855300,11,2,3,15,15,14
1698855360,11,2,3,16,15,14
1698855420,11,2,3,17,15,14
1698855480,11,2,3,18,15,14
1698855540,11,2,3,19,15,14
1698855660,11,2,3,21,15,14
1698855720,11,2,3,22,15,14
1698855900,11,2,3,25,15,14
1698855960,11,2,3,26,15,14
1698856020,11,2,3,27,15,14
1698856080,11,2,3,28,15,14
1698856140,11,2,3,29,15,14
1698856200,11,2,3,30,15,14
1698856380,11,2,3,33,15,14
1698856440,11,2,3,34,15,14
1698856500,11,2,3,35,15,14
1698856620,11,2,3,37,15,13
1698856680,11,2,3,38,15,13
1698856740,11,2,3,39,15,13
1698856800,11,2,3,40,15,13
1698856920,11,2,3,42,15,13
1698856980,11,2,3,43,15,13
1698857100,11,2,3,45,15,13
1698857160,11,2,3,46,15,13
1698857220,11,2,3,47,15,13
1698857280,11,2,3,48,15,13
1698857340,11,2,3,49,15,13
1698857460,11,2,3,51,15,12
1698857520,11,2,3,52,15,12
1698857580,11,2,3,53,15,12
1698857640,11,2,3,54,15,12
1698857700,11,2,3,55,15,12
1698857880,11,2,3,58,15,12
1698857940,11,2,3,59,15,12
1698858060,11,2,3,61,15,12
1698858120,11,2,3,62,15,12
1698858180,11,2,3,63,15,12
1698858240,11,2,3,64,15,12
1698858300,11,2,3,65,15,12
1698858360,11,2,3,66,15,12
1698858540,11,2,3,69,15,12
1698858660,11,2,3,71,15,12
1698858720,11,2,3,72,15,12
1698858780,11,2,3,73,15,12
1698858840,11,2,3,74,15,12
1698858900,11,2,3,75,15,12
1698858960,11,2,3,76,15,12
1698859020,11,2,3,77,15,12
1698859080,11,2,3,78,15,12
1698859140,11,2,3,79,15,12
1698859320,11,2,3,82,15,12
1698859380,11,2,3,83,15,12
1698859440,11,2,3,84,15,12
1698859500,11,2,3,85,15,12
1698859560,11,2,3,86,15,12
1698859620,11,2,3,87,15,12
1698859680,11,2,3,88,15,12
1698859740,11,2,3,89,15,12
1698859800,11,2,3,90,15,12
1698859860,11,2,3,91,15,12
1698859920,11,2,3,92,15,12
1698859980,11,2,3,93,15,12
1698860220,11,2,3,97,15,12
1698860280,11,2,3,98,15,12
1698860400,11,2,3,100,15,11
1698860460,11,2,3,101,15,11
1698860520,11,2,3,102,15,11
1698860580,11,2,3,103,15,11
1698860640,11,2,3,104,15,11
1698860700,11,2,3,105,15,11
1698860760,11,2,3,106,15,11
1698860820,11,2,3,107,15,12
1698860880,11,2,3,108,15,12
1698860940,11,2,3,109,15,12
1698861000,11,2,3,110,15,12
1698861060,11,2,3,111,15,12
1698861180,11,2,3,113,15,12
1698861240,11,2,3,114,15,12
1698861300,11,2,3,115,15,12
1698861360,11,2,3,116,15,12
1698861420,11,2,3,117,15,12
1698861480,11,2,3,118,15,12
1698861540,11,2,3,119,15,12
1698861660,11,2,3,121,15,12
1698861720,11,2,3,122,15,12
1698861780,11,2,3,123,15,12
1698861840,11,2,3,124,15,12
1698861900,11,2,3,125,15,12
1698861960,11,2,3,126,15,12
1698862020,11,2,3,127,15,12
1698862080,11,2,3,128,15,12
1698862140,11,2,3,129,15,12
1698862200,11,2,3,130,15,12
1698862260,11,2,3,131,15,12
1698862320,11,2,3,132,15,12
1698862380,11,2,3,133,15,12
1698862440,11,2,3,134,15,12
1698862500,11,2,3,135,15,12
1698862560,11,2,3,136,15,12
1698862620,11,2,3,137,15,12
1698862680,11,2,3,138,15,12
1698862740,11,2,3,139,15,12
1698862860,11,2,3,141,15,12
1698862920,11,2,3,142,15,11
1698862980,11,2,3,143,15,11
1698863040,11,2,3,144,15,11
1698863100,11,2,3,145,15,11
1698863160,11,2,3,146,15,11
1698863220,11,2,3,147,15,11
1698863280,11,2,3,148,15,11
1698863340,11,2,3,149,15,11
1698863400,11,2,3,150,15,11
1698863460,11,2,3,151,15,11
1698863520,11,2,3,152,15,11
1698863580,11,2,3,153,15,11
1698863640,11,2,3,154,15,11
1698863700,11,2,3,155,15,11
1698863760,11,2,3,156,15,11
1698863820,11,2,3,157,15,11
1698863880,11,2,3,158,15,11
1698863940,11,2,3,159,15,11
1698864000,11,2,3,160,15,11
1698864060,11,2,3,161,15,11
1698864120,11,2,3,162,15,11
1698864180,11,2,3,163,15,11
1698864240,11,2,3,164,15,11
1698864300,11,2,3,165,15,11
1698864360,11,2,3,166,15,11
1698864420,11,2,3,167,15,11
1698864480,11,2,3,168,15,11
1698864540,11,2,3,169,15,11
1698864600,11,2,3,170,15,11
1698864660,11,2,3,171,15,11
1698864720,11,2,3,172,15,11
1698864780,11,2,3,173,15,11
1698864840,11,2,3,174,15,11
1698864900,11,2,3,175,15,11
1698864960,11,2,3,176,15,11
1698865020,11,2,3,177,15,11
1698865080,11,2,3,178,15,11
1698865140,11,2,3,179,15,11
1698865200,11,2,3,180,15,11
1698865260,11,2,3,181,15,11
1698865320,11,2,3,182,15,11
1698865380,11,2,3,183,15,11
1698865440,11,2,3,184,15,11
1698865500,11,2,3,185,15,11
1698865560,11,2,3,186,15,11
1698865620,11,2,3,187,15,11
1698865680,11,2,3,188,15,11
1698865740,11,2,3,189,15,11
1698865800,11,2,3,190,15,11
1698865860,11,2,3,191,15,11
1698865920,11,2,3,192,15,11
1698865980,11,2,3,193,15,11
1698866040,11,2,3,194,15,11
1698866100,11,2,3,195,15,11
1698866160,11,2,3,196,15,11
1698866220,11,2,3,197,15,11
1698866280,11,2,3,198,15,11
1698866340,11,2,3,199,15,11
1698866460,11,2,3,201,15,11
1698866520,11,2,3,202,15,11
1698866580,11,2,3,203,15,11
1698866640,11,2,3,204,15,11
1698866700,11,2,3,205,15,11
1698866760,11,2,3,206,15,11
1698866820,11,2,3,207,15,11
1698866880,11,2,3,208,15,11
1698866940,11,2,3,209,15,11
1698867000,11,2,3,210,15,11
1698867060,11,2,3,211,15,11
1698867120,11,2,3,212,15,11
1698867180,11,2,3,213,15,11
1698867240,11,2,3,214,15,11
1698867300,11,2,3,215,15,11
1698867360,11,2,3,216,15,11
1698867420,11,2,3,217,15,11
1698867540,11,2,3,219,15,11
1698867660,11,2,3,221,15,11
1698867720,11,2,3,222,15,11
1698867780,11,2,3,223,15,11
1698867840,11,2,3,224,15,11
1698867900,11,2,3,225,15,11
1698867960,11,2,3,226,15,11
1698868020,11,2,3,227,15,11
1698868080,11,2,3,228,15,11
1698868140,11,2,3,229,15,11
1698868260,11,2,3,231,15,11
1698868320,11,2,3,232,15,11
1698868380,11,2,3,233,15,11
1698868440,11,2,3,234,15,11
1698868500,11,2,3,235,15,11
1698868560,11,2,3,236,15,11
1698868620,11,2,3,237,15,11
1698868680,11,2,3,238,15,11
1698868740,11,2,3,239,15,11
1698868860,11,2,3,241,15,11
1698868920,11,2,3,242,15,11
1698868980,11,2,3,243,15,11
1698869040,11,2,3,244,15,11
1698869100,11,2,3,245,15,11
1698869160,11,2,3,246,15,11
1698869220,11,2,3,247,15,11
1698869280,11,2,3,248,15,11
1698869340,11,2,3,249,15,11
1698869460,11,2,3,251,15,11
1698869520,11,2,3,252,15,11
1698869580,11,2,3,253,15,11
1698869640,11,2,3,254,15,11
1698869700,11,2,3,255,15,11
1698869760,11,2,3,256,15,11
1698869820,11,2,3,257,15,11
1698869880,11,2,3,258,15,11
1698869940,11,2,3,259,15,11
1698870060,11,2,3,261,15,11
1698870120,11,2,3,262,15,11
1698870180,11,2,3,263,15,11
1698870240,11,2,3,264,15,11
1698870300,11,2,3,265,15,11
1698870360,11,2,3,266,15,11
1698870420,11,2,3,267,15,11
1698870540,11,2,3,269,15,11
1698870660,11,2,3,271,15,11
1698870720,11,2,3,272,15,11
1698870780,11,2,3,273,15,11
1698870840,11,2,3,274,15,11
1698870900,11,2,3,275,15,11
1698870960,11,2,3,276,15,11
1698871020,11,2,3,277,15,11
1698871080,11,2,3,278,15,11
1698871140,11,2,3,279,15,11
1698871260,11,2,3,281,15,11
1698871320,11,2,3,282,15,11
1698871380,11,2,3,283,15,12
1698871440,11,2,3,284,15,12
1698871500,11,2,3,285,15,12
1698871560,11,2,3,286,15,12
1698871620,11,2,3,287,15,12
1698871680,11,2,3,288,15,12
1698871740,11,2,3,289,15,12
1698871860,11,2,3,291,15,12
1698871920,11,2,3,292,15,12
1698871980,11,2,3,293,15,12
1698872040,11,2,3,294,15,12
1698872100,11,2,3,295,15,12
1698872160,11,2,3,296,15,12
1698872220,11,2,3,297,15,12
1698872280,11,2,3,298,15,13
1698872340,11,2,3,299,15,13
1698872460,11,2,3,301,15,13
1698872520,11,2,3,302,15,13
1698872580,11,2,3,303,15,13
1698872640,11,2,3,304,15,13
1698872700,11,2,3,305,15,13
1698872760,11,2,3,306,15,13
1698872820,11,2,3,307,15,13
1698872880,11,2,3,308,15,13
1698872940,11,2,3,309,15,13
1698873060,11,2,3,311,15,13
1698873120,11,2,3,312,15,13
1698873180,11,2,3,313,15,13
1698873240,11,2,3,314,15,13
1698873300,11,2,3,315,15,13
1698873360,11,2,3,316,15,13
1698873420,11,2,3,317,15,13
1698873480,11,2,3,318,15,13
1698873540,11,2,3,319,15,13
1698873660,11,2,3,321,15,13
1698873720,11,2,3,322,15,13
1698873780,11,2,3,323,15,13
1698873840,11,2,3,324,15,13
1698873900,11,2,3,325,15,13
1698873960,11,2,3,326,15,13
1698874020,11,2,3,327,15,13
1698874080,11,2,3,328,15,13
1698874140,11,2,3,329,15,13
1698874200,11,2,3,330,15,13
1698874260,11,2,3,331,15,13
1698874320,11,2,3,332,15,13
1698874380,11,2,3,333,15,13
1698874440,11,2,3,334,15,13
1698874500,11,2,3,335,15,13
1698874560,11,2,3,336,15,13
1698874620,11,2,3,337,15,13
1698874680,11,2,3,338,15,13
1698874740,11,2,3,339,15,13
1698874800,11,2,3,340,15,13
1698874860,11,2,3,341,15,13
1698874920,11,2,3,342,15,13
1698874980,11,2,3,343,15,13
1698875040,11,2,3,344,15,13
1698875100,11,2,3,345,15,13
1698875160,11,2,3,346,15,13
1698875220,11,2,3,347,15,13
1698875280,11,2,3,348,15,13
1698875340,11,2,3,349,15,13
1698875400,11,2,3,350,15,13
1698875460,11,2,3,351,15,13
1698875520,11,2,3,352,15,13
1698875580,11,2,3,353,15,13
1698875640,11,2,3,354,15,13
1698875700,11,2,3,355,15,13
1698875760,11,2,3,356,15,13
1698875820,11,2,3,357,15,13
1698875880,11,2,3,358,15,13
1698875940,11,2,3,359,15,13
1698876000,11,2,3,360,15,13
1698876060,11,2,3,361,15,13
1698876120,11,2,3,362,15,13
1698876180,11,2,3,363,15,13
1698876240,11,2,3,364,15,13
1698876300,11,2,3,365,15,13
1698876360,11,2,3,366,15,13
1698876420,11,2,3,367,15,13
1698876480,11,2,3,368,15,13
1698876540,11,2,3,369,15,13
1698876600,11,2,3,370,15,13
1698876660,11,2,3,371,15,14
1698876720,11,2,3,372,15,14
1698876780,11,2,3,373,15,14
1698876840,11,2,3,374,15,14
1698876900,11,2,3,375,15,14
1698876960,11,2,3,376,15,14
1698877020,11,2,3,377,15,14
1698877080,11,2,3,378,15,14
1698877140,11,2,3,379,15,13
1698877260,11,2,3,381,15,13
1698877320,11,2,3,382,15,13
1698877380,11,2,3,383,15,13
1698877440,11,2,3,384,15,13
1698877500,11,2,3,385,15,12
1698877560,11,2,3,386,15,12
1698877620,11,2,3,387,15,12
1698877680,11,2,3,388,15,12
1698877740,11,2,3,389,15,12
1698877800,11,2,3,390,15,12
1698877860,11,2,3,391,15,12
1698877920,11,2,3,392,15,12
1698877980,11,2,3,393,15,12
1698878040,11,2,3,394,15,12
1698878100,11,2,3,395,15,12
1698878160,11,2,3,396,15,12
1698878220,11,2,3,397,15,12
1698878280,11,2,3,398,15,12
1698878340,11,2,3,399,15,12
1698878400,11,2,3,400,15,12
1698878460,11,2,3,401,15,12
1698878520,11,2,3,402,15,12
1698878580,11,2,3,403,15,12
1698878640,11,2,3,404,15,12
1698878700,11,2,3,405,15,12
1698878760,11,2,3,406,15,12
1698878820,11,2,3,407,15,12
1698878880,11,2,3,408,15,12
1698878940,11,2,3,409,15,12
1698879000,11,2,3,410,15,12
1698879060,11,2,3,411,15,12
1698879120,11,2,3,412,15,12
1698879180,11,2,3,413,15,12
1698879240,11,2,3,414,15,12
1698879300,11,2,3,415,15,12
1698879360,11,2,3,416,15,12
1698879420,11,2,3,417,15,12
1698879480,11,2,3,418,15,12
1698879540,11,2,3,419,15,12
1698879660,11,2,3,421,15,12
1698879720,11,2,3,422,15,12
1698879780,11,2,3,423,15,12
1698879840,11,2,3,424,15,10
1698879900,11,2,3,425,15,10
1698879960,11,2,3,426,15,10
1698880020,11,2,3,427,15,10
1698880080,11,2,3,428,15,10
1698880140,11,2,3,429,15,10
1698880200,11,2,3,430,15,10
1698880260,11,2,3,431,15,10
1698880320,11,2,3,432,15,10
1698880380,11,2,3,433,15,10
1698880440,11,2,3,434,15,10
1698880500,11,2,3,435,15,10
1698880560,11,2,3,436,15,10
1698880620,11,2,3,437,15,10
1698880680,11,2,3,438,15,10
1698880740,11,2,3,439,15,9
1698880860,11,2,3,441,15,9
1698880920,11,2,3,442,15,9
1698880980,11,2,3,443,15,9
1698881040,11,2,3,444,15,9
1698881100,11,2,3,445,15,10
1698881160,11,2,3,446,15,10
1698881220,11,2,3,447,15,10
1698881280,11,2,3,448,15,10
1698881340,11,2,3,449,15,10
1698881460,11,2,3,451,15,11
1698881520,11,2,3,452,15,10
1698881580,11,2,3,453,15,10
1698881640,11,2,3,454,15,9
1698881700,11,2,3,455,15,9
1698881760,11,2,3,456,15,9
1698881820,11,2,3,457,15,9
1698881880,11,2,3,458,15,10
1698881940,11,2,3,459,15,10
1698882000,11,2,3,460,15,10
1698882060,11,2,3,461,15,10
1698882180,11,2,3,463,15,10
1698882240,11,2,3,464,15,10
1698882300,11,2,3,465,15,10
1698882360,11,2,3,466,15,10
1698882420,11,2,3,467,15,10
1698882480,11,2,3,468,15,9
1698882540,11,2,3,469,15,9
1698882660,11,2,3,471,15,9
1698882720,11,2,3,472,15,10
1698882780,11,2,3,473,15,10
1698882840,11,2,3,474,15,10
1698882900,11,2,3,475,15,10
1698882960,11,2,3,476,15,10
1698883020,11,2,3,477,15,10
1698883080,11,2,3,478,15,10
1698883140,11,2,3,479,15,10
1698883260,11,2,3,481,15,10
1698883320,11,2,3,482,15,10
1698883380,11,2,3,483,15,10
1698883440,11,2,3,484,15,10
1698883500,11,2,3,485,15,9
1698883560,11,2,3,486,15,9
1698883620,11,2,3,487,15,9
1698883680,11,2,3,488,15,9
1698883740,11,2,3,489,15,9
1698883860,11,2,3,491,15,8
1698883920,11,2,3,492,15,9
1698883980,11,2,3,493,15,9
1698884040,11,2,3,494,15,9
1698884100,11,2,3,495,15,9
1698884160,11,2,3,496,15,9
1698884220,11,2,3,497,15,9
1698884280,11,2,3,498,15,8
1698884340,11,2,3,499,15,8
1698884460,11,2,3,501,15,6
1698884580,11,2,3,503,15,6
1698884640,11,2,3,504,15,6
1698884760,11,2,3,506,15,6
1698884820,11,2,3,507,15,5
1698884880,11,2,3,508,15,6
1698884940,11,2,3,509,15,6
1698885060,11,2,3,511,15,6
1698885120,11,2,3,512,15,7
1698885180,11,2,3,513,15,7
1698885240,11,2,3,514,15,5
1698885300,11,2,3,515,15,5
1698885360,11,2,3,516,15,2
1698885420,11,2,3,517,15,2
1698885480,11,2,3,518,15,2
1698885540,11,2,3,519,15,2
1698885660,11,2,3,521,15,2
1698885720,11,2,3,522,15,4
1698885780,11,2,3,523,15,3
1698885840,11,2,3,524,15,2
1698885900,11,2,3,525,15,2
1698885960,11,2,3,526,15,4
1698886020,11,2,3,527,15,1
1698886080,11,2,3,528,15,2
1698886140,11,2,3,529,15,0
1698886260,11,2,3,531,15,0
1698886320,11,2,3,532,15,0
1698886380,11,2,3,533,15,0
1698886440,11,2,3,534,15,0
1698886500,11,2,3,535,15,0
1698886560,11,2,3,536,15,0
1698886620,11,2,3,537,15,0
1698886680,11,2,3,538,15,0
1698886740,11,2,3,539,15,0
1698886860,11,2,3,541,15,0
1698886920,11,2,3,542,15,0
1698886980,11,2,3,543,15,0
1698887040,11,2,3,544,15,0
1698887100,11,2,3,545,15,2
1698887160,11,2,3,546,15,1
1698887220,11,2,3,547,15,0
1698887280,11,2,3,548,15,0
1698887340,11,2,3,549,15,0
1698887460,11,2,3,551,15,0
1698887520,11,2,3,552,15,0
1698887580,11,2,3,553,15,0
1698887640,11,2,3,554,15,0
1698887700,11,2,3,555,15,1
1698887760,11,2,3,556,15,1
1698887820,11,2,3,557,15,0
1698887880,11,2,3,558,15,0
1698887940,11,2,3,559,15,0
1698888060,11,2,3,561,15,0
1698888120,11,2,3,562,15,0
1698888180,11,2,3,563,15,0
1698888240,11,2,3,564,15,0
1698888300,11,2,3,565,15,0
1698888360,11,2,3,566,15,0
1698888420,11,2,3,567,15,0
1698888480,11,2,3,568,15,0
1698888540,11,2,3,569,15,0
1698888660,11,2,3,571,15,0
1698888720,11,2,3,572,15,1
1698888780,11,2,3,573,15,0
1698888840,11,2,3,574,15,0
1698888900,11,2,3,575,15,0
1698888960,11,2,3,576,15,1
1698889020,11,2,3,577,15,1
1698889080,11,2,3,578,15,1
1698889140,11,2,3,579,15,1
1698889200,11,2,3,580,15,1
1698889260,11,2,3,581,15,0
1698889320,11,2,3,582,15,1
1698889380,11,2,3,583,15,1
1698889440,11,2,3,584,15,0
1698889500,11,2,3,585,15,0
1698889560,11,2,3,586,15,0
1698889620,11,2,3,587,15,0
1698889680,11,2,3,588,15,0
1698889740,11,2,3,589,15,0
1698889800,11,2,3,590,15,0
1698889860,11,2,3,591,15,0
1698889920,11,2,3,592,15,1
1698889980,11,2,3,593,15,0
1698890040,11,2,3,594,15,0
1698890100,11,2,3,595,15,0
1698890160,11,2,3,596,15,0
1698890220,11,2,3,597,15,0
1698890280,11,2,3,598,15,0
1698890340,11,2,3,599,15,0
1698890460,11,2,3,601,15,0
1698890520,11,2,3,602,15,0
1698890580,11,2,3,603,15,0
1698890640,11,2,3,604,15,0
1698890700,11,2,3,605,15,0
1698890760,11,2,3,606,15,0
1698890820,11,2,3,607,15,0
1698890880,11,2,3,608,15,0
1698890940,11,2,3,609,15,0
1698891000,11,2,3,610,15,0
1698891060,11,2,3,611,15,0
1698891120,11,2,3,612,15,0
1698891180,11,2,3,613,15,0
1698891240,11,2,3,614,15,0
1698891300,11,2,3,615,15,1
1698891360,11,2,3,616,15,1
1698891420,11,2,3,617,15,1
1698891480,11,2,3,618,15,0
1698891540,11,2,3,619,15,0
1698891660,11,2,3,621,15,0
1698891720,11,2,3,622,15,0
1698891780,11,2,3,623,15,0
1698891840,11,2,3,624,15,0
1698891900,11,2,3,625,15,0
1698891960,11,2,3,626,15,0
1698892020,11,2,3,627,15,0
1698892080,11,2,3,628,15,0
1698892140,11,2,3,629,15,0
1698892260,11,2,3,631,15,1
1698892320,11,2,3,632,15,1
1698892380,11,2,3,633,15,1
1698892440,11,2,3,634,15,1
1698892500,11,2,3,635,15,1
1698892560,11,2,3,636,15,0
1698892620,11,2,3,637,15,0
1698892680,11,2,3,638,15,0
1698892740,11,2,3,639,15,0
1698892800,11,2,3,640,15,0
1698892860,11,2,3,641,15,0
1698892920,11,2,3,642,15,0
1698892980,11,2,3,643,15,0
1698893040,11,2,3,644,15,0
1698893100,11,2,3,645,15,0
1698893160,11,2,3,646,15,0
1698893220,11,2,3,647,15,0
1698893280,11,2,3,648,15,0
1698893340,11,2,3,649,15,0
1698893400,11,2,3,650,15,0
1698893460,11,2,3,651,15,0
1698893520,11,2,3,652,15,0
1698893580,11,2,3,653,15,0
1698893640,11,2,3,654,15,0
1698893700,11,2,3,655,15,0
1698893760,11,2,3,656,15,0
1698893820,11,2,3,657,15,0
1698893880,11,2,3,658,15,0
1698893940,11,2,3,659,15,0
1698894060,11,2,3,661,15,0
1698894120,11,2,3,662,15,0
1698894180,11,2,3,663,15,0
1698894240,11,2,3,664,15,0
1698894300,11,2,3,665,15,0
1698894360,11,2,3,666,15,0
1698894420,11,2,3,667,15,0
1698894480,11,2,3,668,15,0
1698894540,11,2,3,669,15,0
1698894600,11,2,3,670,15,0
1698894660,11,2,3,671,15,0
1698894720,11,2,3,672,15,0
1698894780,11,2,3,673,15,0
1698894840,11,2,3,674,15,0
1698894900,11,2,3,675,15,0
1698894960,11,2,3,676,15,0
1698895020,11,2,3,677,15,0
1698895140,11,2,3,679,15,2
1698895260,11,2,3,681,15,2
1698895320,11,2,3,682,15,2
1698895380,11,2,3,683,15,2
1698895440,11,2,3,684,15,2
1698895500,11,2,3,685,15,2
1698895560,11,2,3,686,15,2
1698895620,11,2,3,687,15,1
1698895680,11,2,3,688,15,1
1698895740,11,2,3,689,15,1
1698895860,11,2,3,691,15,1
1698895920,11,2,3,692,15,1
1698895980,11,2,3,693,15,1
1698896040,11,2,3,694,15,0
1698896100,11,2,3,695,15,0
1698896160,11,2,3,696,15,0
1698896220,11,2,3,697,15,0
1698896280,11,2,3,698,15,0
1698896340,11,2,3,699,15,0
1698896460,11,2,3,701,15,0
1698896520,11,2,3,702,15,0
1698896580,11,2,3,703,15,0
1698896640,11,2,3,704,15,0
1698896700,11,2,3,705,15,0
1698896760,11,2,3,706,15,0
1698896820,11,2,3,707,15,0
1698896880,11,2,3,708,15,0
1698896940,11,2,3,709,15,1
1698897060,11,2,3,711,15,1
1698897120,11,2,3,712,15,1
1698897180,11,2,3,713,15,0
1698897240,11,2,3,714,15,0
1698897300,11,2,3,715,15,0
1698897360,11,2,3,716,15,1
1698897420,11,2,3,717,15,1
1698897480,11,2,3,718,15,1
1698897540,11,2,3,719,15,1
1698897660,11,2,3,721,15,0
1698897720,11,2,3,722,15,0
1698897780,11,2,3,723,15,0
1698897840,11,2,3,724,15,0
1698897900,11,2,3,725,15,1
1698897960,11,2,3,726,15,0
1698898020,11,2,3,727,15,0
1698898080,11,2,3,728,15,0
1698898140,11,2,3,729,15,1
1698898260,11,2,3,731,15,0
1698898320,11,2,3,732,15,0
1698898380,11,2,3,733,15,0
1698898440,11,2,3,734,15,0
1698898500,11,2,3,735,15,0
1698898560,11,2,3,736,15,2
1698898620,11,2,3,737,15,0
1698898680,11,2,3,738,15,0
1698898740,11,2,3,739,15,2
1698898860,11,2,3,741,15,2
1698898920,11,2,3,742,15,1
1698898980,11,2,3,743,15,0
1698899040,11,2,3,744,15,0
1698899100,11,2,3,745,15,1
1698899160,11,2,3,746,15,0
1698899220,11,2,3,747,15,0
1698899280,11,2,3,748,15,0
1698899340,11,2,3,749,15,0
1698899460,11,2,3,751,15,0
1698899520,11,2,3,752,15,0
1698899580,11,2,3,753,15,0
1698899640,11,2,3,754,15,0
1698899700,11,2,3,755,15,2
1698899760,11,2,3,756,15,1
1698899820,11,2,3,757,15,1
1698899880,11,2,3,758,15,1
1698899940,11,2,3,759,15,1
1698900060,11,2,3,761,15,2
1698900120,11,2,3,762,15,2
1698900180,11,2,3,763,15,0
1698900240,11,2,3,764,15,0
1698900300,11,2,3,765,15,2
1698900360,11,2,3,766,15,3
1698900420,11,2,3,767,15,3
1698900480,11,2,3,768,15,3
1698900540,11,2,3,769,15,3
1698900660,11,2,3,771,15,3
1698900720,11,2,3,772,15,3
1698900780,11,2,3,773,15,2
1698900840,11,2,3,774,15,1
1698900900,11,2,3,775,15,1
1698900960,11,2,3,776,15,1
1698901020,11,2,3,777,15,1
1698901080,11,2,3,778,15,1
1698901140,11,2,3,779,15,0
1698901260,11,2,3,781,15,0
1698901320,11,2,3,782,15,0
1698901380,11,2,3,783,15,0
1698901440,11,2,3,784,15,0
1698901500,11,2,3,785,15,0
1698901560,11,2,3,786,15,1
1698901620,11,2,3,787,15,0
1698901680,11,2,3,788,15,0
1698901740,11,2,3,789,15,0
1698901800,11,2,3,790,15,0
1698901860,11,2,3,791,15,0
1698901920,11,2,3,792,15,0
1698901980,11,2,3,793,15,0
1698902040,11,2,3,794,15,0
1698902100,11,2,3,795,15,0
1698902160,11,2,3,796,15,0
1698902220,11,2,3,797,15,0
1698902280,11,2,3,798,15,0
1698902340,11,2,3,799,15,0
1698902460,11,2,3,801,15,0
1698902520,11,2,3,802,15,1
1698902580,11,2,3,803,15,1
1698902640,11,2,3,804,15,0
1698902700,11,2,3,805,15,0
1698902760,11,2,3,806,15,0
1698902820,11,2,3,807,15,0
1698902880,11,2,3,808,15,0
1698902940,11,2,3,809,15,0
1698903060,11,2,3,811,15,0
1698903120,11,2,3,812,15,0
1698903180,11,2,3,813,15,0
1698903240,11,2,3,814,15,1
1698903300,11,2,3,815,15,0
1698903360,11,2,3,816,15,0
1698903420,11,2,3,817,15,0
1698903480,11,2,3,818,15,1
1698903540,11,2,3,819,15,1
1698903600,11,2,3,820,15,0
1698903660,11,2,3,821,15,0
1698903720,11,2,3,822,15,0
1698903780,11,2,3,823,15,0
1698903840,11,2,3,824,15,0
1698903900,11,2,3,825,15,0
1698903960,11,2,3,826,15,0
1698904020,11,2,3,827,15,0
1698904080,11,2,3,828,15,0
1698904140,11,2,3,829,15,0
1698904200,11,2,3,830,15,1
1698904260,11,2,3,831,15,1
1698904320,11,2,3,832,15,0
1698904380,11,2,3,833,15,1
1698904440,11,2,3,834,15,1
1698904500,11,2,3,835,15,1
1698904560,11,2,3,836,15,0
1698904620,11,2,3,837,15,0
1698904680,11,2,3,838,15,0
1698904740,11,2,3,839,15,0
1698904860,11,2,3,841,15,0
1698904920,11,2,3,842,15,0
1698904980,11,2,3,843,15,0
1698905040,11,2,3,844,15,0
1698905100,11,2,3,845,15,0
1698905160,11,2,3,846,15,0
1698905220,11,2,3,847,15,0
1698905280,11,2,3,848,15,0
1698905340,11,2,3,849,15,0
1698905400,11,2,3,850,15,0
1698905460,11,2,3,851,15,0
1698905520,11,2,3,852,15,0
1698905580,11,2,3,853,15,0
1698905640,11,2,3,854,15,3
1698905700,11,2,3,855,15,3
1698905760,11,2,3,856,15,3
1698905820,11,2,3,857,15,2
1698905880,11,2,3,858,15,1
1698905940,11,2,3,859,15,1
1698906060,11,2,3,861,15,1
1698906120,11,2,3,862,15,1
1698906180,11,2,3,863,15,1
1698906240,11,2,3,864,15,1
1698906300,11,2,3,865,15,1
1698906360,11,2,3,866,15,1
1698906420,11,2,3,867,15,1
1698906480,11,2,3,868,15,1
1698906540,11,2,3,869,15,1
1698906660,11,2,3,871,15,1
1698906720,11,2,3,872,15,1
1698906780,11,2,3,873,15,1
1698906840,11,2,3,874,15,1
1698906900,11,2,3,875,15,1
1698906960,11,2,3,876,15,1
1698907020,11,2,3,877,15,1
1698907080,11,2,3,878,15,1
1698907140,11,2,3,879,15,1
1698907200,11,2,3,880,15,1
1698907260,11,2,3,881,15,1
1698907320,11,2,3,882,15,1
1698907380,11,2,3,883,15,0
1698907440,11,2,3,884,15,0
1698907500,11,2,3,885,15,0
1698907560,11,2,3,886,15,0
1698907620,11,2,3,887,15,0
1698907680,11,2,3,888,15,0
1698907740,11,2,3,889,15,0
1698907800,11,2,3,890,15,0
1698907860,11,2,3,891,15,0
1698907920,11,2,3,892,15,0
1698907980,11,2,3,893,15,0
1698908040,11,2,3,894,15,0
1698908100,11,2,3,895,15,0
1698908160,11,2,3,896,15,0
1698908220,11,2,3,897,15,0
1698908280,11,2,3,898,15,1
1698908340,11,2,3,899,15,1
1698908460,11,2,3,901,15,1
1698908520,11,2,3,902,15,1
1698908580,11,2,3,903,15,1
1698908640,11,2,3,904,15,1
1698908700,11,2,3,905,15,1
1698908820,11,2,3,907,15,1
1698908880,11,2,3,908,15,0
1698908940,11,2,3,909,15,0
1698909060,11,2,3,911,15,1
1698909120,11,2,3,912,15,0
1698909180,11,2,3,913,15,0
1698909240,11,2,3,914,15,2
1698909300,11,2,3,915,15,1
1698909360,11,2,3,916,15,1
1698909420,11,2,3,917,15,0
1698909480,11,2,3,918,15,0
1698909540,11,2,3,919,15,0
1698909660,11,2,3,921,15,0
1698909720,11,2,3,922,15,2
1698909780,11,2,3,923,15,2
1698909840,11,2,3,924,15,2
1698909900,11,2,3,925,15,2
1698909960,11,2,3,926,15,1
1698910020,11,2,3,927,15,0
1698910080,11,2,3,928,15,0
1698910140,11,2,3,929,15,0
1698910260,11,2,3,931,15,0
1698910320,11,2,3,932,15,0
1698910380,11,2,3,933,15,0
1698910440,11,2,3,934,15,1
1698910500,11,2,3,935,15,1
1698910560,11,2,3,936,15,1
1698910620,11,2,3,937,15,1
1698910680,11,2,3,938,15,1
1698910740,11,2,3,939,15,1
1698910860,11,2,3,941,15,2
1698910920,11,2,3,942,15,0
1698910980,11,2,3,943,15,0
1698911040,11,2,3,944,15,0
1698911100,11,2,3,945,15,0
1698911160,11,2,3,946,15,0
1698911220,11,2,3,947,15,0
1698911280,11,2,3,948,15,0
1698911340,11,2,3,949,15,0
1698911460,11,2,3,951,15,1
1698911520,11,2,3,952,15,0
1698911580,11,2,3,953,15,0
1698911640,11,2,3,954,15,0
1698911700,11,2,3,955,15,0
1698911760,11,2,3,956,15,0
1698911820,11,2,3,957,15,0
1698911880,11,2,3,958,15,1
1698911940,11,2,3,959,15,1
1698912060,11,2,3,961,15,0
1698912120,11,2,3,962,15,1
1698912180,11,2,3,963,15,2
1698912240,11,2,3,964,15,1
1698912300,11,2,3,965,15,2
1698912360,11,2,3,966,15,3
1698912420,11,2,3,967,15,3
1698912480,11,2,3,968,15,3
1698912540,11,2,3,969,15,3
1698912660,11,2,3,971,15,3
1698912720,11,2,3,972,15,3
1698912780,11,2,3,973,15,3
1698912840,11,2,3,974,15,4
1698912900,11,2,3,975,15,4
1698912960,11,2,3,976,15,4
1698913020,11,2,3,977,15,2
1698913080,11,2,3,978,15,2
1698913140,11,2,3,979,15,1
1698913260,11,2,3,981,15,1
1698913320,11,2,3,982,15,0
1698913380,11,2,3,983,15,0
1698913440,11,2,3,984,15,0
1698913500,11,2,3,985,15,0
1698913560,11,2,3,986,15,1
1698913620,11,2,3,987,15,1
1698913680,11,2,3,988,15,1
1698913740,11,2,3,989,15,1
1698913860,11,2,3,991,15,1
1698913920,11,2,3,992,15,4
1698913980,11,2,3,993,15,4
1698914040,11,2,3,994,15,4
1698914100,11,2,3,995,15,4
1698914160,11,2,3,996,15,3
1698914280,11,2,3,998,15,1
1698914340,11,2,3,999,15,1
1698914460,11,2,3,1001,15,1
1698914520,11,2,3,1002,15,1
1698914640,11,2,3,1004,15,1
1698914700,11,2,3,1005,15,1
1698914760,11,2,3,1006,15,1
1698914820,11,2,3,1007,15,1
1698914880,11,2,3,1008,15,1
1698914940,11,2,3,1009,15,1
1698915000,11,2,3,1010,15,1
1698915060,11,2,3,1011,15,1
1698915120,11,2,3,1012,15,1
1698915180,11,2,3,1013,15,3
1698915240,11,2,3,1014,15,3
1698915300,11,2,3,1015,15,3
1698915360,11,2,3,1016,15,2
1698915420,11,2,3,1017,15,3
1698915480,11,2,3,1018,15,3
1698915540,11,2,3,1019,15,3
1698915660,11,2,3,1021,15,4
1698915720,11,2,3,1022,15,4
1698915780,11,2,3,1023,15,4
1698915840,11,2,3,1024,15,4
1698915900,11,2,3,1025,15,4
1698915960,11,2,3,1026,15,4
1698916020,11,2,3,1027,15,4
1698916080,11,2,3,1028,15,4
1698916140,11,2,3,1029,15,4
1698916200,11,2,3,1030,15,5
1698916260,11,2,3,1031,15,5
1698916320,11,2,3,1032,15,5
1698916380,11,2,3,1033,15,5
1698916440,11,2,3,1034,15,4
1698916500,11,2,3,1035,15,4
1698916560,11,2,3,1036,15,3
1698916620,11,2,3,1037,15,3
1698916680,11,2,3,1038,15,3
1698916740,11,2,3,1039,15,3
1698916860,11,2,3,1041,15,5
1698916920,11,2,3,1042,15,4
1698916980,11,2,3,1043,15,1
1698917040,11,2,3,1044,15,1
1698917100,11,2,3,1045,15,2
1698917160,11,2,3,1046,15,0
1698917220,11,2,3,1047,15,0
1698917280,11,2,3,1048,15,0
1698917340,11,2,3,1049,15,0
1698917460,11,2,3,1051,15,0
1698917520,11,2,3,1052,15,0
1698917580,11,2,3,1053,15,0
1698917640,11,2,3,1054,15,1
1698917700,11,2,3,1055,15,1
1698917760,11,2,3,1056,15,0
1698917820,11,2,3,1057,15,0
1698917880,11,2,3,1058,15,1
1698917940,11,2,3,1059,15,0
1698918000,11,2,3,1060,15,0
1698918060,11,2,3,1061,15,1
1698918120,11,2,3,1062,15,0
1698918180,11,2,3,1063,15,0
1698918240,11,2,3,1064,15,0
1698918300,11,2,3,1065,15,2
1698918360,11,2,3,1066,15,2
1698918420,11,2,3,1067,15,0
1698918480,11,2,3,1068,15,0
1698918540,11,2,3,1069,15,0
1698918600,11,2,3,1070,15,2
1698918660,11,2,3,1071,15,2
1698918720,11,2,3,1072,15,0
1698918780,11,2,3,1073,15,0
1698918840,11,2,3,1074,15,1
1698918900,11,2,3,1075,15,1
1698918960,11,2,3,1076,15,1
1698919020,11,2,3,1077,15,3
1698919080,11,2,3,1078,15,1
1698919140,11,2,3,1079,15,0
1698919260,11,2,3,1081,15,0
1698919320,11,2,3,1082,15,0
1698919440,11,2,3,1084,15,0
1698919500,11,2,3,1085,15,0
1698919560,11,2,3,1086,15,1
1698919620,11,2,3,1087,15,0
1698919680,11,2,3,1088,15,0
1698919740,11,2,3,1089,15,1
1698919800,11,2,3,1090,15,0
1698919860,11,2,3,1091,15,0
1698919920,11,2,3,1092,15,0
1698919980,11,2,3,1093,15,0
1698920040,11,2,3,1094,15,0
1698920100,11,2,3,1095,15,0
1698920160,11,2,3,1096,15,0
1698920220,11,2,3,1097,15,1
1698920280,11,2,3,1098,15,1
1698920340,11,2,3,1099,15,1
1698920460,11,2,3,1101,15,1
1698920520,11,2,3,1102,15,0
1698920580,11,2,3,1103,15,0
1698920640,11,2,3,1104,15,0
1698920700,11,2,3,1105,15,0
1698920760,11,2,3,1106,15,0
1698920820,11,2,3,1107,15,0
1698920880,11,2,3,1108,15,0
1698920940,11,2,3,1109,15,0
1698921060,11,2,3,1111,15,0
1698921120,11,2,3,1112,15,0
1698921180,11,2,3,1113,15,1
1698921240,11,2,3,1114,15,2
1698921300,11,2,3,1115,15,2
1698921360,11,2,3,1116,15,2
1698921420,11,2,3,1117,15,2
1698921480,11,2,3,1118,15,3
1698921540,11,2,3,1119,15,3
1698921600,11,2,3,1120,15,3
1698921660,11,2,3,1121,15,3
1698921720,11,2,3,1122,15,0
1698921780,11,2,3,1123,15,0
1698921840,11,2,3,1124,15,0
1698921900,11,2,3,1125,15,1
1698921960,11,2,3,1126,15,1
1698922020,11,2,3,1127,15,1
1698922080,11,2,3,1128,15,1
1698922140,11,2,3,1129,15,0
1698922200,11,2,3,1130,15,0
1698922260,11,2,3,1131,15,0
1698922320,11,2,3,1132,15,0
1698922380,11,2,3,1133,15,1
1698922440,11,2,3,1134,15,1
1698922500,11,2,3,1135,15,1
1698922560,11,2,3,1136,15,1
1698922620,11,2,3,1137,15,1
1698922680,11,2,3,1138,15,0
1698922740,11,2,3,1139,15,0
1698922860,11,2,3,1141,15,0
1698922920,11,2,3,1142,15,0
1698922980,11,2,3,1143,15,0
1698923040,11,2,3,1144,15,0
1698923100,11,2,3,1145,15,0
1698923160,11,2,3,1146,15,0
1698923220,11,2,3,1147,15,0
1698923280,11,2,3,1148,15,0
1698923340,11,2,3,1149,15,1
1698923400,11,2,3,1150,15,1
1698923460,11,2,3,1151,15,1
1698923520,11,2,3,1152,15,1
1698923580,11,2,3,1153,15,1
1698923640,11,2,3,1154,15,0
1698923700,11,2,3,1155,15,0
1698923760,11,2,3,1156,15,0
1698923880,11,2,3,1158,15,0
1698923940,11,2,3,1159,15,0
1698924060,11,2,3,1161,15,1
1698924120,11,2,3,1162,15,3
1698924240,11,2,3,1164,15,3
1698924300,11,2,3,1165,15,2
1698924360,11,2,3,1166,15,3
1698924480,11,2,3,1168,15,2
1698924540,11,2,3,1169,15,3
1698924660,11,2,3,1171,15,3
1698924720,11,2,3,1172,15,3
1698924840,11,2,3,1174,15,3
1698924900,11,2,3,1175,15,3
1698924960,11,2,3,1176,15,1
1698925080,11,2,3,1178,15,1
1698925140,11,2,3,1179,15,1
1698925260,11,2,3,1181,15,1
1698925320,11,2,3,1182,15,2
1698925380,11,2,3,1183,15,3
1698925440,11,2,3,1184,15,3
1698925560,11,2,3,1186,15,4
1698925680,11,2,3,1188,15,4
1698925740,11,2,3,1189,15,4
1698925860,11,2,3,1191,15,5
1698925920,11,2,3,1192,15,5
1698925980,11,2,3,1193,15,4
1698926100,11,2,3,1195,15,2
1698926160,11,2,3,1196,15,2
1698926220,11,2,3,1197,15,2
1698926280,11,2,3,1198,15,2
1698926340,11,2,3,1199,15,2
1698926520,11,2,3,1202,15,2
1698926580,11,2,3,1203,15,2
1698926640,11,2,3,1204,15,1
1698926700,11,2,3,1205,15,1
1698926820,11,2,3,1207,15,1
1698926880,11,2,3,1208,15,1
1698926940,11,2,3,1209,15,1
1698927000,11,2,3,1210,15,1
1698927120,11,2,3,1212,15,1
1698927180,11,2,3,1213,15,1
1698927240,11,2,3,1214,15,1
1698927360,11,2,3,1216,15,1
1698927420,11,2,3,1217,15,1
1698927480,11,2,3,1218,15,1
1698927540,11,2,3,1219,15,1
1698927660,11,2,3,1221,15,0
1698927720,11,2,3,1222,15,1
1698927780,11,2,3,1223,15,1
1698927840,11,2,3,1224,15,1
1698927900,11,2,3,1225,15,1
1698927960,11,2,3,1226,15,1
1698928020,11,2,3,1227,15,0
1698928080,11,2,3,1228,15,0
1698928140,11,2,3,1229,15,0
1698928260,11,2,3,1231,15,0
1698928320,11,2,3,1232,15,0
1698928440,11,2,3,1234,15,0
1698928500,11,2,3,1235,15,0
1698928560,11,2,3,1236,15,0
1698928620,11,2,3,1237,15,0
1698928680,11,2,3,1238,15,0
1698928740,11,2,3,1239,15,0
1698928860,11,2,3,1241,15,1
1698928920,11,2,3,1242,15,3
1698928980,11,2,3,1243,15,3
1698929040,11,2,3,1244,15,3
1698929100,11,2,3,1245,15,3
1698929160,11,2,3,1246,15,3
1698929220,11,2,3,1247,15,3
1698929280,11,2,3,1248,15,3
1698929340,11,2,3,1249,15,3
1698929460,11,2,3,1251,15,3
1698929520,11,2,3,1252,15,3
1698929580,11,2,3,1253,15,3
1698929640,11,2,3,1254,15,3
1698929700,11,2,3,1255,15,3
1698929760,11,2,3,1256,15,3
1698929820,11,2,3,1257,15,3
1698929880,11,2,3,1258,15,4
1698929940,11,2,3,1259,15,4
1698930060,11,2,3,1261,15,3
1698930120,11,2,3,1262,15,3
1698930180,11,2,3,1263,15,3
1698930240,11,2,3,1264,15,3
1698930300,11,2,3,1265,15,3
1698930360,11,2,3,1266,15,3
1698930420,11,2,3,1267,15,3
1698930480,11,2,3,1268,15,3
1698930540,11,2,3,1269,15,2
1698930660,11,2,3,1271,15,2
1698930720,11,2,3,1272,15,2
1698930780,11,2,3,1273,15,2
1698930840,11,2,3,1274,15,2
1698930900,11,2,3,1275,15,2
1698930960,11,2,3,1276,15,3
1698931020,11,2,3,1277,15,3
1698931080,11,2,3,1278,15,3
1698931140,11,2,3,1279,15,3
1698931260,11,2,3,1281,15,2
1698931320,11,2,3,1282,15,3
1698931380,11,2,3,1283,15,3
1698931440,11,2,3,1284,15,4
1698931500,11,2,3,1285,15,3
1698931560,11,2,3,1286,15,3
1698931620,11,2,3,1287,15,2
1698931680,11,2,3,1288,15,0
1698931740,11,2,3,1289,15,0
1698931860,11,2,3,1291,15,0
1698931920,11,2,3,1292,15,0
1698931980,11,2,3,1293,15,0
1698932040,11,2,3,1294,15,0
1698932100,11,2,3,1295,15,0
1698932160,11,2,3,1296,15,0
1698932220,11,2,3,1297,15,0
1698932280,11,2,3,1298,15,0
1698932340,11,2,3,1299,15,0
1698932400,11,2,3,1300,15,0
1698932460,11,2,3,1301,15,0
1698932520,11,2,3,1302,15,2
1698932580,11,2,3,1303,15,2
1698932640,11,2,3,1304,15,2
1698932700,11,2,3,1305,15,2
1698932760,11,2,3,1306,15,5
1698932820,11,2,3,1307,15,5
1698932880,11,2,3,1308,15,5
1698932940,11,2,3,1309,15,5
1698933000,11,2,3,1310,15,6
1698933060,11,2,3,1311,15,5
1698933120,11,2,3,1312,15,5
1698933180,11,2,3,1313,15,5
1698933240,11,2,3,1314,15,6
1698933300,11,2,3,1315,15,6
1698933360,11,2,3,1316,15,6
1698933420,11,2,3,1317,15,6
1698933480,11,2,3,1318,15,6
1698933540,11,2,3,1319,15,6
1698933660,11,2,3,1321,15,6
1698933720,11,2,3,1322,15,7
1698933780,11,2,3,1323,15,7
1698933840,11,2,3,1324,15,7
1698933900,11,2,3,1325,15,7
1698933960,11,2,3,1326,15,6
1698934020,11,2,3,1327,15,6
1698934080,11,2,3,1328,15,6
1698934140,11,2,3,1329,15,6
1698934200,11,2,3,1330,15,8
1698934260,11,2,3,1331,15,8
1698934320,11,2,3,1332,15,7
1698934380,11,2,3,1333,15,7
1698934440,11,2,3,1334,15,8
1698934500,11,2,3,1335,15,7
1698934560,11,2,3,1336,15,7
1698934620,11,2,3,1337,15,7
1698934680,11,2,3,1338,15,7
1698934740,11,2,3,1339,15,6
1698934860,11,2,3,1341,15,6
1698934920,11,2,3,1342,15,6
1698934980,11,2,3,1343,15,6
1698935040,11,2,3,1344,15,5
1698935100,11,2,3,1345,15,5
1698935160,11,2,3,1346,15,5
1698935220,11,2,3,1347,15,5
1698935280,11,2,3,1348,15,5
1698935340,11,2,3,1349,15,5
1698935400,11,2,3,1350,15,5
1698935460,11,2,3,1351,15,5
1698935520,11,2,3,1352,15,5
1698935580,11,2,3,1353,15,5
1698935640,11,2,3,1354,15,6
1698935700,11,2,3,1355,15,6
1698935760,11,2,3,1356,15,6
1698935820,11,2,3,1357,15,6
1698935880,11,2,3,1358,15,6
1698935940,11,2,3,1359,15,6
1698936000,11,2,3,1360,15,5
1698936060,11,2,3,1361,15,5
1698936120,11,2,3,1362,15,5
1698936180,11,2,3,1363,15,4
1698936240,11,2,3,1364,15,4
1698936300,11,2,3,1365,15,4
1698936360,11,2,3,1366,15,5
1698936420,11,2,3,1367,15,5
1698936480,11,2,3,1368,15,3
1698936540,11,2,3,1369,15,3
1698936600,11,2,3,1370,15,4
1698936660,11,2,3,1371,15,4
1698936720,11,2,3,1372,15,4
1698936780,11,2,3,1373,15,3
1698936840,11,2,3,1374,15,2
1698936900,11,2,3,1375,15,2
1698936960,11,2,3,1376,15,2
1698937020,11,2,3,1377,15,2
1698937080,11,2,3,1378,15,2
1698937140,11,2,3,1379,15,2
1698937260,11,2,3,1381,15,2
1698937320,11,2,3,1382,15,3
1698937380,11,2,3,1383,15,3
1698937440,11,2,3,1384,15,3
1698937500,11,2,3,1385,15,3
1698937560,11,2,3,1386,15,3
1698937620,11,2,3,1387,15,3
1698937680,11,2,3,1388,15,3
1698937740,11,2,3,1389,15,3
1698937800,11,2,3,1390,15,3
1698937860,11,2,3,1391,15,3
1698937920,11,2,3,1392,15,3
1698937980,11,2,3,1393,15,3
1698938040,11,2,3,1394,15,3
1698938100,11,2,3,1395,15,3
1698938160,11,2,3,1396,15,3
1698938220,11,2,3,1397,15,3
1698938280,11,2,3,1398,15,3
1698938340,11,2,3,1399,15,3
1698938460,11,2,3,1401,15,3
1698938520,11,2,3,1402,15,3
1698938580,11,2,3,1403,15,2
1698938640,11,2,3,1404,15,2
1698938700,11,2,3,1405,15,2
1698938760,11,2,3,1406,15,2
1698938820,11,2,3,1407,15,2
1698938880,11,2,3,1408,15,2
1698938940,11,2,3,1409,15,2
1698939000,11,2,3,1410,15,2
1698939060,11,2,3,1411,15,2
1698939120,11,2,3,1412,15,2
1698939180,11,2,3,1413,15,2
1698939240,11,2,3,1414,15,2
1698939300,11,2,3,1415,15,2
1698939360,11,2,3,1416,15,2
1698939420,11,2,3,1417,15,2
1698939480,11,2,3,1418,15,2
1698939540,11,2,3,1419,15,2
1698939600,11,2,3,1420,15,2
1698939660,11,2,3,1421,15,2
1698939720,11,2,3,1422,15,2
1698939780,11,2,3,1423,15,2
1698939900,11,2,3,1425,15,4
1698939960,11,2,3,1426,15,4
1698940020,11,2,3,1427,15,4
1698940080,11,2,3,1428,15,4
1698940140,11,2,3,1429,15,4
1698940260,11,2,3,1431,15,5
1698940320,11,2,3,1432,15,5
1698940380,11,2,3,1433,15,5
1698940440,11,2,3,1434,15,5
1698940500,11,2,3,1435,15,5
1698940560,11,2,3,1436,15,5
1698940620,11,2,3,1437,15,5
1698940680,11,2,3,1438,15,6
1698940740,11,2,3,1439,15,7
1698940860,11,3,4,1,15,8
1698940920,11,3,4,2,15,8
1698940980,11,3,4,3,15,8
1698941040,11,3,4,4,15,8
1698941100,11,3,4,5,15,7
1698941160,11,3,4,6,15,7
1698941220,11,3,4,7,15,7
1698941280,11,3,4,8,15,7
1698941340,11,3,4,9,15,7
1698941460,11,3,4,11,15,7
1698941520,11,3,4,12,15,7
1698941580,11,3,4,13,15,7
1698941640,11,3,4,14,15,7
1698941700,11,3,4,15,15,7
1698941760,11,3,4,16,15,7
1698941820,11,3,4,17,15,7
1698941880,11,3,4,18,15,7
1698941940,11,3,4,19,15,7
1698942060,11,3,4,21,15,8
1698942120,11,3,4,22,15,8
1698942180,11,3,4,23,15,8
1698942240,11,3,4,24,15,8
1698942300,11,3,4,25,15,9
1698942360,11,3,4,26,15,8
1698942420,11,3,4,27,15,8
1698942480,11,3,4,28,15,8
1698942540,11,3,4,29,15,8
1698942660,11,3,4,31,15,8
1698942720,11,3,4,32,15,8
1698942780,11,3,4,33,15,8
1698942840,11,3,4,34,15,8
1698942900,11,3,4,35,15,8
1698942960,11,3,4,36,15,8
1698943020,11,3,4,37,15,8
1698943140,11,3,4,39,15,8
1698943200,11,3,4,40,15,8
1698943320,11,3,4,42,15,8
1698943380,11,3,4,43,15,8
1698943440,11,3,4,44,15,8
1698943500,11,3,4,45,15,8
1698943560,11,3,4,46,15,8
1698943620,11,3,4,47,15,8
1698943680,11,3,4,48,15,8
1698943740,11,3,4,49,15,8
1698943860,11,3,4,51,15,8
1698943920,11,3,4,52,15,8
1698943980,11,3,4,53,15,8
1698944040,11,3,4,54,15,8
1698944100,11,3,4,55,15,8
1698944160,11,3,4,56,15,9
1698944220,11,3,4,57,15,9
1698944280,11,3,4,58,15,9
1698944340,11,3,4,59,15,10
1698944460,11,3,4,61,15,10
1698944520,11,3,4,62,15,10
1698944580,11,3,4,63,15,10
1698944700,11,3,4,65,15,10
1698944760,11,3,4,66,15,11
1698944820,11,3,4,67,15,11
1698944880,11,3,4,68,15,11
1698944940,11,3,4,69,15,11
1698945060,11,3,4,71,15,11
1698945120,11,3,4,72,15,11
1698945180,11,3,4,73,15,11
1698945240,11,3,4,74,15,11
1698945300,11,3,4,75,15,11
1698945360,11,3,4,76,15,12
1698945420,11,3,4,77,15,12
1698945480,11,3,4,78,15,12
1698945540,11,3,4,79,15,12
1698945660,11,3,4,81,15,12
1698945720,11,3,4,82,15,12
1698945780,11,3,4,83,15,13
1698945840,11,3,4,84,15,13
1698945900,11,3,4,85,15,13
1698945960,11,3,4,86,15,13
1698946020,11,3,4,87,15,12
1698946080,11,3,4,88,15,12
1698946140,11,3,4,89,15,12
1698946200,11,3,4,90,15,12
1698946260,11,3,4,91,15,12
1698946320,11,3,4,92,15,12
1698946380,11,3,4,93,15,12
1698946440,11,3,4,94,15,11
1698946500,11,3,4,95,15,11
1698946560,11,3,4,96,15,11
1698946620,11,3,4,97,15,11
1698946680,11,3,4,98,15,11
1698946740,11,3,4,99,15,11
1698946800,11,3,4,100,15,11
1698946860,11,3,4,101,15,11
1698946920,11,3,4,102,15,11
1698946980,11,3,4,103,15,11
1698947040,11,3,4,104,15,11
1698947100,11,3,4,105,15,10
1698947160,11,3,4,106,15,11
1698947220,11,3,4,107,15,11
1698947280,11,3,4,108,15,11
1698947340,11,3,4,109,15,11
1698947400,11,3,4,110,15,11
1698947460,11,3,4,111,15,11
1698947520,11,3,4,112,15,11
1698947580,11,3,4,113,15,11
1698947640,11,3,4,114,15,11
1698947700,11,3,4,115,15,11
1698947760,11,3,4,116,15,11
1698947820,11,3,4,117,15,11
1698947880,11,3,4,118,15,11
1698947940,11,3,4,119,15,11
1698948060,11,3,4,121,15,11
1698948120,11,3,4,122,15,10
1698948180,11,3,4,123,15,10
1698948240,11,3,4,124,15,10
1698948300,11,3,4,125,15,10
1698948360,11,3,4,126,15,10
1698948420,11,3,4,127,15,10
1698948480,11,3,4,128,15,10
1698948540,11,3,4,129,15,10
1698948600,11,3,4,130,15,10
1698948660,11,3,4,131,15,10
1698948720,11,3,4,132,15,10
1698948780,11,3,4,133,15,10
1698948840,11,3,4,134,15,10
1698948900,11,3,4,135,15,10
1698948960,11,3,4,136,15,10
1698949020,11,3,4,137,15,10
1698949080,11,3,4,138,15,10
1698949140,11,3,4,139,15,10
1698949260,11,3,4,141,15,10
1698949320,11,3,4,142,15,10
1698949380,11,3,4,143,15,10
1698949440,11,3,4,144,15,10
1698949500,11,3,4,145,15,10
1698949560,11,3,4,146,15,10
1698949620,11,3,4,147,15,10
1698949680,11,3,4,148,15,10
1698949740,11,3,4,149,15,10
1698949800,11,3,4,150,15,10
1698949860,11,3,4,151,15,10
1698949920,11,3,4,152,15,10
1698949980,11,3,4,153,15,10
1698950040,11,3,4,154,15,10
1698950100,11,3,4,155,15,10
1698950160,11,3,4,156,15,10
1698950220,11,3,4,157,15,10
1698950280,11,3,4,158,15,10
1698950340,11,3,4,159,15,10
1698950400,11,3,4,160,15,10
1698950460,11,3,4,161,15,10
1698950520,11,3,4,162,15,10
1698950580,11,3,4,163,15,10
1698950640,11,3,4,164,15,10
1698950700,11,3,4,165,15,10
1698950760,11,3,4,166,15,11
1698950820,11,3,4,167,15,11
1698950880,11,3,4,168,15,11
1698950940,11,3,4,169,15,11
1698951000,11,3,4,170,15,11
1698951060,11,3,4,171,15,11
1698951120,11,3,4,172,15,11
1698951180,11,3,4,173,15,11
1698951240,11,3,4,174,15,11
1698951300,11,3,4,175,15,11
1698951360,11,3,4,176,15,11
1698951420,11,3,4,177,15,11
1698951480,11,3,4,178,15,11
1698951540,11,3,4,179,15,11
1698951600,11,3,4,180,15,11
1698951660,11,3,4,181,15,11
1698951720,11,3,4,182,15,11
1698951780,11,3,4,183,15,11
1698951840,11,3,4,184,15,11
1698951900,11,3,4,185,15,11
1698951960,11,3,4,186,15,11
1698952020,11,3,4,187,15,11
1698952080,11,3,4,188,15,11
1698952140,11,3,4,189,15,11
1698952200,11,3,4,190,15,11
1698952260,11,3,4,191,15,11
1698952320,11,3,4,192,15,11
1698952380,11,3,4,193,15,11
1698952440,11,3,4,194,15,11
1698952500,11,3,4,195,15,11
1698952560,11,3,4,196,15,11
1698952620,11,3,4,197,15,11
1698952680,11,3,4,198,15,11
1698952740,11,3,4,199,15,11
1698952860,11,3,4,201,15,11
1698952920,11,3,4,202,15,11
1698952980,11,3,4,203,15,11
1698953040,11,3,4,204,15,11
1698953100,11,3,4,205,15,11
1698953160,11,3,4,206,15,11
1698953220,11,3,4,207,15,11
1698953280,11,3,4,208,15,11
1698953340,11,3,4,209,15,11
1698953400,11,3,4,210,15,11
1698953460,11,3,4,211,15,11
1698953520,11,3,4,212,15,11
1698953580,11,3,4,213,15,11
1698953640,11,3,4,214,15,11
1698953700,11,3,4,215,15,11
1698953760,11,3,4,216,15,11
1698953820,11,3,4,217,15,11
1698953880,11,3,4,218,15,11
1698953940,11,3,4,219,15,11
1698954000,11,3,4,220,15,11
1698954060,11,3,4,221,15,11
1698954120,11,3,4,222,15,11
1698954180,11,3,4,223,15,11
1698954240,11,3,4,224,15,11
1698954300,11,3,4,225,15,11
1698954360,11,3,4,226,15,10
1698954420,11,3,4,227,15,10
1698954480,11,3,4,228,15,10
1698954540,11,3,4,229,15,10
1698954600,11,3,4,230,15,10
1698954660,11,3,4,231,15,10
1698954720,11,3,4,232,15,10
1698954780,11,3,4,233,15,10
1698954900,11,3,4,235,15,10
1698954960,11,3,4,236,15,10
1698955020,11,3,4,237,15,10
1698955080,11,3,4,238,15,10
1698955140,11,3,4,239,15,10
1698955260,11,3,4,241,15,10
1698955320,11,3,4,242,15,10
1698955380,11,3,4,243,15,10
1698955440,11,3,4,244,15,10
1698955500,11,3,4,245,15,10
1698955560,11,3,4,246,15,10
1698955620,11,3,4,247,15,10
1698955680,11,3,4,248,15,10
1698955740,11,3,4,249,15,10
1698955860,11,3,4,251,15,10
1698955920,11,3,4,252,15,9
1698955980,11,3,4,253,15,9
1698956040,11,3,4,254,15,9
1698956100,11,3,4,255,15,9
1698956160,11,3,4,256,15,9
1698956220,11,3,4,257,15,9
1698956280,11,3,4,258,15,9
1698956340,11,3,4,259,15,9
1698956460,11,3,4,261,15,9
1698956520,11,3,4,262,15,10
1698956580,11,3,4,263,15,10
1698956640,11,3,4,264,15,10
1698956700,11,3,4,265,15,10
1698956760,11,3,4,266,15,10
1698956820,11,3,4,267,15,10
1698956880,11,3,4,268,15,10
1698956940,11,3,4,269,15,11
1698957000,11,3,4,270,15,11
1698957120,11,3,4,272,15,11
1698957180,11,3,4,273,15,11
1698957240,11,3,4,274,15,11
1698957300,11,3,4,275,15,11
1698957360,11,3,4,276,15,11
1698957420,11,3,4,277,15,11
1698957480,11,3,4,278,15,11
1698957540,11,3,4,279,15,11
1698957660,11,3,4,281,15,11
1698957720,11,3,4,282,15,11
1698957780,11,3,4,283,15,11
1698957840,11,3,4,284,15,11
1698957900,11,3,4,285,15,11
1698957960,11,3,4,286,15,11
1698958020,11,3,4,287,15,10
1698958080,11,3,4,288,15,10
1698958140,11,3,4,289,15,10
1698958260,11,3,4,291,15,10
1698958320,11,3,4,292,15,10
1698958380,11,3,4,293,15,10
1698958440,11,3,4,294,15,10
1698958500,11,3,4,295,15,10
1698958560,11,3,4,296,15,10
1698958620,11,3,4,297,15,10
1698958680,11,3,4,298,15,10
1698958740,11,3,4,299,15,10
1698958860,11,3,4,301,15,10
1698958920,11,3,4,302,15,10
1698958980,11,3,4,303,15,10
1698959040,11,3,4,304,15,10
1698959100,11,3,4,305,15,10
1698959160,11,3,4,306,15,10
1698959220,11,3,4,307,15,10
1698959280,11,3,4,308,15,10
1698959340,11,3,4,309,15,10
1698959460,11,3,4,311,15,10
1698959520,11,3,4,312,15,10
1698959580,11,3,4,313,15,10
1698959640,11,3,4,314,15,10
1698959700,11,3,4,315,15,10
1698959760,11,3,4,316,15,10
1698959820,11,3,4,317,15,10
1698959880,11,3,4,318,15,10
1698959940,11,3,4,319,15,10
1698960060,11,3,4,321,15,10
1698960120,11,3,4,322,15,10
1698960180,11,3,4,323,15,10
1698960240,11,3,4,324,15,10
1698960300,11,3,4,325,15,9
1698960360,11,3,4,326,15,9
1698960420,11,3,4,327,15,9
1698960480,11,3,4,328,15,9
1698960540,11,3,4,329,15,9
1698960660,11,3,4,331,15,9
1698960720,11,3,4,332,15,9
1698960780,11,3,4,333,15,9
1698960840,11,3,4,334,15,8
1698960900,11,3,4,335,15,8
1698960960,11,3,4,336,15,8
1698961020,11,3,4,337,15,8
1698961080,11,3,4,338,15,8
1698961140,11,3,4,339,15,8
1698961260,11,3,4,341,15,8
1698961320,11,3,4,342,15,8
1698961380,11,3,4,343,15,8
1698961440,11,3,4,344,15,8
1698961500,11,3,4,345,15,8
1698961560,11,3,4,346,15,8
1698961620,11,3,4,347,15,8
1698961680,11,3,4,348,15,8
1698961740,11,3,4,349,15,8
1698961860,11,3,4,351,15,9
1698961920,11,3,4,352,15,9
1698961980,11,3,4,353,15,9
1698962040,11,3,4,354,15,9
1698962100,11,3,4,355,15,9
1698962160,11,3,4,356,15,9
1698962220,11,3,4,357,15,9
1698962280,11,3,4,358,15,9
1698962340,11,3,4,359,15,9
1698962460,11,3,4,361,15,9
1698962520,11,3,4,362,15,9
1698962580,11,3,4,363,15,9
1698962640,11,3,4,364,15,9
1698962700,11,3,4,365,15,9
1698962760,11,3,4,366,15,9
1698962820,11,3,4,367,15,9
1698962880,11,3,4,368,15,9
1698962940,11,3,4,369,15,9
1698963000,11,3,4,370,15,10
1698963060,11,3,4,371,15,10
1698963120,11,3,4,372,15,10
1698963180,11,3,4,373,15,10
1698963240,11,3,4,374,15,10
1698963300,11,3,4,375,15,10
1698963360,11,3,4,376,15,10
1698963420,11,3,4,377,15,10
1698963480,11,3,4,378,15,10
1698963540,11,3,4,379,15,10
1698963660,11,3,4,381,15,11
1698963720,11,3,4,382,15,11
1698963780,11,3,4,383,15,11
1698963840,11,3,4,384,15,11
1698963900,11,3,4,385,15,11
1698963960,11,3,4,386,15,11
1698964020,11,3,4,387,15,11
1698964080,11,3,4,388,15,11
1698964140,11,3,4,389,15,11
1698964200,11,3,4,390,15,11
1698964260,11,3,4,391,15,11
1698964320,11,3,4,392,15,11
1698964380,11,3,4,393,15,11
1698964440,11,3,4,394,15,11
1698964500,11,3,4,395,15,11
1698964560,11,3,4,396,15,11
1698964620,11,3,4,397,15,11
1698964680,11,3,4,398,15,11
1698964740,11,3,4,399,15,11
1698964800,11,3,4,400,15,11
1698964860,11,3,4,401,15,11
1698964920,11,3,4,402,15,11
1698964980,11,3,4,403,15,11
1698965040,11,3,4,404,15,10
1698965100,11,3,4,405,15,10
1698965160,11,3,4,406,15,10
1698965220,11,3,4,407,15,10
1698965280,11,3,4,408,15,9
1698965340,11,3,4,409,15,9
1698965400,11,3,4,410,15,9
1698965460,11,3,4,411,15,9
1698965520,11,3,4,412,15,8
1698965580,11,3,4,413,15,8
1698965640,11,3,4,414,15,8
1698965700,11,3,4,415,15,8
1698965760,11,3,4,416,15,8
1698965820,11,3,4,417,15,8
1698965880,11,3,4,418,15,8
1698965940,11,3,4,419,15,9
1698966060,11,3,4,421,15,9
1698966120,11,3,4,422,15,9
1698966180,11,3,4,423,15,9
1698966240,11,3,4,424,15,9
1698966300,11,3,4,425,15,9
1698966360,11,3,4,426,15,9
1698966420,11,3,4,427,15,9
1698966480,11,3,4,428,15,9
1698966540,11,3,4,429,15,9
1698966600,11,3,4,430,15,9
1698966660,11,3,4,431,15,9
1698966720,11,3,4,432,15,9
1698966780,11,3,4,433,15,9
1698966840,11,3,4,434,15,9
1698966900,11,3,4,435,15,9
1698966960,11,3,4,436,15,9
1698967020,11,3,4,437,15,9
1698967080,11,3,4,438,15,9
1698967140,11,3,4,439,15,9
1698967260,11,3,4,441,15,9
1698967320,11,3,4,442,15,8
1698967380,11,3,4,443,15,8
1698967440,11,3,4,444,15,7
1698967500,11,3,4,445,15,8
1698967560,11,3,4,446,15,7
1698967620,11,3,4,447,15,6
1698967680,11,3,4,448,15,5
1698967740,11,3,4,449,15,5
1698967860,11,3,4,451,15,5
1698967920,11,3,4,452,15,3
1698967980,11,3,4,453,15,3
1698968040,11,3,4,454,15,3
1698968100,11,3,4,455,15,3
1698968160,11,3,4,456,15,3
1698968220,11,3,4,457,15,3
1698968280,11,3,4,458,15,3
1698968340,11,3,4,459,15,4
1698968400,11,3,4,460,15,4
1698968460,11,3,4,461,15,4
1698968520,11,3,4,462,15,4
1698968580,11,3,4,463,15,4
1698968640,11,3,4,464,15,3
1698968700,11,3,4,465,15,1
1698968760,11,3,4,466,15,1
1698968820,11,3,4,467,15,1
1698968880,11,3,4,468,15,1
1698968940,11,3,4,469,15,2
1698969000,11,3,4,470,15,2
1698969060,11,3,4,471,15,2
1698969120,11,3,4,472,15,3
1698969180,11,3,4,473,15,3
1698969240,11,3,4,474,15,3
1698969300,11,3,4,475,15,3
1698969360,11,3,4,476,15,3
1698969420,11,3,4,477,15,3
1698969480,11,3,4,478,15,3
1698969540,11,3,4,479,15,2
1698969660,11,3,4,481,15,1
1698969720,11,3,4,482,15,2
1698969780,11,3,4,483,15,2
1698969840,11,3,4,484,15,2
1698969900,11,3,4,485,15,1
1698969960,11,3,4,486,15,1
1698970020,11,3,4,487,15,1
1698970080,11,3,4,488,15,1
1698970140,11,3,4,489,15,2
1698970200,11,3,4,490,15,2
1698970260,11,3,4,491,15,1
1698970320,11,3,4,492,15,1
1698970380,11,3,4,493,15,4
1698970440,11,3,4,494,15,4
1698970500,11,3,4,495,15,3
1698970560,11,3,4,496,15,3
1698970620,11,3,4,497,15,1
1698970680,11,3,4,498,15,1
1698970740,11,3,4,499,15,1
1698970860,11,3,4,501,15,1
1698970920,11,3,4,502,15,1
1698970980,11,3,4,503,15,1
1698971040,11,3,4,504,15,1
1698971100,11,3,4,505,15,1
1698971160,11,3,4,506,15,1
1698971220,11,3,4,507,15,1
1698971280,11,3,4,508,15,1
1698971340,11,3,4,509,15,1
1698971460,11,3,4,511,15,1
1698971520,11,3,4,512,15,1
1698971580,11,3,4,513,15,1
1698971640,11,3,4,514,15,1
1698971700,11,3,4,515,15,2
1698971760,11,3,4,516,15,2
1698971820,11,3,4,517,15,2
1698971880,11,3,4,518,15,0
1698971940,11,3,4,519,15,0
1698972000,11,3,4,520,15,0
1698972060,11,3,4,521,15,0
1698972120,11,3,4,522,15,0
1698972180,11,3,4,523,15,0
1698972240,11,3,4,524,15,0
1698972300,11,3,4,525,15,2
1698972360,11,3,4,526,15,2
1698972420,11,3,4,527,15,1
1698972480,11,3,4,528,15,1
1698972540,11,3,4,529,15,0
1698972600,11,3,4,530,15,0
1698972660,11,3,4,531,15,0
1698972720,11,3,4,532,15,0
1698972780,11,3,4,533,15,0
1698972840,11,3,4,534,15,0
1698972900,11,3,4,535,15,0
1698972960,11,3,4,536,15,2
1698973020,11,3,4,537,15,2
1698973080,11,3,4,538,15,2
1698973140,11,3,4,539,15,2
1698973260,11,3,4,541,15,1
1698973320,11,3,4,542,15,1
1698973380,11,3,4,543,15,0
1698973440,11,3,4,544,15,0
1698973500,11,3,4,545,15,1
1698973560,11,3,4,546,15,1
1698973620,11,3,4,547,15,0
1698973680,11,3,4,548,15,0
1698973740,11,3,4,549,15,0
1698973800,11,3,4,550,15,0
1698973860,11,3,4,551,15,0
1698973920,11,3,4,552,15,0
1698973980,11,3,4,553,15,0
1698974040,11,3,4,554,15,0
1698974100,11,3,4,555,15,0
1698974160,11,3,4,556,15,0
1698974220,11,3,4,557,15,1
1698974280,11,3,4,558,15,0
1698974340,11,3,4,559,15,0
1698974460,11,3,4,561,15,0
1698974520,11,3,4,562,15,1
1698974580,11,3,4,563,15,0
1698974640,11,3,4,564,15,0
1698974700,11,3,4,565,15,2
1698974760,11,3,4,566,15,2
1698974820,11,3,4,567,15,1
1698974880,11,3,4,568,15,0
1698974940,11,3,4,569,15,0
1698975060,11,3,4,571,15,0
1698975120,11,3,4,572,15,0
1698975180,11,3,4,573,15,0
1698975240,11,3,4,574,15,0
1698975300,11,3,4,575,15,0
1698975360,11,3,4,576,15,0
1698975420,11,3,4,577,15,0
1698975480,11,3,4,578,15,0
1698975540,11,3,4,579,15,0
1698975600,11,3,4,580,15,0
1698975660,11,3,4,581,15,0
1698975720,11,3,4,582,15,0
1698975780,11,3,4,583,15,0
1698975840,11,3,4,584,15,0
1698975900,11,3,4,585,15,1
1698975960,11,3,4,586,15,1
1698976020,11,3,4,587,15,0
1698976080,11,3,4,588,15,0
1698976140,11,3,4,589,15,0
1698976200,11,3,4,590,15,0
1698976260,11,3,4,591,15,0
1698976320,11,3,4,592,15,2
1698976380,11,3,4,593,15,1
1698976440,11,3,4,594,15,0
1698976500,11,3,4,595,15,0
1698976560,11,3,4,596,15,0
1698976620,11,3,4,597,15,0
1698976680,11,3,4,598,15,0
1698976740,11,3,4,599,15,0
1698976860,11,3,4,601,15,0
1698976920,11,3,4,602,15,0
1698976980,11,3,4,603,15,0
1698977040,11,3,4,604,15,0
1698977100,11,3,4,605,15,0
1698977160,11,3,4,606,15,0
1698977220,11,3,4,607,15,0
1698977280,11,3,4,608,15,0
1698977340,11,3,4,609,15,0
1698977400,11,3,4,610,15,0
1698977460,11,3,4,611,15,0
1698977520,11,3,4,612,15,0
1698977580,11,3,4,613,15,0
1698977640,11,3,4,614,15,0
1698977700,11,3,4,615,15,0
1698977760,11,3,4,616,15,0
1698977820,11,3,4,617,15,0
1698977880,11,3,4,618,15,0
1698977940,11,3,4,619,15,0
1698978060,11,3,4,621,15,0
1698978120,11,3,4,622,15,0
1698978180,11,3,4,623,15,0
1698978240,11,3,4,624,15,0
1698978300,11,3,4,625,15,0
1698978360,11,3,4,626,15,0
1698978420,11,3,4,627,15,0
1698978480,11,3,4,628,15,0
1698978540,11,3,4,629,15,0
1698978660,11,3,4,631,15,0
1698978720,11,3,4,632,15,0
1698978780,11,3,4,633,15,0
1698978840,11,3,4,634,15,0
1698978900,11,3,4,635,15,1
1698978960,11,3,4,636,15,1
1698979020,11,3,4,637,15,1
1698979080,11,3,4,638,15,1
1698979140,11,3,4,639,15,1
1698979200,11,3,4,640,15,1
1698979260,11,3,4,641,15,1
1698979320,11,3,4,642,15,1
1698979440,11,3,4,644,15,0
1698979560,11,3,4,646,15,0
1698979620,11,3,4,647,15,0
1698979680,11,3,4,648,15,0
1698979740,11,3,4,649,15,0
1698979800,11,3,4,650,15,0
1698979860,11,3,4,651,15,0
1698979920,11,3,4,652,15,0
1698979980,11,3,4,653,15,0
1698980040,11,3,4,654,15,0
1698980100,11,3,4,655,15,0
1698980160,11,3,4,656,15,0
1698980220,11,3,4,657,15,0
1698980280,11,3,4,658,15,0
1698980340,11,3,4,659,15,0
1698980460,11,3,4,661,15,0
1698980520,11,3,4,662,15,0
1698980580,11,3,4,663,15,0
1698980640,11,3,4,664,15,0
1698980700,11,3,4,665,15,0
1698980760,11,3,4,666,15,0
1698980820,11,3,4,667,15,0
1698980880,11,3,4,668,15,0
1698980940,11,3,4,669,15,0
1698981000,11,3,4,670,15,0
1698981060,11,3,4,671,15,0
1698981120,11,3,4,672,15,1
1698981180,11,3,4,673,15,1
1698981240,11,3,4,674,15,1
1698981300,11,3,4,675,15,2
1698981360,11,3,4,676,15,1
1698981420,11,3,4,677,15,1
1698981480,11,3,4,678,15,0
1698981540,11,3,4,679,15,0
1698981660,11,3,4,681,15,0
1698981720,11,3,4,682,15,1
1698981780,11,3,4,683,15,1
1698981840,11,3,4,684,15,1
1698981900,11,3,4,685,15,1
1698981960,11,3,4,686,15,0
1698982020,11,3,4,687,15,0
1698982080,11,3,4,688,15,0
1698982140,11,3,4,689,15,1
1698982200,11,3,4,690,15,1
1698982260,11,3,4,691,15,0
1698982320,11,3,4,692,15,0
1698982380,11,3,4,693,15,0
1698982440,11,3,4,694,15,0
1698982500,11,3,4,695,15,1
1698982560,11,3,4,696,15,0
1698982620,11,3,4,697,15,0
1698982680,11,3,4,698,15,0
1698982740,11,3,4,699,15,0
1698982800,11,3,4,700,15,0
1698982860,11,3,4,701,15,0
1698982920,11,3,4,702,15,1
1698982980,11,3,4,703,15,1
1698983040,11,3,4,704,15,0
1698983100,11,3,4,705,15,0
1698983160,11,3,4,706,15,0
1698983220,11,3,4,707,15,0
1698983280,11,3,4,708,15,0
1698983340,11,3,4,709,15,1
1698983400,11,3,4,710,15,1
1698983460,11,3,4,711,15,1
1698983520,11,3,4,712,15,1
1698983580,11,3,4,713,15,1
1698983640,11,3,4,714,15,1
1698983700,11,3,4,715,15,1
1698983760,11,3,4,716,15,2
1698983820,11,3,4,717,15,1
1698983880,11,3,4,718,15,1
1698983940,11,3,4,719,15,1
1698984060,11,3,4,721,15,1
1698984120,11,3,4,722,15,1
1698984180,11,3,4,723,15,1
1698984240,11,3,4,724,15,0
1698984300,11,3,4,725,15,1
1698984360,11,3,4,726,15,1
1698984420,11,3,4,727,15,1
1698984480,11,3,4,728,15,1
1698984540,11,3,4,729,15,0
1698984600,11,3,4,730,15,0
1698984660,11,3,4,731,15,0
1698984720,11,3,4,732,15,1
1698984780,11,3,4,733,15,1
1698984840,11,3,4,734,15,1
1698984900,11,3,4,735,15,1
1698984960,11,3,4,736,15,2
1698985020,11,3,4,737,15,0
1698985080,11,3,4,738,15,0
1698985140,11,3,4,739,15,1
1698985260,11,3,4,741,15,0
1698985320,11,3,4,742,15,0
1698985380,11,3,4,743,15,0
1698985440,11,3,4,744,15,0
1698985500,11,3,4,745,15,1
1698985560,11,3,4,746,15,1
1698985620,11,3,4,747,15,2
1698985680,11,3,4,748,15,2
1698985740,11,3,4,749,15,3
1698985860,11,3,4,751,15,3
1698985920,11,3,4,752,15,3
1698985980,11,3,4,753,15,3
1698986040,11,3,4,754,15,3
1698986100,11,3,4,755,15,3
1698986160,11,3,4,756,15,3
1698986220,11,3,4,757,15,3
1698986280,11,3,4,758,15,2
1698986340,11,3,4,759,15,2
1698986400,11,3,4,760,15,1
1698986460,11,3,4,761,15,1
1698986520,11,3,4,762,15,2
1698986580,11,3,4,763,15,2
1698986640,11,3,4,764,15,2
1698986700,11,3,4,765,15,1
1698986760,11,3,4,766,15,1
1698986820,11,3,4,767,15,0
1698986880,11,3,4,768,15,0
1698986940,11,3,4,769,15,0
1698987000,11,3,4,770,15,0
1698987060,11,3,4,771,15,0
1698987120,11,3,4,772,15,0
1698987180,11,3,4,773,15,0
1698987240,11,3,4,774,15,0
1698987300,11,3,4,775,15,0
1698987360,11,3,4,776,15,0
1698987420,11,3,4,777,15,0
1698987480,11,3,4,778,15,0
1698987540,11,3,4,779,15,0
1698987660,11,3,4,781,15,0
1698987720,11,3,4,782,15,1
1698987780,11,3,4,783,15,0
1698987840,11,3,4,784,15,0
1698987900,11,3,4,785,15,0
1698987960,11,3,4,786,15,0
1698988020,11,3,4,787,15,0
1698988080,11,3,4,788,15,1
1698988140,11,3,4,789,15,1
1698988200,11,3,4,790,15,2
1698988260,11,3,4,791,15,2
1698988320,11,3,4,792,15,1
1698988380,11,3,4,793,15,1
1698988440,11,3,4,794,15,1
1698988500,11,3,4,795,15,1
1698988560,11,3,4,796,15,1
1698988620,11,3,4,797,15,1
1698988680,11,3,4,798,15,0
1698988740,11,3,4,799,15,0
1698988860,11,3,4,801,15,0
1698988920,11,3,4,802,15,0
1698988980,11,3,4,803,15,0
1698989040,11,3,4,804,15,0
1698989100,11,3,4,805,15,0
1698989160,11,3,4,806,15,0
1698989220,11,3,4,807,15,0
1698989280,11,3,4,808,15,0
1698989340,11,3,4,809,15,0
1698989460,11,3,4,811,15,0
1698989520,11,3,4,812,15,0
1698989580,11,3,4,813,15,0
1698989640,11,3,4,814,15,0
1698989700,11,3,4,815,15,0
1698989760,11,3,4,816,15,0
1698989820,11,3,4,817,15,0
1698989880,11,3,4,818,15,1
1698989940,11,3,4,819,15,1
1698990000,11,3,4,820,15,1
1698990060,11,3,4,821,15,0
1698990120,11,3,4,822,15,0
1698990180,11,3,4,823,15,0
1698990240,11,3,4,824,15,0
1698990300,11,3,4,825,15,0
1698990360,11,3,4,826,15,3
1698990420,11,3,4,827,15,3
1698990480,11,3,4,828,15,3
1698990540,11,3,4,829,15,3
1698990600,11,3,4,830,15,1
1698990660,11,3,4,831,15,2
1698990720,11,3,4,832,15,1
1698990780,11,3,4,833,15,0
1698990840,11,3,4,834,15,1
1698990900,11,3,4,835,15,1
1698990960,11,3,4,836,15,1
1698991020,11,3,4,837,15,1
1698991080,11,3,4,838,15,1
1698991140,11,3,4,839,15,0
1698991260,11,3,4,841,15,0
1698991320,11,3,4,842,15,1
1698991380,11,3,4,843,15,1
1698991440,11,3,4,844,15,1
1698991500,11,3,4,845,15,1
1698991560,11,3,4,846,15,1
1698991620,11,3,4,847,15,0
1698991680,11,3,4,848,15,0
1698991740,11,3,4,849,15,0
1698991800,11,3,4,850,15,0
1698991860,11,3,4,851,15,0
1698991920,11,3,4,852,15,0
1698991980,11,3,4,853,15,0
1698992040,11,3,4,854,15,1
1698992100,11,3,4,855,15,1
1698992160,11,3,4,856,15,1
1698992220,11,3,4,857,15,1
1698992280,11,3,4,858,15,2
1698992340,11,3,4,859,15,1
1698992460,11,3,4,861,15,0
1698992520,11,3,4,862,15,0
1698992580,11,3,4,863,15,0
1698992640,11,3,4,864,15,0
1698992700,11,3,4,865,15,0
1698992760,11,3,4,866,15,2
1698992820,11,3,4,867,15,2
1698992880,11,3,4,868,15,2
1698992940,11,3,4,869,15,2
1698993060,11,3,4,871,15,2
1698993120,11,3,4,872,15,2
1698993180,11,3,4,873,15,2
1698993240,11,3,4,874,15,2
1698993300,11,3,4,875,15,1
1698993360,11,3,4,876,15,0
1698993420,11,3,4,877,15,0
1698993480,11,3,4,878,15,0
1698993540,11,3,4,879,15,0
1698993600,11,3,4,880,15,0
1698993660,11,3,4,881,15,0
1698993720,11,3,4,882,15,0
1698993780,11,3,4,883,15,0
1698993840,11,3,4,884,15,0
1698993900,11,3,4,885,15,0
1698993960,11,3,4,886,15,0
1698994020,11,3,4,887,15,0
1698994080,11,3,4,888,15,0
1698994140,11,3,4,889,15,0
1698994200,11,3,4,890,15,0
1698994260,11,3,4,891,15,0
1698994320,11,3,4,892,15,0
1698994380,11,3,4,893,15,0
1698994440,11,3,4,894,15,0
1698994500,11,3,4,895,15,0
1698994560,11,3,4,896,15,0
1698994620,11,3,4,897,15,0
1698994680,11,3,4,898,15,2
1698994740,11,3,4,899,15,2
1698994860,11,3,4,901,15,1
1698994920,11,3,4,902,15,1
1698994980,11,3,4,903,15,1
1698995040,11,3,4,904,15,1
1698995100,11,3,4,905,15,1
1698995160,11,3,4,906,15,2
1698995220,11,3,4,907,15,2
1698995280,11,3,4,908,15,2
1698995340,11,3,4,909,15,2
1698995400,11,3,4,910,15,1
1698995460,11,3,4,911,15,0
1698995520,11,3,4,912,15,0
1698995580,11,3,4,913,15,0
1698995640,11,3,4,914,15,0
1698995760,11,3,4,916,15,0
1698995820,11,3,4,917,15,1
1698995880,11,3,4,918,15,1
1698995940,11,3,4,919,15,1
1698996060,11,3,4,921,15,1
1698996120,11,3,4,922,15,2
1698996180,11,3,4,923,15,2
1698996240,11,3,4,924,15,1
1698996300,11,3,4,925,15,1
1698996360,11,3,4,926,15,1
1698996420,11,3,4,927,15,2
1698996480,11,3,4,928,15,2
1698996540,11,3,4,929,15,2
1698996660,11,3,4,931,15,2
1698996720,11,3,4,932,15,2
1698996780,11,3,4,933,15,1
1698996840,11,3,4,934,15,2
1698996900,11,3,4,935,15,1
1698996960,11,3,4,936,15,1
1698997020,11,3,4,937,15,1
1698997080,11,3,4,938,15,1
1698997140,11,3,4,939,15,1
1698997200,11,3,4,940,15,1
1698997260,11,3,4,941,15,1
1698997320,11,3,4,942,15,2
1698997380,11,3,4,943,15,2
1698997440,11,3,4,944,15,2
1698997500,11,3,4,945,15,2
1698997560,11,3,4,946,15,2
1698997620,11,3,4,947,15,2
1698997680,11,3,4,948,15,1
1698997740,11,3,4,949,15,1
1698997800,11,3,4,950,15,1
1698997860,11,3,4,951,15,0
1698997920,11,3,4,952,15,0
1698997980,11,3,4,953,15,0
1698998040,11,3,4,954,15,2
1698998100,11,3,4,955,15,2
1698998160,11,3,4,956,15,2
1698998220,11,3,4,957,15,1
1698998280,11,3,4,958,15,1
1698998340,11,3,4,959,15,1
1698998460,11,3,4,961,15,1
1698998520,11,3,4,962,15,1
1698998580,11,3,4,963,15,1
1698998640,11,3,4,964,15,0
1698998700,11,3,4,965,15,0
1698998760,11,3,4,966,15,1
1698998820,11,3,4,967,15,1
1698998880,11,3,4,968,15,1
1698998940,11,3,4,969,15,1
1698999000,11,3,4,970,15,1
1698999060,11,3,4,971,15,1
1698999120,11,3,4,972,15,0
1698999180,11,3,4,973,15,0
1698999240,11,3,4,974,15,0
1698999300,11,3,4,975,15,0
1698999360,11,3,4,976,15,0
1698999420,11,3,4,977,15,1
1698999480,11,3,4,978,15,0
1698999540,11,3,4,979,15,0
1698999660,11,3,4,981,15,0
1698999720,11,3,4,982,15,0
1698999780,11,3,4,983,15,0
1698999840,11,3,4,984,15,0
1698999900,11,3,4,985,15,0
1698999960,11,3,4,986,15,0
1699000020,11,3,4,987,15,0
1699000080,11,3,4,988,15,0
1699000140,11,3,4,989,15,0
1699000260,11,3,4,991,15,1
1699000320,11,3,4,992,15,0
1699000380,11,3,4,993,15,0
1699000440,11,3,4,994,15,0
1699000500,11,3,4,995,15,0
1699000560,11,3,4,996,15,0
1699000620,11,3,4,997,15,0
1699000680,11,3,4,998,15,1
1699000740,11,3,4,999,15,0
1699000800,11,3,4,1000,15,0
1699000860,11,3,4,1001,15,0
1699000920,11,3,4,1002,15,2
1699000980,11,3,4,1003,15,2
1699001040,11,3,4,1004,15,2
1699001100,11,3,4,1005,15,3
1699001160,11,3,4,1006,15,2
1699001220,11,3,4,1007,15,2
1699001280,11,3,4,1008,15,1
1699001340,11,3,4,1009,15,1
1699001400,11,3,4,1010,15,1
1699001460,11,3,4,1011,15,0
1699001520,11,3,4,1012,15,0
1699001580,11,3,4,1013,15,0
1699001640,11,3,4,1014,15,0
1699001700,11,3,4,1015,15,0
1699001760,11,3,4,1016,15,0
1699001820,11,3,4,1017,15,0
1699001880,11,3,4,1018,15,0
1699001940,11,3,4,1019,15,0
1699002060,11,3,4,1021,15,0
1699002120,11,3,4,1022,15,0
1699002180,11,3,4,1023,15,0
1699002240,11,3,4,1024,15,0
1699002300,11,3,4,1025,15,1
1699002360,11,3,4,1026,15,0
1699002420,11,3,4,1027,15,1
1699002480,11,3,4,1028,15,0
1699002540,11,3,4,1029,15,0
1699002600,11,3,4,1030,15,0
1699002660,11,3,4,1031,15,0
1699002720,11,3,4,1032,15,0
1699002780,11,3,4,1033,15,0
1699002840,11,3,4,1034,15,0
1699002900,11,3,4,1035,15,1
1699002960,11,3,4,1036,15,1
1699003020,11,3,4,1037,15,0
1699003080,11,3,4,1038,15,0
1699003140,11,3,4,1039,15,0
1699003260,11,3,4,1041,15,0
1699003320,11,3,4,1042,15,0
1699003380,11,3,4,1043,15,0
1699003440,11,3,4,1044,15,0
1699003500,11,3,4,1045,15,1
1699003560,11,3,4,1046,15,1
1699003620,11,3,4,1047,15,1
1699003680,11,3,4,1048,15,0
1699003740,11,3,4,1049,15,0
1699003860,11,3,4,1051,15,0
1699003980,11,3,4,1053,15,1
1699004040,11,3,4,1054,15,0
1699004100,11,3,4,1055,15,0
1699004160,11,3,4,1056,15,0
1699004220,11,3,4,1057,15,0
1699004280,11,3,4,1058,15,0
1699004340,11,3,4,1059,15,0
1699004400,11,3,4,1060,15,0
1699004460,11,3,4,1061,15,0
1699004520,11,3,4,1062,15,0
1699004580,11,3,4,1063,15,0
1699004640,11,3,4,1064,15,1
1699004700,11,3,4,1065,15,0
1699004760,11,3,4,1066,15,0
1699004820,11,3,4,1067,15,0
1699004880,11,3,4,1068,15,0
1699004940,11,3,4,1069,15,0
1699005000,11,3,4,1070,15,0
1699005060,11,3,4,1071,15,0
1699005120,11,3,4,1072,15,0
1699005180,11,3,4,1073,15,1
1699005240,11,3,4,1074,15,0
1699005300,11,3,4,1075,15,0
1699005360,11,3,4,1076,15,0
1699005420,11,3,4,1077,15,0
1699005480,11,3,4,1078,15,0
1699005540,11,3,4,1079,15,0
1699005660,11,3,4,1081,15,0
1699005720,11,3,4,1082,15,0
1699005780,11,3,4,1083,15,0
1699005840,11,3,4,1084,15,0
1699005900,11,3,4,1085,15,0
1699005960,11,3,4,1086,15,2
1699006020,11,3,4,1087,15,0
1699006080,11,3,4,1088,15,0
1699006140,11,3,4,1089,15,0
1699006200,11,3,4,1090,15,0
1699006260,11,3,4,1091,15,0
1699006320,11,3,4,1092,15,0
1699006380,11,3,4,1093,15,0
1699006440,11,3,4,1094,15,0
1699006500,11,3,4,1095,15,0
1699006560,11,3,4,1096,15,0
1699006620,11,3,4,1097,15,0
1699006680,11,3,4,1098,15,0
1699006740,11,3,4,1099,15,0
1699006860,11,3,4,1101,15,0
1699006920,11,3,4,1102,15,0
1699006980,11,3,4,1103,15,0
1699007040,11,3,4,1104,15,0
1699007100,11,3,4,1105,15,0
1699007160,11,3,4,1106,15,0
1699007220,11,3,4,1107,15,0
1699007280,11,3,4,1108,15,0
1699007340,11,3,4,1109,15,0
1699007460,11,3,4,1111,15,0
1699007520,11,3,4,1112,15,0
1699007580,11,3,4,1113,15,0
1699007640,11,3,4,1114,15,0
1699007700,11,3,4,1115,15,0
1699007760,11,3,4,1116,15,0
1699007820,11,3,4,1117,15,1
1699007880,11,3,4,1118,15,2
1699007940,11,3,4,1119,15,1
1699008000,11,3,4,1120,15,1
1699008060,11,3,4,1121,15,1
1699008120,11,3,4,1122,15,0
1699008180,11,3,4,1123,15,0
1699008240,11,3,4,1124,15,0
1699008300,11,3,4,1125,15,2
1699008360,11,3,4,1126,15,1
1699008420,11,3,4,1127,15,0
1699008480,11,3,4,1128,15,0
1699008540,11,3,4,1129,15,0
1699008600,11,3,4,1130,15,0
1699008660,11,3,4,1131,15,0
1699008720,11,3,4,1132,15,0
1699008780,11,3,4,1133,15,0
1699008840,11,3,4,1134,15,0
1699008900,11,3,4,1135,15,0
1699008960,11,3,4,1136,15,0
1699009020,11,3,4,1137,15,0
1699009080,11,3,4,1138,15,0
1699009140,11,3,4,1139,15,0
1699009260,11,3,4,1141,15,0
1699009320,11,3,4,1142,15,0
1699009380,11,3,4,1143,15,0
1699009440,11,3,4,1144,15,0
1699009500,11,3,4,1145,15,0
1699009560,11,3,4,1146,15,0
1699009620,11,3,4,1147,15,0
1699009680,11,3,4,1148,15,0
1699009740,11,3,4,1149,15,0
1699009800,11,3,4,1150,15,0
1699009860,11,3,4,1151,15,0
1699009920,11,3,4,1152,15,0
1699009980,11,3,4,1153,15,2
1699010040,11,3,4,1154,15,0
1699010100,11,3,4,1155,15,0
1699010160,11,3,4,1156,15,0
1699010220,11,3,4,1157,15,0
1699010280,11,3,4,1158,15,0
1699010340,11,3,4,1159,15,0
1699010460,11,3,4,1161,15,1
1699010520,11,3,4,1162,15,0
1699010580,11,3,4,1163,15,0
1699010640,11,3,4,1164,15,0
1699010700,11,3,4,1165,15,1
1699010760,11,3,4,1166,15,0
1699010820,11,3,4,1167,15,0
1699010880,11,3,4,1168,15,0
1699010940,11,3,4,1169,15,0
1699011060,11,3,4,1171,15,0
1699011120,11,3,4,1172,15,0
1699011180,11,3,4,1173,15,1
1699011240,11,3,4,1174,15,0
1699011300,11,3,4,1175,15,0
1699011360,11,3,4,1176,15,0
1699011420,11,3,4,1177,15,1
1699011480,11,3,4,1178,15,1
1699011540,11,3,4,1179,15,1
1699011600,11,3,4,1180,15,0
1699011660,11,3,4,1181,15,0
1699011720,11,3,4,1182,15,1
1699011780,11,3,4,1183,15,1
1699011840,11,3,4,1184,15,1
1699011900,11,3,4,1185,15,1
1699011960,11,3,4,1186,15,4
1699012020,11,3,4,1187,15,4
1699012080,11,3,4,1188,15,4
1699012140,11,3,4,1189,15,4
1699012200,11,3,4,1190,15,4
1699012260,11,3,4,1191,15,4
1699012320,11,3,4,1192,15,4
1699012380,11,3,4,1193,15,3
1699012440,11,3,4,1194,15,4
1699012500,11,3,4,1195,15,4
1699012620,11,3,4,1197,15,1
1699012680,11,3,4,1198,15,1
1699012740,11,3,4,1199,15,2
1699012860,11,3,4,1201,15,1
1699012920,11,3,4,1202,15,1
1699012980,11,3,4,1203,15,0
1699013040,11,3,4,1204,15,0
1699013100,11,3,4,1205,15,0
1699013160,11,3,4,1206,15,0
1699013220,11,3,4,1207,15,0
1699013280,11,3,4,1208,15,0
1699013340,11,3,4,1209,15,0
1699013400,11,3,4,1210,15,0
1699013460,11,3,4,1211,15,0
1699013520,11,3,4,1212,15,0
1699013580,11,3,4,1213,15,0
1699013640,11,3,4,1214,15,0
1699013700,11,3,4,1215,15,0
1699013760,11,3,4,1216,15,1
1699013820,11,3,4,1217,15,0
1699013880,11,3,4,1218,15,1
1699013940,11,3,4,1219,15,1
1699014060,11,3,4,1221,15,1
1699014120,11,3,4,1222,15,0
1699014180,11,3,4,1223,15,0
1699014240,11,3,4,1224,15,0
1699014300,11,3,4,1225,15,0
1699014360,11,3,4,1226,15,0
1699014420,11,3,4,1227,15,0
1699014480,11,3,4,1228,15,0
1699014540,11,3,4,1229,15,0
1699014660,11,3,4,1231,15,0
1699014720,11,3,4,1232,15,0
1699014780,11,3,4,1233,15,0
1699014840,11,3,4,1234,15,1
1699014900,11,3,4,1235,15,1
1699014960,11,3,4,1236,15,0
1699015020,11,3,4,1237,15,0
1699015080,11,3,4,1238,15,0
1699015140,11,3,4,1239,15,0
1699015200,11,3,4,1240,15,0
1699015260,11,3,4,1241,15,0
1699015320,11,3,4,1242,15,0
1699015380,11,3,4,1243,15,0
1699015440,11,3,4,1244,15,0
1699015500,11,3,4,1245,15,0
1699015560,11,3,4,1246,15,1
1699015620,11,3,4,1247,15,1
1699015680,11,3,4,1248,15,0
1699015740,11,3,4,1249,15,0
1699015800,11,3,4,1250,15,0
1699015860,11,3,4,1251,15,0
1699015920,11,3,4,1252,15,0
1699015980,11,3,4,1253,15,0
1699016040,11,3,4,1254,15,0
1699016100,11,3,4,1255,15,0
1699016160,11,3,4,1256,15,0
1699016220,11,3,4,1257,15,0
1699016280,11,3,4,1258,15,0
1699016340,11,3,4,1259,15,0
1699016460,11,3,4,1261,15,0
1699016520,11,3,4,1262,15,2
1699016580,11,3,4,1263,15,2
1699016640,11,3,4,1264,15,2
1699016700,11,3,4,1265,15,2
1699016760,11,3,4,1266,15,2
1699016820,11,3,4,1267,15,2
1699016880,11,3,4,1268,15,2
1699016940,11,3,4,1269,15,2
1699017000,11,3,4,1270,15,2
1699017060,11,3,4,1271,15,5
1699017120,11,3,4,1272,15,5
1699017180,11,3,4,1273,15,6
1699017240,11,3,4,1274,15,7
1699017300,11,3,4,1275,15,7
1699017360,11,3,4,1276,15,7
1699017420,11,3,4,1277,15,7
1699017480,11,3,4,1278,15,7
1699017540,11,3,4,1279,15,7
1699017660,11,3,4,1281,15,7
1699017720,11,3,4,1282,15,6
1699017780,11,3,4,1283,15,6
1699017840,11,3,4,1284,15,6
1699017900,11,3,4,1285,15,6
1699017960,11,3,4,1286,15,6
1699018020,11,3,4,1287,15,6
1699018080,11,3,4,1288,15,4
1699018140,11,3,4,1289,15,4
1699018260,11,3,4,1291,15,3
1699018320,11,3,4,1292,15,3
1699018380,11,3,4,1293,15,2
1699018440,11,3,4,1294,15,1
1699018500,11,3,4,1295,15,0
1699018560,11,3,4,1296,15,0
1699018620,11,3,4,1297,15,0
1699018680,11,3,4,1298,15,1
1699018740,11,3,4,1299,15,1
1699018800,11,3,4,1300,15,1
1699018860,11,3,4,1301,15,1
1699018920,11,3,4,1302,15,0
1699018980,11,3,4,1303,15,0
1699019040,11,3,4,1304,15,0
1699019100,11,3,4,1305,15,0
1699019160,11,3,4,1306,15,2
1699019220,11,3,4,1307,15,2
1699019280,11,3,4,1308,15,2
1699019340,11,3,4,1309,15,1
1699019400,11,3,4,1310,15,1
1699019460,11,3,4,1311,15,1
1699019520,11,3,4,1312,15,1
1699019580,11,3,4,1313,15,1
1699019640,11,3,4,1314,15,1
1699019700,11,3,4,1315,15,1
1699019760,11,3,4,1316,15,0
1699019820,11,3,4,1317,15,0
1699019880,11,3,4,1318,15,0
1699019940,11,3,4,1319,15,0
1699020060,11,3,4,1321,15,0
1699020120,11,3,4,1322,15,0
1699020180,11,3,4,1323,15,0
1699020240,11,3,4,1324,15,0
1699020300,11,3,4,1325,15,0
1699020360,11,3,4,1326,15,1
1699020420,11,3,4,1327,15,1
1699020480,11,3,4,1328,15,1
1699020540,11,3,4,1329,15,1
1699020600,11,3,4,1330,15,1
1699020660,11,3,4,1331,15,0
1699020720,11,3,4,1332,15,0
1699020780,11,3,4,1333,15,0
1699020840,11,3,4,1334,15,0
1699020900,11,3,4,1335,15,0
1699020960,11,3,4,1336,15,0
1699021020,11,3,4,1337,15,0
1699021080,11,3,4,1338,15,0
1699021140,11,3,4,1339,15,0
1699021260,11,3,4,1341,15,0
1699021320,11,3,4,1342,15,1
1699021380,11,3,4,1343,15,1
1699021440,11,3,4,1344,15,1
1699021500,11,3,4,1345,15,1
1699021560,11,3,4,1346,15,1
1699021620,11,3,4,1347,15,1
1699021680,11,3,4,1348,15,1
1699021740,11,3,4,1349,15,0
1699021800,11,3,4,1350,15,0
1699021920,11,3,4,1352,15,0
1699021980,11,3,4,1353,15,0
1699022040,11,3,4,1354,15,1
1699022100,11,3,4,1355,15,1
1699022160,11,3,4,1356,15,1
1699022220,11,3,4,1357,15,1
1699022280,11,3,4,1358,15,1
1699022340,11,3,4,1359,15,1
1699022400,11,3,4,1360,15,1
1699022460,11,3,4,1361,15,1
1699022520,11,3,4,1362,15,1
1699022580,11,3,4,1363,15,0
1699022640,11,3,4,1364,15,0
1699022700,11,3,4,1365,15,0
1699022760,11,3,4,1366,15,1
1699022820,11,3,4,1367,15,1
1699022880,11,3,4,1368,15,1
1699022940,11,3,4,1369,15,0
1699023000,11,3,4,1370,15,1
1699023060,11,3,4,1371,15,1
1699023180,11,3,4,1373,15,1
1699023240,11,3,4,1374,15,1
1699023300,11,3,4,1375,15,1
1699023360,11,3,4,1376,15,1
1699023420,11,3,4,1377,15,1
1699023480,11,3,4,1378,15,0
1699023540,11,3,4,1379,15,0
1699023660,11,3,4,1381,15,0
1699023720,11,3,4,1382,15,0
1699023780,11,3,4,1383,15,0
1699023840,11,3,4,1384,15,0
1699023900,11,3,4,1385,15,0
1699023960,11,3,4,1386,15,0
1699024020,11,3,4,1387,15,0
1699024080,11,3,4,1388,15,0
1699024140,11,3,4,1389,15,0
1699024260,11,3,4,1391,15,0
1699024320,11,3,4,1392,15,0
1699024440,11,3,4,1394,15,1
1699024500,11,3,4,1395,15,1
1699024560,11,3,4,1396,15,1
1699024620,11,3,4,1397,15,2
1699024680,11,3,4,1398,15,2
1699024740,11,3,4,1399,15,2
1699024860,11,3,4,1401,15,3
1699024920,11,3,4,1402,15,3
1699024980,11,3,4,1403,15,3
1699025040,11,3,4,1404,15,3
1699025100,11,3,4,1405,15,3
1699025160,11,3,4,1406,15,3
1699025220,11,3,4,1407,15,2
1699025280,11,3,4,1408,15,2
1699025340,11,3,4,1409,15,2
1699025460,11,3,4,1411,15,0
1699025520,11,3,4,1412,15,0
1699025580,11,3,4,1413,15,0
1699025640,11,3,4,1414,15,0
1699025700,11,3,4,1415,15,1
1699025760,11,3,4,1416,15,1
1699025820,11,3,4,1417,15,1
1699025880,11,3,4,1418,15,1
1699025940,11,3,4,1419,15,1
1699026060,11,3,4,1421,15,1
1699026120,11,3,4,1422,15,1
1699026180,11,3,4,1423,15,0
1699026240,11,3,4,1424,15,0
1699026300,11,3,4,1425,15,0
1699026360,11,3,4,1426,15,0
1699026420,11,3,4,1427,15,0
1699026480,11,3,4,1428,15,0
1699026540,11,3,4,1429,15,0
1699026660,11,3,4,1431,15,1
1699026720,11,3,4,1432,15,1
1699026780,11,3,4,1433,15,1
1699026840,11,3,4,1434,15,1
1699026900,11,3,4,1435,15,1
1699026960,11,3,4,1436,15,1
1699027020,11,3,4,1437,15,1
1699027080,11,3,4,1438,15,1
1699027140,11,3,4,1439,15,1
1699027260,11,4,5,1,15,2
1699027320,11,4,5,2,15,2
1699027380,11,4,5,3,15,2
1699027440,11,4,5,4,15,2
1699027500,11,4,5,5,15,2
1699027560,11,4,5,6,15,2
1699027620,11,4,5,7,15,2
1699027680,11,4,5,8,15,2
1699027740,11,4,5,9,15,2
1699027860,11,4,5,11,15,2
1699027920,11,4,5,12,15,2
1699027980,11,4,5,13,15,2
1699028040,11,4,5,14,15,2
1699028100,11,4,5,15,15,2
1699028160,11,4,5,16,15,2
1699028220,11,4,5,17,15,2
1699028280,11,4,5,18,15,2
1699028340,11,4,5,19,15,2
1699028460,11,4,5,21,15,3
1699028520,11,4,5,22,15,4
1699028580,11,4,5,23,15,4
1699028640,11,4,5,24,15,4
1699028700,11,4,5,25,15,5
1699028760,11,4,5,26,15,5
1699028820,11,4,5,27,15,7
1699028880,11,4,5,28,15,7
1699028940,11,4,5,29,15,8
1699029060,11,4,5,31,15,9
1699029120,11,4,5,32,15,9
1699029180,11,4,5,33,15,9
1699029300,11,4,5,35,15,9
1699029360,11,4,5,36,15,9
1699029420,11,4,5,37,15,9
1699029480,11,4,5,38,15,9
1699029540,11,4,5,39,15,9
1699029600,11,4,5,40,15,10
1699029660,11,4,5,41,15,10
1699029720,11,4,5,42,15,10
1699029780,11,4,5,43,15,10
1699029840,11,4,5,44,15,10
1699029900,11,4,5,45,15,10
1699029960,11,4,5,46,15,10
1699030020,11,4,5,47,15,10
1699030080,11,4,5,48,15,10
1699030140,11,4,5,49,15,10
1699030200,11,4,5,50,15,10
1699030260,11,4,5,51,15,11
1699030320,11,4,5,52,15,13
1699030380,11,4,5,53,15,13
1699030440,11,4,5,54,15,13
1699030500,11,4,5,55,15,13
1699030560,11,4,5,56,15,14
1699030620,11,4,5,57,15,14
1699030680,11,4,5,58,15,14
1699030740,11,4,5,59,15,14
1699030860,11,4,5,61,15,14
1699030920,11,4,5,62,15,14
1699030980,11,4,5,63,15,14
1699031040,11,4,5,64,15,14
1699031100,11,4,5,65,15,14
1699031160,11,4,5,66,15,14
1699031220,11,4,5,67,15,14
1699031280,11,4,5,68,15,14
1699031340,11,4,5,69,15,11
1699031400,11,4,5,70,15,12
1699031460,11,4,5,71,15,12
1699031520,11,4,5,72,15,12
1699031580,11,4,5,73,15,12
1699031640,11,4,5,74,15,12
1699031700,11,4,5,75,15,12
1699031760,11,4,5,76,15,12
1699031820,11,4,5,77,15,12
1699031880,11,4,5,78,15,12
1699031940,11,4,5,79,15,12
1699032060,11,4,5,81,15,12
1699032120,11,4,5,82,15,12
1699032180,11,4,5,83,15,12
1699032240,11,4,5,84,15,12
1699032300,11,4,5,85,15,12
1699032360,11,4,5,86,15,12
1699032420,11,4,5,87,15,12
1699032480,11,4,5,88,15,12
1699032540,11,4,5,89,15,12
1699032600,11,4,5,90,15,12
1699032660,11,4,5,91,15,12
1699032720,11,4,5,92,15,12
1699032780,11,4,5,93,15,12
1699032840,11,4,5,94,15,12
1699032900,11,4,5,95,15,12
1699032960,11,4,5,96,15,12
1699033020,11,4,5,97,15,12
1699033080,11,4,5,98,15,12
1699033140,11,4,5,99,15,12
1699033200,11,4,5,100,15,12
1699033260,11,4,5,101,15,12
1699033320,11,4,5,102,15,12
1699033380,11,4,5,103,15,12
1699033440,11,4,5,104,15,12
1699033500,11,4,5,105,15,12
1699033560,11,4,5,106,15,12
1699033620,11,4,5,107,15,12
1699033680,11,4,5,108,15,12
1699033740,11,4,5,109,15,12
1699033800,11,4,5,110,15,12
1699033860,11,4,5,111,15,12
1699033920,11,4,5,112,15,12
1699033980,11,4,5,113,15,12
1699034040,11,4,5,114,15,12
1699034100,11,4,5,115,15,12
1699034160,11,4,5,116,15,12
1699034220,11,4,5,117,15,12
1699034280,11,4,5,118,15,12
1699034340,11,4,5,119,15,12
1699034460,11,4,5,121,15,12
1699034520,11,4,5,122,15,12
1699034580,11,4,5,123,15,12
1699034640,11,4,5,124,15,13
1699034700,11,4,5,125,15,13
1699034760,11,4,5,126,15,13
1699034820,11,4,5,127,15,13
1699034880,11,4,5,128,15,13
1699034940,11,4,5,129,15,13
1699035000,11,4,5,130,15,13
1699035060,11,4,5,131,15,13
1699035120,11,4,5,132,15,13
1699035180,11,4,5,133,15,13
1699035240,11,4,5,134,15,13
1699035300,11,4,5,135,15,13
1699035360,11,4,5,136,15,13
1699035420,11,4,5,137,15,13
1699035480,11,4,5,138,15,13
1699035540,11,4,5,139,15,13
1699035660,11,4,5,141,15,11
1699035720,11,4,5,142,15,11
1699035780,11,4,5,143,15,11
1699035840,11,4,5,144,15,11
1699035900,11,4,5,145,15,11
1699035960,11,4,5,146,15,11
1699036020,11,4,5,147,15,11
1699036080,11,4,5,148,15,11
1699036140,11,4,5,149,15,11
1699036200,11,4,5,150,15,11
1699036260,11,4,5,151,15,11
1699036320,11,4,5,152,15,11
1699036380,11,4,5,153,15,11
1699036440,11,4,5,154,15,11
1699036500,11,4,5,155,15,11
1699036560,11,4,5,156,15,12
1699036620,11,4,5,157,15,12
1699036680,11,4,5,158,15,13
1699036740,11,4,5,159,15,13
1699036800,11,4,5,160,15,13
1699036860,11,4,5,161,15,13
1699036920,11,4,5,162,15,13
1699036980,11,4,5,163,15,13
1699037040,11,4,5,164,15,13
1699037100,11,4,5,165,15,13
1699037160,11,4,5,166,15,13
1699037220,11,4,5,167,15,13
1699037280,11,4,5,168,15,13
1699037340,11,4,5,169,15,13
1699037400,11,4,5,170,15,13
1699037460,11,4,5,171,15,13
1699037520,11,4,5,172,15,13
1699037580,11,4,5,173,15,13
1699037640,11,4,5,174,15,13
1699037700,11,4,5,175,15,13
1699037760,11,4,5,176,15,14
1699037820,11,4,5,177,15,14
1699037880,11,4,5,178,15,14
1699037940,11,4,5,179,15,14
1699038000,11,4,5,180,15,14
1699038060,11,4,5,181,15,14
1699038120,11,4,5,182,15,14
1699038180,11,4,5,183,15,14
1699038240,11,4,5,184,15,14
1699038300,11,4,5,185,15,14
1699038360,11,4,5,186,15,14
1699038420,11,4,5,187,15,14
1699038480,11,4,5,188,15,14
1699038540,11,4,5,189,15,14
1699038600,11,4,5,190,15,14
1699038660,11,4,5,191,15,14
1699038720,11,4,5,192,15,14
1699038780,11,4,5,193,15,14
1699038840,11,4,5,194,15,14
1699038960,11,4,5,196,15,14
1699039020,11,4,5,197,15,14
1699039080,11,4,5,198,15,14
1699039140,11,4,5,199,15,14
1699039260,11,4,5,201,15,14
1699039320,11,4,5,202,15,14
1699039380,11,4,5,203,15,14
1699039440,11,4,5,204,15,14
1699039500,11,4,5,205,15,14
1699039560,11,4,5,206,15,14
1699039620,11,4,5,207,15,14
1699039680,11,4,5,208,15,14
1699039740,11,4,5,209,15,14
1699039860,11,4,5,211,15,15
1699039920,11,4,5,212,15,15
1699040040,11,4,5,214,15,15
1699040100,11,4,5,215,15,15
1699040160,11,4,5,216,15,14
1699040280,11,4,5,218,15,14
1699040340,11,4,5,219,15,14
1699040460,11,4,5,221,15,14
1699040520,11,4,5,222,15,14
1699040580,11,4,5,223,15,15
1699040640,11,4,5,224,15,15
1699040700,11,4,5,225,15,15
1699040760,11,4,5,226,15,15
1699040820,11,4,5,227,15,15
1699040880,11,4,5,228,15,15
1699041000,11,4,5,230,15,15
1699041060,11,4,5,231,15,15
1699041120,11,4,5,232,15,15
1699041180,11,4,5,233,15,15
1699041240,11,4,5,234,15,15
1699041300,11,4,5,235,15,15
1699041360,11,4,5,236,15,15
1699041420,11,4,5,237,15,15
1699041480,11,4,5,238,15,15
1699041540,11,4,5,239,15,15
1699041660,11,4,5,241,15,15
1699041720,11,4,5,242,15,15
1699041780,11,4,5,243,15,15
1699041840,11,4,5,244,15,15
1699041900,11,4,5,245,15,14
1699041960,11,4,5,246,15,14
1699042020,11,4,5,247,15,14
1699042080,11,4,5,248,15,14
1699042140,11,4,5,249,15,14
1699042260,11,4,5,251,15,13
1699042320,11,4,5,252,15,13
1699042380,11,4,5,253,15,13
1699042440,11,4,5,254,15,13
1699042500,11,4,5,255,15,13
1699042560,11,4,5,256,15,13
1699042620,11,4,5,257,15,13
1699042680,11,4,5,258,15,13
1699042740,11,4,5,259,15,13
1699042860,11,4,5,261,15,13
1699042920,11,4,5,262,15,13
1699042980,11,4,5,263,15,13
1699043040,11,4,5,264,15,13
1699043100,11,4,5,265,15,13
1699043160,11,4,5,266,15,13
1699043220,11,4,5,267,15,13
1699043280,11,4,5,268,15,13
1699043340,11,4,5,269,15,13
1699043460,11,4,5,271,15,13
1699043520,11,4,5,272,15,13
1699043580,11,4,5,273,15,13
1699043640,11,4,5,274,15,13
1699043700,11,4,5,275,15,13
1699043760,11,4,5,276,15,13
1699043820,11,4,5,277,15,13
1699043880,11,4,5,278,15,13
1699043940,11,4,5,279,15,13
1699044060,11,4,5,281,15,13
1699044120,11,4,5,282,15,11
1699044180,11,4,5,283,15,11
1699044240,11,4,5,284,15,11
1699044300,11,4,5,285,15,11
1699044360,11,4,5,286,15,11
1699044420,11,4,5,287,15,11
1699044480,11,4,5,288,15,11
1699044540,11,4,5,289,15,11
1699044660,11,4,5,291,15,11
1699044720,11,4,5,292,15,11
1699044780,11,4,5,293,15,11
1699044840,11,4,5,294,15,11
1699044900,11,4,5,295,15,11
1699044960,11,4,5,296,15,11
1699045020,11,4,5,297,15,11
1699045140,11,4,5,299,15,11
1699045260,11,4,5,301,15,11
1699045320,11,4,5,302,15,11
1699045380,11,4,5,303,15,11
1699045440,11,4,5,304,15,11
1699045500,11,4,5,305,15,11
1699045560,11,4,5,306,15,11
1699045620,11,4,5,307,15,11
1699045680,11,4,5,308,15,11
1699045740,11,4,5,309,15,11
1699045800,11,4,5,310,15,11
1699045860,11,4,5,311,15,11
1699045920,11,4,5,312,15,11
1699045980,11,4,5,313,15,11
1699046040,11,4,5,314,15,11
1699046100,11,4,5,315,15,11
1699046160,11,4,5,316,15,11
1699046220,11,4,5,317,15,11
1699046280,11,4,5,318,15,11
1699046340,11,4,5,319,15,11
1699046460,11,4,5,321,15,11
1699046520,11,4,5,322,15,11
1699046580,11,4,5,323,15,11
1699046640,11,4,5,324,15,11
1699046700,11,4,5,325,15,11
1699046760,11,4,5,326,15,11
1699046820,11,4,5,327,15,11
1699046880,11,4,5,328,15,11
1699046940,11,4,5,329,15,11
1699047000,11,4,5,330,15,10
1699047060,11,4,5,331,15,10
1699047120,11,4,5,332,15,10
1699047180,11,4,5,333,15,11
1699047240,11,4,5,334,15,11
1699047300,11,4,5,335,15,11
1699047360,11,4,5,336,15,11
1699047420,11,4,5,337,15,11
1699047480,11,4,5,338,15,10
1699047540,11,4,5,339,15,10
1699047600,11,4,5,340,15,9
1699047660,11,4,5,341,15,10
1699047720,11,4,5,342,15,10
1699047780,11,4,5,343,15,10
1699047840,11,4,5,344,15,10
1699047900,11,4,5,345,15,10
1699047960,11,4,5,346,15,10
1699048020,11,4,5,347,15,10
1699048080,11,4,5,348,15,10
1699048140,11,4,5,349,15,10
1699048200,11,4,5,350,15,10
1699048260,11,4,5,351,15,10
1699048320,11,4,5,352,15,10
1699048380,11,4,5,353,15,10
1699048440,11,4,5,354,15,10
1699048500,11,4,5,355,15,10
1699048560,11,4,5,356,15,10
1699048620,11,4,5,357,15,10
1699048680,11,4,5,358,15,10
1699048740,11,4,5,359,15,10
1699048800,11,4,5,360,15,10
1699048860,11,4,5,361,15,10
1699048920,11,4,5,362,15,10
1699048980,11,4,5,363,15,10
1699049040,11,4,5,364,15,10
1699049100,11,4,5,365,15,10
1699049160,11,4,5,366,15,10
1699049220,11,4,5,367,15,10
1699049280,11,4,5,368,15,10
1699049340,11,4,5,369,15,10
1699049400,11,4,5,370,15,10
1699049460,11,4,5,371,15,10
1699049520,11,4,5,372,15,10
1699049580,11,4,5,373,15,10
1699049640,11,4,5,374,15,10
1699049700,11,4,5,375,15,10
1699049760,11,4,5,376,15,10
1699049820,11,4,5,377,15,10
1699049880,11,4,5,378,15,10
1699049940,11,4,5,379,15,10
1699050060,11,4,5,381,15,10
1699050120,11,4,5,382,15,10
1699050180,11,4,5,383,15,10
1699050240,11,4,5,384,15,10
1699050300,11,4,5,385,15,10
1699050360,11,4,5,386,15,10
1699050420,11,4,5,387,15,10
1699050480,11,4,5,388,15,10
1699050540,11,4,5,389,15,10
1699050600,11,4,5,390,15,10
1699050660,11,4,5,391,15,11
1699050720,11,4,5,392,15,11
1699050780,11,4,5,393,15,12
1699050840,11,4,5,394,15,12
1699050900,11,4,5,395,15,12
1699050960,11,4,5,396,15,12
1699051020,11,4,5,397,15,12
1699051080,11,4,5,398,15,12
1699051140,11,4,5,399,15,12
1699051200,11,4,5,400,15,12
1699051260,11,4,5,401,15,12
1699051320,11,4,5,402,15,12
1699051380,11,4,5,403,15,12
1699051440,11,4,5,404,15,12
1699051500,11,4,5,405,15,12
1699051560,11,4,5,406,15,12
1699051620,11,4,5,407,15,12
1699051680,11,4,5,408,15,12
1699051740,11,4,5,409,15,12
1699051800,11,4,5,410,15,12
1699051860,11,4,5,411,15,12
1699051920,11,4,5,412,15,12
1699051980,11,4,5,413,15,12
1699052040,11,4,5,414,15,12
1699052100,11,4,5,415,15,12
1699052160,11,4,5,416,15,12
1699052220,11,4,5,417,15,12
1699052280,11,4,5,418,15,12
1699052340,11,4,5,419,15,12
1699052460,11,4,5,421,15,12
1699052520,11,4,5,422,15,12
1699052580,11,4,5,423,15,12
1699052640,11,4,5,424,15,12
1699052700,11,4,5,425,15,12
1699052760,11,4,5,426,15,12
1699052820,11,4,5,427,15,12
1699052880,11,4,5,428,15,12
1699052940,11,4,5,429,15,12
1699053000,11,4,5,430,15,12
1699053060,11,4,5,431,15,12
1699053120,11,4,5,432,15,12
1699053180,11,4,5,433,15,12
1699053240,11,4,5,434,15,12
1699053300,11,4,5,435,15,13
1699053360,11,4,5,436,15,13
1699053420,11,4,5,437,15,13
1699053480,11,4,5,438,15,13
1699053540,11,4,5,439,15,13
1699053660,11,4,5,441,15,13
1699053720,11,4,5,442,15,13
1699053780,11,4,5,443,15,13
1699053840,11,4,5,444,15,13
1699053900,11,4,5,445,15,13
1699053960,11,4,5,446,15,13
1699054020,11,4,5,447,15,13
1699054080,11,4,5,448,15,13
1699054140,11,4,5,449,15,13
1699054200,11,4,5,450,15,13
1699054260,11,4,5,451,15,13
1699054320,11,4,5,452,15,12
1699054380,11,4,5,453,15,12
1699054440,11,4,5,454,15,12
1699054500,11,4,5,455,15,12
1699054560,11,4,5,456,15,12
1699054620,11,4,5,457,15,12
1699054680,11,4,5,458,15,12
1699054740,11,4,5,459,15,12
1699054800,11,4,5,460,15,12
1699054860,11,4,5,461,15,12
1699054920,11,4,5,462,15,12
1699055040,11,4,5,464,15,12
1699055100,11,4,5,465,15,12
1699055160,11,4,5,466,15,12
1699055220,11,4,5,467,15,12
1699055280,11,4,5,468,15,12
1699055340,11,4,5,469,15,12
1699055460,11,4,5,471,15,12
1699055520,11,4,5,472,15,12
1699055580,11,4,5,473,15,12
1699055700,11,4,5,475,15,12
1699055760,11,4,5,476,15,12
1699055820,11,4,5,477,15,12
1699055880,11,4,5,478,15,12
1699055940,11,4,5,479,15,12
1699056060,11,4,5,481,15,12
1699056120,11,4,5,482,15,12
1699056180,11,4,5,483,15,12
1699056240,11,4,5,484,15,12
1699056300,11,4,5,485,15,12
1699056360,11,4,5,486,15,12
1699056420,11,4,5,487,15,12
1699056480,11,4,5,488,15,12
1699056540,11,4,5,489,15,12
1699056660,11,4,5,491,15,12
1699056720,11,4,5,492,15,12
1699056780,11,4,5,493,15,12
1699056840,11,4,5,494,15,12
1699056900,11,4,5,495,15,12
1699057020,11,4,5,497,15,12
1699057080,11,4,5,498,15,12
1699057140,11,4,5,499,15,12
1699057260,11,4,5,501,15,12
1699057320,11,4,5,502,15,12
1699057380,11,4,5,503,15,12
1699057500,11,4,5,505,15,12
1699057560,11,4,5,506,15,11
1699057620,11,4,5,507,15,11
1699057680,11,4,5,508,15,10
1699057740,11,4,5,509,15,10
1699057860,11,4,5,511,15,10
1699057920,11,4,5,512,15,10
1699057980,11,4,5,513,15,10
1699058040,11,4,5,514,15,10
1699058160,11,4,5,516,15,9
1699058220,11,4,5,517,15,8
1699058280,11,4,5,518,15,9
1699058340,11,4,5,519,15,8
1699058460,11,4,5,521,15,7
1699058520,11,4,5,522,15,5
1699058580,11,4,5,523,15,5
1699058640,11,4,5,524,15,4
1699058760,11,4,5,526,15,4
1699058820,11,4,5,527,15,3
1699058880,11,4,5,528,15,1
1699058940,11,4,5,529,15,2
1699059060,11,4,5,531,15,2
1699059120,11,4,5,532,15,2
1699059180,11,4,5,533,15,0
1699059300,11,4,5,535,15,0
1699059360,11,4,5,536,15,0
1699059420,11,4,5,537,15,0
1699059480,11,4,5,538,15,0
1699059540,11,4,5,539,15,0
1699059660,11,4,5,541,15,0
1699059720,11,4,5,542,15,0
1699059780,11,4,5,543,15,0
1699059840,11,4,5,544,15,1
1699059900,11,4,5,545,15,0
1699059960,11,4,5,546,15,0
1699060020,11,4,5,547,15,0
1699060080,11,4,5,548,15,0
1699060140,11,4,5,549,15,0
1699060260,11,4,5,551,15,0
1699060380,11,4,5,553,15,0
1699060440,11,4,5,554,15,0
1699060500,11,4,5,555,15,0
1699060560,11,4,5,556,15,0
1699060620,11,4,5,557,15,0
1699060680,11,4,5,558,15,0
1699060740,11,4,5,559,15,0
1699060860,11,4,5,561,15,0
1699060920,11,4,5,562,15,0
1699060980,11,4,5,563,15,0
1699061040,11,4,5,564,15,1
1699061100,11,4,5,565,15,1
1699061160,11,4,5,566,15,1
1699061220,11,4,5,567,15,0
1699061280,11,4,5,568,15,0
1699061340,11,4,5,569,15,0
1699061400,11,4,5,570,15,0
1699061520,11,4,5,572,15,0
1699061580,11,4,5,573,15,0
1699061640,11,4,5,574,15,0
1699061700,11,4,5,575,15,0
1699061760,11,4,5,576,15,0
1699061820,11,4,5,577,15,0
1699061880,11,4,5,578,15,0
1699061940,11,4,5,579,15,0
1699062000,11,4,5,580,15,0
1699062060,11,4,5,581,15,0
1699062120,11,4,5,582,15,0
1699062180,11,4,5,583,15,0
1699062240,11,4,5,584,15,0
1699062300,11,4,5,585,15,0
1699062360,11,4,5,586,15,1
1699062420,11,4,5,587,15,1
1699062480,11,4,5,588,15,1
1699062540,11,4,5,589,15,1
1699062600,11,4,5,590,15,0
1699062660,11,4,5,591,15,0
1699062720,11,4,5,592,15,0
1699062780,11,4,5,593,15,0
1699062840,11,4,5,594,15,0
1699062900,11,4,5,595,15,0
1699062960,11,4,5,596,15,0
1699063020,11,4,5,597,15,0
1699063080,11,4,5,598,15,0
1699063140,11,4,5,599,15,0
1699063260,11,4,5,601,15,0
1699063320,11,4,5,602,15,0
1699063380,11,4,5,603,15,0
1699063440,11,4,5,604,15,1
1699063500,11,4,5,605,15,1
1699063560,11,4,5,606,15,0
1699063620,11,4,5,607,15,0
1699063680,11,4,5,608,15,0
1699063740,11,4,5,609,15,0
1699063800,11,4,5,610,15,0
1699063860,11,4,5,611,15,0
1699063920,11,4,5,612,15,0
1699063980,11,4,5,613,15,0
1699064040,11,4,5,614,15,0
1699064100,11,4,5,615,15,0
1699064160,11,4,5,616,15,0
1699064220,11,4,5,617,15,0
1699064280,11,4,5,618,15,0
1699064340,11,4,5,619,15,0
1699064460,11,4,5,621,15,0
1699064520,11,4,5,622,15,0
1699064580,11,4,5,623,15,0
1699064640,11,4,5,624,15,0
1699064700,11,4,5,625,15,0
1699064760,11,4,5,626,15,0
1699064820,11,4,5,627,15,0
1699064880,11,4,5,628,15,0
1699064940,11,4,5,629,15,0
1699065000,11,4,5,630,15,1
1699065120,11,4,5,632,15,1
1699065180,11,4,5,633,15,1
1699065240,11,4,5,634,15,1
1699065300,11,4,5,635,15,1
1699065360,11,4,5,636,15,0
1699065420,11,4,5,637,15,0
1699065480,11,4,5,638,15,0
1699065540,11,4,5,639,15,1
1699065600,11,4,5,640,15,1
1699065660,11,4,5,641,15,1
1699065720,11,4,5,642,15,1
1699065780,11,4,5,643,15,1
1699065840,11,4,5,644,15,2
1699065900,11,4,5,645,15,2
1699065960,11,4,5,646,15,2
1699066020,11,4,5,647,15,2
1699066080,11,4,5,648,15,2
1699066140,11,4,5,649,15,2
1699066200,11,4,5,650,15,2
1699066260,11,4,5,651,15,1
1699066320,11,4,5,652,15,1
1699066380,11,4,5,653,15,0
1699066440,11,4,5,654,15,0
1699066500,11,4,5,655,15,0
1699066560,11,4,5,656,15,0
1699066620,11,4,5,657,15,0
1699066680,11,4,5,658,15,0
1699066740,11,4,5,659,15,0
1699066860,11,4,5,661,15,0
1699066920,11,4,5,662,15,0
1699066980,11,4,5,663,15,0
1699067040,11,4,5,664,15,0
1699067100,11,4,5,665,15,0
1699067160,11,4,5,666,15,0
1699067220,11,4,5,667,15,0
1699067280,11,4,5,668,15,0
1699067340,11,4,5,669,15,0
1699067400,11,4,5,670,15,0
1699067460,11,4,5,671,15,0
1699067520,11,4,5,672,15,0
1699067580,11,4,5,673,15,0
1699067640,11,4,5,674,15,0
1699067700,11,4,5,675,15,0
1699067760,11,4,5,676,15,0
1699067820,11,4,5,677,15,0
1699067880,11,4,5,678,15,0
1699067940,11,4,5,679,15,1
1699068060,11,4,5,681,15,1
1699068120,11,4,5,682,15,0
1699068180,11,4,5,683,15,0
1699068240,11,4,5,684,15,0
1699068300,11,4,5,685,15,0
1699068360,11,4,5,686,15,0
1699068420,11,4,5,687,15,0
1699068480,11,4,5,688,15,0
1699068540,11,4,5,689,15,0
1699068660,11,4,5,691,15,0
1699068720,11,4,5,692,15,0
1699068840,11,4,5,694,15,0
1699068900,11,4,5,695,15,0
1699068960,11,4,5,696,15,0
1699069020,11,4,5,697,15,0
1699069080,11,4,5,698,15,0
1699069140,11,4,5,699,15,0
1699069200,11,4,5,700,15,0
1699069260,11,4,5,701,15,0
1699069320,11,4,5,702,15,0
1699069380,11,4,5,703,15,0
1699069440,11,4,5,704,15,0
1699069500,11,4,5,705,15,0
1699069560,11,4,5,706,15,0
1699069620,11,4,5,707,15,0
1699069680,11,4,5,708,15,0
1699069740,11,4,5,709,15,0
1699069800,11,4,5,710,15,0
1699069860,11,4,5,711,15,0
1699069920,11,4,5,712,15,0
1699069980,11,4,5,713,15,0
1699070040,11,4,5,714,15,0
1699070100,11,4,5,715,15,0
1699070160,11,4,5,716,15,0
1699070220,11,4,5,717,15,0
1699070280,11,4,5,718,15,0
1699070340,11,4,5,719,15,0
1699070460,11,4,5,721,15,0
1699070520,11,4,5,722,15,0
1699070580,11,4,5,723,15,0
1699070640,11,4,5,724,15,0
1699070700,11,4,5,725,15,0
1699070760,11,4,5,726,15,1
1699070820,11,4,5,727,15,0
1699070880,11,4,5,728,15,0
1699070940,11,4,5,729,15,0
1699071000,11,4,5,730,15,0
1699071060,11,4,5,731,15,0
1699071120,11,4,5,732,15,1
1699071180,11,4,5,733,15,1
1699071240,11,4,5,734,15,1
1699071300,11,4,5,735,15,1
1699071420,11,4,5,737,15,0
1699071480,11,4,5,738,15,0
1699071540,11,4,5,739,15,0
1699071660,11,4,5,741,15,0
1699071720,11,4,5,742,15,0
1699071780,11,4,5,743,15,0
1699071840,11,4,5,744,15,0
1699071900,11,4,5,745,15,0
1699071960,11,4,5,746,15,0
1699072020,11,4,5,747,15,0
1699072080,11,4,5,748,15,0
1699072140,11,4,5,749,15,0
1699072260,11,4,5,751,15,0
1699072320,11,4,5,752,15,0
1699072380,11,4,5,753,15,0
1699072440,11,4,5,754,15,0
1699072500,11,4,5,755,15,0
1699072560,11,4,5,756,15,0
1699072620,11,4,5,757,15,0
1699072680,11,4,5,758,15,0
1699072740,11,4,5,759,15,0
1699072860,11,4,5,761,15,0
1699072920,11,4,5,762,15,0
1699072980,11,4,5,763,15,0
1699073040,11,4,5,764,15,0
1699073100,11,4,5,765,15,0
1699073160,11,4,5,766,15,0
1699073220,11,4,5,767,15,0
1699073280,11,4,5,768,15,0
1699073340,11,4,5,769,15,0
1699073460,11,4,5,771,15,1
1699073520,11,4,5,772,15,0
1699073580,11,4,5,773,15,0
1699073700,11,4,5,775,15,0
1699073760,11,4,5,776,15,0
1699073820,11,4,5,777,15,0
1699073880,11,4,5,778,15,0
1699073940,11,4,5,779,15,0
1699074060,11,4,5,781,15,1
1699074120,11,4,5,782,15,1
1699074180,11,4,5,783,15,0
1699074240,11,4,5,784,15,0
1699074300,11,4,5,785,15,0
1699074360,11,4,5,786,15,0
1699074420,11,4,5,787,15,0
1699074480,11,4,5,788,15,0
1699074540,11,4,5,789,15,0
1699074660,11,4,5,791,15,0
1699074720,11,4,5,792,15,0
1699074780,11,4,5,793,15,0
1699074840,11,4,5,794,15,0
1699074900,11,4,5,795,15,1
1699074960,11,4,5,796,15,1
1699075020,11,4,5,797,15,0
1699075080,11,4,5,798,15,0
1699075140,11,4,5,799,15,0
1699075260,11,4,5,801,15,0
1699075320,11,4,5,802,15,0
1699075380,11,4,5,803,15,0
1699075440,11,4,5,804,15,0
1699075500,11,4,5,805,15,0
1699075560,11,4,5,806,15,0
1699075620,11,4,5,807,15,0
1699075680,11,4,5,808,15,0
1699075740,11,4,5,809,15,0
1699075860,11,4,5,811,15,0
1699075920,11,4,5,812,15,0
1699075980,11,4,5,813,15,0
1699076040,11,4,5,814,15,0
1699076100,11,4,5,815,15,0
1699076160,11,4,5,816,15,0
1699076220,11,4,5,817,15,0
1699076280,11,4,5,818,15,0
1699076340,11,4,5,819,15,0
1699076460,11,4,5,821,15,0
1699076520,11,4,5,822,15,0
1699076580,11,4,5,823,15,0
1699076640,11,4,5,824,15,0
1699076700,11,4,5,825,15,0
1699076760,11,4,5,826,15,0
1699076820,11,4,5,827,15,0
1699076880,11,4,5,828,15,0
1699076940,11,4,5,829,15,0
1699077060,11,4,5,831,15,0
1699077120,11,4,5,832,15,0
1699077180,11,4,5,833,15,0
1699077240,11,4,5,834,15,0
1699077300,11,4,5,835,15,0
1699077360,11,4,5,836,15,0
1699077420,11,4,5,837,15,0
1699077480,11,4,5,838,15,0
1699077540,11,4,5,839,15,1
1699077660,11,4,5,841,15,0
1699077720,11,4,5,842,15,0
1699077780,11,4,5,843,15,0
1699077840,11,4,5,844,15,0
1699077900,11,4,5,845,15,1
1699077960,11,4,5,846,15,1
1699078020,11,4,5,847,15,1
1699078080,11,4,5,848,15,1
1699078140,11,4,5,849,15,1
1699078200,11,4,5,850,15,1
1699078260,11,4,5,851,15,1
1699078320,11,4,5,852,15,1
1699078380,11,4,5,853,15,0
1699078440,11,4,5,854,15,0
1699078500,11,4,5,855,15,1
1699078560,11,4,5,856,15,0
1699078620,11,4,5,857,15,0
1699078680,11,4,5,858,15,3
1699078740,11,4,5,859,15,3
1699078860,11,4,5,861,15,3
1699078920,11,4,5,862,15,3
1699078980,11,4,5,863,15,2
1699079040,11,4,5,864,15,2
1699079100,11,4,5,865,15,2
1699079160,11,4,5,866,15,3
1699079220,11,4,5,867,15,3
1699079280,11,4,5,868,15,3
1699079340,11,4,5,869,15,3
1699079460,11,4,5,871,15,3
1699079520,11,4,5,872,15,3
1699079580,11,4,5,873,15,3
1699079640,11,4,5,874,15,3
1699079700,11,4,5,875,15,3
1699079760,11,4,5,876,15,3
1699079820,11,4,5,877,15,3
1699079880,11,4,5,878,15,3
1699079940,11,4,5,879,15,3
1699080000,11,4,5,880,15,3
1699080060,11,4,5,881,15,3
1699080120,11,4,5,882,15,4
1699080180,11,4,5,883,15,4
1699080240,11,4,5,884,15,4
1699080300,11,4,5,885,15,4
1699080360,11,4,5,886,15,4
1699080420,11,4,5,887,15,4
1699080480,11,4,5,888,15,5
1699080540,11,4,5,889,15,5
1699080600,11,4,5,890,15,5
1699080660,11,4,5,891,15,5
1699080720,11,4,5,892,15,7
1699080780,11,4,5,893,15,7
1699080840,11,4,5,894,15,7
1699080900,11,4,5,895,15,7
1699080960,11,4,5,896,15,7
1699081020,11,4,5,897,15,7
1699081080,11,4,5,898,15,7
1699081140,11,4,5,899,15,7
1699081260,11,4,5,901,15,6
1699081320,11,4,5,902,15,6
1699081380,11,4,5,903,15,6
1699081440,11,4,5,904,15,6
1699081500,11,4,5,905,15,6
1699081560,11,4,5,906,15,8
1699081620,11,4,5,907,15,8
1699081680,11,4,5,908,15,9
1699081740,11,4,5,909,15,9
1699081800,11,4,5,910,15,9
1699081860,11,4,5,911,15,9
1699081920,11,4,5,912,15,9
1699081980,11,4,5,913,15,9
1699082040,11,4,5,914,15,9
1699082100,11,4,5,915,15,9
1699082160,11,4,5,916,15,9
1699082220,11,4,5,917,15,9
1699082280,11,4,5,918,15,9
1699082340,11,4,5,919,15,7
1699082460,11,4,5,921,15,6
1699082520,11,4,5,922,15,6
1699082580,11,4,5,923,15,6
1699082640,11,4,5,924,15,5
1699082700,11,4,5,925,15,5
1699082760,11,4,5,926,15,5
1699082820,11,4,5,927,15,5
1699082880,11,4,5,928,15,4
1699082940,11,4,5,929,15,4
1699083060,11,4,5,931,15,4
1699083120,11,4,5,932,15,4
1699083180,11,4,5,933,15,4
1699083240,11,4,5,934,15,4
1699083300,11,4,5,935,15,4
1699083360,11,4,5,936,15,4
1699083420,11,4,5,937,15,4
1699083480,11,4,5,938,15,4
1699083540,11,4,5,939,15,4
1699083600,11,4,5,940,15,4
1699083660,11,4,5,941,15,4
1699083720,11,4,5,942,15,4
1699083780,11,4,5,943,15,4
1699083840,11,4,5,944,15,4
1699083900,11,4,5,945,15,4
1699083960,11,4,5,946,15,4
1699084020,11,4,5,947,15,4
1699084080,11,4,5,948,15,5
1699084140,11,4,5,949,15,4
1699084200,11,4,5,950,15,4
1699084260,11,4,5,951,15,4
1699084320,11,4,5,952,15,5
1699084380,11,4,5,953,15,5
1699084440,11,4,5,954,15,5
1699084500,11,4,5,955,15,5
1699084560,11,4,5,956,15,5
1699084620,11,4,5,957,15,4
1699084680,11,4,5,958,15,4
1699084740,11,4,5,959,15,3
1699084860,11,4,5,961,15,3
1699084920,11,4,5,962,15,3
1699084980,11,4,5,963,15,3
1699085040,11,4,5,964,15,3
1699085100,11,4,5,965,15,3
1699085160,11,4,5,966,15,3
1699085220,11,4,5,967,15,1
1699085280,11,4,5,968,15,0
1699085340,11,4,5,969,15,0
1699085400,11,4,5,970,15,0
1699085460,11,4,5,971,15,0
1699085520,11,4,5,972,15,0
1699085580,11,4,5,973,15,0
1699085640,11,4,5,974,15,1
1699085700,11,4,5,975,15,1
1699085760,11,4,5,976,15,1
1699085820,11,4,5,977,15,1
1699085880,11,4,5,978,15,1
1699085940,11,4,5,979,15,1
1699086060,11,4,5,981,15,1
1699086120,11,4,5,982,15,1
1699086180,11,4,5,983,15,1
1699086240,11,4,5,984,15,1
1699086300,11,4,5,985,15,1
1699086360,11,4,5,986,15,0
1699086420,11,4,5,987,15,0
1699086480,11,4,5,988,15,0
1699086540,11,4,5,989,15,0
1699086600,11,4,5,990,15,0
1699086720,11,4,5,992,15,0
1699086780,11,4,5,993,15,0
1699086840,11,4,5,994,15,0
1699086900,11,4,5,995,15,0
1699086960,11,4,5,996,15,0
1699087020,11,4,5,997,15,0
1699087080,11,4,5,998,15,0
1699087140,11,4,5,999,15,1
1699087200,11,4,5,1000,15,1
1699087260,11,4,5,1001,15,1
1699087320,11,4,5,1002,15,4
1699087380,11,4,5,1003,15,4
1699087440,11,4,5,1004,15,4
1699087500,11,4,5,1005,15,5
1699087560,11,4,5,1006,15,5
1699087620,11,4,5,1007,15,5
1699087680,11,4,5,1008,15,5
1699087740,11,4,5,1009,15,5
1699087860,11,4,5,1011,15,5
1699087920,11,4,5,1012,15,4
1699087980,11,4,5,1013,15,4
1699088040,11,4,5,1014,15,3
1699088100,11,4,5,1015,15,3
1699088160,11,4,5,1016,15,3
1699088220,11,4,5,1017,15,3
1699088280,11,4,5,1018,15,3
1699088340,11,4,5,1019,15,3
1699088460,11,4,5,1021,15,3
1699088580,11,4,5,1023,15,2
1699088640,11,4,5,1024,15,2
1699088700,11,4,5,1025,15,2
1699088760,11,4,5,1026,15,2
1699088820,11,4,5,1027,15,2
1699088940,11,4,5,1029,15,3
1699089060,11,4,5,1031,15,3
1699089120,11,4,5,1032,15,3
1699089180,11,4,5,1033,15,2
1699089240,11,4,5,1034,15,2
1699089300,11,4,5,1035,15,1
1699089360,11,4,5,1036,15,1
1699089420,11,4,5,1037,15,1
1699089480,11,4,5,1038,15,1
1699089540,11,4,5,1039,15,2
1699089660,11,4,5,1041,15,1
1699089720,11,4,5,1042,15,2
1699089780,11,4,5,1043,15,2
1699089840,11,4,5,1044,15,2
1699089900,11,4,5,1045,15,2
1699089960,11,4,5,1046,15,2
1699090020,11,4,5,1047,15,2
1699090080,11,4,5,1048,15,2
1699090140,11,4,5,1049,15,2
1699090260,11,4,5,1051,15,0
1699090320,11,4,5,1052,15,0
1699090380,11,4,5,1053,15,0
1699090440,11,4,5,1054,15,0
1699090500,11,4,5,1055,15,0
1699090560,11,4,5,1056,15,0
1699090620,11,4,5,1057,15,0
1699090680,11,4,5,1058,15,0
1699090740,11,4,5,1059,15,0
1699090860,11,4,5,1061,15,0
1699090920,11,4,5,1062,15,1
1699090980,11,4,5,1063,15,0
1699091040,11,4,5,1064,15,0
1699091100,11,4,5,1065,15,0
1699091220,11,4,5,1067,15,0
1699091280,11,4,5,1068,15,0
1699091340,11,4,5,1069,15,0
1699091460,11,4,5,1071,15,0
1699091520,11,4,5,1072,15,0
1699091580,11,4,5,1073,15,0
1699091640,11,4,5,1074,15,0
1699091700,11,4,5,1075,15,0
1699091760,11,4,5,1076,15,0
1699091820,11,4,5,1077,15,0
1699091880,11,4,5,1078,15,0
1699091940,11,4,5,1079,15,0
1699092060,11,4,5,1081,15,0
1699092120,11,4,5,1082,15,0
1699092180,11,4,5,1083,15,0
1699092240,11,4,5,1084,15,0
1699092300,11,4,5,1085,15,1
1699092360,11,4,5,1086,15,1
1699092420,11,4,5,1087,15,1
1699092480,11,4,5,1088,15,0
1699092540,11,4,5,1089,15,0
1699092660,11,4,5,1091,15,0
1699092720,11,4,5,1092,15,0
1699092780,11,4,5,1093,15,0
1699092840,11,4,5,1094,15,0
1699092900,11,4,5,1095,15,0
1699092960,11,4,5,1096,15,0
1699093020,11,4,5,1097,15,0
1699093080,11,4,5,1098,15,0
1699093140,11,4,5,1099,15,1
1699093260,11,4,5,1101,15,1
1699093320,11,4,5,1102,15,0
1699093380,11,4,5,1103,15,0
1699093440,11,4,5,1104,15,0
1699093500,11,4,5,1105,15,0
1699093560,11,4,5,1106,15,0
1699093620,11,4,5,1107,15,0
1699093680,11,4,5,1108,15,0
1699093740,11,4,5,1109,15,0
1699093860,11,4,5,1111,15,0
1699093920,11,4,5,1112,15,0
1699093980,11,4,5,1113,15,0
1699094040,11,4,5,1114,15,0
1699094100,11,4,5,1115,15,0
1699094160,11,4,5,1116,15,0
1699094220,11,4,5,1117,15,0
1699094280,11,4,5,1118,15,0
1699094340,11,4,5,1119,15,0
1699094400,11,4,5,1120,15,0
1699094460,11,4,5,1121,15,0
1699094520,11,4,5,1122,15,1
1699094580,11,4,5,1123,15,1
1699094640,11,4,5,1124,15,1
1699094700,11,4,5,1125,15,1
1699094760,11,4,5,1126,15,1
1699094820,11,4,5,1127,15,1
1699094880,11,4,5,1128,15,1
1699094940,11,4,5,1129,15,2
1699095000,11,4,5,1130,15,2
1699095060,11,4,5,1131,15,2
1699095120,11,4,5,1132,15,3
1699095180,11,4,5,1133,15,3
1699095240,11,4,5,1134,15,3
1699095300,11,4,5,1135,15,3
1699095360,11,4,5,1136,15,4
1699095420,11,4,5,1137,15,4
1699095480,11,4,5,1138,15,4
1699095540,11,4,5,1139,15,5
1699095660,11,4,5,1141,15,5
1699095720,11,4,5,1142,15,5
1699095780,11,4,5,1143,15,5
1699095840,11,4,5,1144,15,6
1699095900,11,4,5,1145,15,6
1699095960,11,4,5,1146,15,6
1699096020,11,4,5,1147,15,6
1699096080,11,4,5,1148,15,6
1699096140,11,4,5,1149,15,6
1699096200,11,4,5,1150,15,6
1699096260,11,4,5,1151,15,5
1699096320,11,4,5,1152,15,5
1699096380,11,4,5,1153,15,4
1699096440,11,4,5,1154,15,5
1699096500,11,4,5,1155,15,6
1699096560,11,4,5,1156,15,6
1699096620,11,4,5,1157,15,7
1699096680,11,4,5,1158,15,7
1699096740,11,4,5,1159,15,7
1699096860,11,4,5,1161,15,7
1699096920,11,4,5,1162,15,7
1699096980,11,4,5,1163,15,7
1699097040,11,4,5,1164,15,7
1699097100,11,4,5,1165,15,7
1699097160,11,4,5,1166,15,7
1699097220,11,4,5,1167,15,7
1699097280,11,4,5,1168,15,7
1699097340,11,4,5,1169,15,9
1699097460,11,4,5,1171,15,9
1699097520,11,4,5,1172,15,10
1699097580,11,4,5,1173,15,10
1699097640,11,4,5,1174,15,10
1699097700,11,4,5,1175,15,10
1699097760,11,4,5,1176,15,10
1699097820,11,4,5,1177,15,11
1699097880,11,4,5,1178,15,11
1699097940,11,4,5,1179,15,11
1699098000,11,4,5,1180,15,12
1699098060,11,4,5,1181,15,12
1699098120,11,4,5,1182,15,13
1699098180,11,4,5,1183,15,13
1699098240,11,4,5,1184,15,13
1699098300,11,4,5,1185,15,13
1699098360,11,4,5,1186,15,12
1699098420,11,4,5,1187,15,12
1699098480,11,4,5,1188,15,11
1699098540,11,4,5,1189,15,10
1699098600,11,4,5,1190,15,13
1699098660,11,4,5,1191,15,13
1699098720,11,4,5,1192,15,13
1699098780,11,4,5,1193,15,12
1699098840,11,4,5,1194,15,13
1699098900,11,4,5,1195,15,13
1699098960,11,4,5,1196,15,13
1699099020,11,4,5,1197,15,13
1699099080,11,4,5,1198,15,13
1699099140,11,4,5,1199,15,13
1699099260,11,4,5,1201,15,13
1699099320,11,4,5,1202,15,13
1699099380,11,4,5,1203,15,13
1699099440,11,4,5,1204,15,14
1699099500,11,4,5,1205,15,14
1699099560,11,4,5,1206,15,13
1699099620,11,4,5,1207,15,13
1699099680,11,4,5,1208,15,13
1699099740,11,4,5,1209,15,13
1699099800,11,4,5,1210,15,13
1699099860,11,4,5,1211,15,13
1699099920,11,4,5,1212,15,13
1699099980,11,4,5,1213,15,13
1699100040,11,4,5,1214,15,14
1699100100,11,4,5,1215,15,14
1699100160,11,4,5,1216,15,14
1699100220,11,4,5,1217,15,14
1699100280,11,4,5,1218,15,14
1699100340,11,4,5,1219,15,14
1699100460,11,4,5,1221,15,14
1699100520,11,4,5,1222,15,14
1699100580,11,4,5,1223,15,14
1699100640,11,4,5,1224,15,14
1699100700,11,4,5,1225,15,14
1699100760,11,4,5,1226,15,14
1699100820,11,4,5,1227,15,15
1699100880,11,4,5,1228,15,15
1699100940,11,4,5,1229,15,15
1699101060,11,4,5,1231,15,15
1699101120,11,4,5,1232,15,15
1699101180,11,4,5,1233,15,15
1699101240,11,4,5,1234,15,15
1699101300,11,4,5,1235,15,15
1699101360,11,4,5,1236,15,15
1699101420,11,4,5,1237,15,15
1699101480,11,4,5,1238,15,15
1699101540,11,4,5,1239,15,15
1699101600,11,4,5,1240,15,15
1699101660,11,4,5,1241,15,15
1699101720,11,4,5,1242,15,14
1699101780,11,4,5,1243,15,14
1699101840,11,4,5,1244,15,14
1699101900,11,4,5,1245,15,14
1699101960,11,4,5,1246,15,14
1699102020,11,4,5,1247,15,15
1699102080,11,4,5,1248,15,15
1699102140,11,4,5,1249,15,15
1699102200,11,4,5,1250,15,15
1699102260,11,4,5,1251,15,15
1699102320,11,4,5,1252,15,15
1699102380,11,4,5,1253,15,15
1699102440,11,4,5,1254,15,15
1699102500,11,4,5,1255,15,15
1699102560,11,4,5,1256,15,14
1699102620,11,4,5,1257,15,14
1699102680,11,4,5,1258,15,14
1699102740,11,4,5,1259,15,14
1699102860,11,4,5,1261,15,14
1699102920,11,4,5,1262,15,14
1699102980,11,4,5,1263,15,14
1699103040,11,4,5,1264,15,14
1699103100,11,4,5,1265,15,14
1699103160,11,4,5,1266,15,14
1699103220,11,4,5,1267,15,14
1699103280,11,4,5,1268,15,14
1699103340,11,4,5,1269,15,14
1699103400,11,4,5,1270,15,14
1699103460,11,4,5,1271,15,14
1699103520,11,4,5,1272,15,14
1699103580,11,4,5,1273,15,14
1699103640,11,4,5,1274,15,14
1699103700,11,4,5,1275,15,14
1699103760,11,4,5,1276,15,13
1699103820,11,4,5,1277,15,13
1699103880,11,4,5,1278,15,13
1699103940,11,4,5,1279,15,13
1699104120,11,4,5,1282,15,13
1699104180,11,4,5,1283,15,13
1699104240,11,4,5,1284,15,14
1699104300,11,4,5,1285,15,15
1699104360,11,4,5,1286,15,15
1699104420,11,4,5,1287,15,15
1699104480,11,4,5,1288,15,15
1699104540,11,4,5,1289,15,15
1699104600,11,4,5,1290,15,15
1699104720,11,4,5,1292,15,15
1699104780,11,4,5,1293,15,14
1699104840,11,4,5,1294,15,14
1699104900,11,4,5,1295,15,14
1699104960,11,4,5,1296,15,14
1699105020,11,4,5,1297,15,14
1699105080,11,4,5,1298,15,14
1699105140,11,4,5,1299,15,15
1699105260,11,4,5,1301,15,15
1699105320,11,4,5,1302,15,15
1699105380,11,4,5,1303,15,15
1699105440,11,4,5,1304,15,15
1699105500,11,4,5,1305,15,15
1699105560,11,4,5,1306,15,15
1699105620,11,4,5,1307,15,15
1699105680,11,4,5,1308,15,15
1699105740,11,4,5,1309,15,15
1699105860,11,4,5,1311,15,15
1699105920,11,4,5,1312,15,15
1699105980,11,4,5,1313,15,15
1699106040,11,4,5,1314,15,15
1699106100,11,4,5,1315,15,15
1699106160,11,4,5,1316,15,14
1699106220,11,4,5,1317,15,14
1699106280,11,4,5,1318,15,14
1699106340,11,4,5,1319,15,14
1699106460,11,4,5,1321,15,14
1699106520,11,4,5,1322,15,14
1699106580,11,4,5,1323,15,14
1699106640,11,4,5,1324,15,14
1699106700,11,4,5,1325,15,14
1699106760,11,4,5,1326,15,14
1699106820,11,4,5,1327,15,14
1699106880,11,4,5,1328,15,14
1699106940,11,4,5,1329,15,14
1699107060,11,4,5,1331,15,14
1699107120,11,4,5,1332,15,14
1699107180,11,4,5,1333,15,14
1699107240,11,4,5,1334,15,15
1699107300,11,4,5,1335,15,14
1699107360,11,4,5,1336,15,14
1699107420,11,4,5,1337,15,14
1699107480,11,4,5,1338,15,14
1699107540,11,4,5,1339,15,14
1699107660,11,4,5,1341,15,14
1699107720,11,4,5,1342,15,14
1699107780,11,4,5,1343,15,14
1699107840,11,4,5,1344,15,14
1699107900,11,4,5,1345,15,14
1699107960,11,4,5,1346,15,14
1699108020,11,4,5,1347,15,14
1699108080,11,4,5,1348,15,14
1699108140,11,4,5,1349,15,14
1699108260,11,4,5,1351,15,14
1699108320,11,4,5,1352,15,14
1699108380,11,4,5,1353,15,14
1699108440,11,4,5,1354,15,14
1699108500,11,4,5,1355,15,13
1699108560,11,4,5,1356,15,13
1699108620,11,4,5,1357,15,13
1699108680,11,4,5,1358,15,13
1699108740,11,4,5,1359,15,13
1699108860,11,4,5,1361,15,13
1699108920,11,4,5,1362,15,12
1699108980,11,4,5,1363,15,12
1699109040,11,4,5,1364,15,12
1699109100,11,4,5,1365,15,12
1699109160,11,4,5,1366,15,12
1699109220,11,4,5,1367,15,12
1699109280,11,4,5,1368,15,12
1699109340,11,4,5,1369,15,12
1699109400,11,4,5,1370,15,12
1699109460,11,4,5,1371,15,12
1699109520,11,4,5,1372,15,11
1699109580,11,4,5,1373,15,11
1699109640,11,4,5,1374,15,11
1699109700,11,4,5,1375,15,11
1699109760,11,4,5,1376,15,10
1699109820,11,4,5,1377,15,9
1699109880,11,4,5,1378,15,9
1699109940,11,4,5,1379,15,9
1699110000,11,4,5,1380,15,9
1699110120,11,4,5,1382,15,9
1699110180,11,4,5,1383,15,9
1699110240,11,4,5,1384,15,9
1699110300,11,4,5,1385,15,9
1699110360,11,4,5,1386,15,9
1699110420,11,4,5,1387,15,9
1699110480,11,4,5,1388,15,9
1699110540,11,4,5,1389,15,8
1699110600,11,4,5,1390,15,8
1699110660,11,4,5,1391,15,8
1699110720,11,4,5,1392,15,8
1699110780,11,4,5,1393,15,8
1699110840,11,4,5,1394,15,7
1699110900,11,4,5,1395,15,7
1699110960,11,4,5,1396,15,7
1699111020,11,4,5,1397,15,7
1699111080,11,4,5,1398,15,5
1699111140,11,4,5,1399,15,5
1699111260,11,4,5,1401,15,6
1699111320,11,4,5,1402,15,6
1699111380,11,4,5,1403,15,6
1699111440,11,4,5,1404,15,6
1699111500,11,4,5,1405,15,6
1699111560,11,4,5,1406,15,6
1699111620,11,4,5,1407,15,6
1699111680,11,4,5,1408,15,6
1699111740,11,4,5,1409,15,6
1699111800,11,4,5,1410,15,5
1699111860,11,4,5,1411,15,5
1699111920,11,4,5,1412,15,5
1699111980,11,4,5,1413,15,5
1699112040,11,4,5,1414,15,5
1699112100,11,4,5,1415,15,6
1699112160,11,4,5,1416,15,6
1699112220,11,4,5,1417,15,6
1699112280,11,4,5,1418,15,6
1699112340,11,4,5,1419,15,6
1699112400,11,4,5,1420,15,8
1699112460,11,4,5,1421,15,9
1699112520,11,4,5,1422,15,9
1699112580,11,4,5,1423,15,10
1699112640,11,4,5,1424,15,10
1699112700,11,4,5,1425,15,10
1699112760,11,4,5,1426,15,11
1699112820,11,4,5,1427,15,11
1699112880,11,4,5,1428,15,11
1699112940,11,4,5,1429,15,11
1699113000,11,4,5,1430,15,11
1699113060,11,4,5,1431,15,11
1699113120,11,4,5,1432,15,10
1699113180,11,4,5,1433,15,11
1699113240,11,4,5,1434,15,9
1699113300,11,4,5,1435,15,9
1699113360,11,4,5,1436,15,9
1699113420,11,4,5,1437,15,9
1699113480,11,4,5,1438,15,9
1699113540,11,4,5,1439,15,9
1699113660,11,5,6,1,15,10
1699113720,11,5,6,2,15,10
1699113780,11,5,6,3,15,10
1699113840,11,5,6,4,15,10
1699113900,11,5,6,5,15,10
1699113960,11,5,6,6,15,10
1699114020,11,5,6,7,15,9
1699114080,11,5,6,8,15,9
1699114140,11,5,6,9,15,9
1699114200,11,5,6,10,15,9
1699114260,11,5,6,11,15,10
1699114320,11,5,6,12,15,10
1699114380,11,5,6,13,15,10
1699114440,11,5,6,14,15,10
1699114500,11,5,6,15,15,10
1699114560,11,5,6,16,15,10
1699114620,11,5,6,17,15,9
1699114680,11,5,6,18,15,10
1699114740,11,5,6,19,15,10
1699114860,11,5,6,21,15,10
1699114920,11,5,6,22,15,10
1699114980,11,5,6,23,15,10
1699115040,11,5,6,24,15,10
1699115100,11,5,6,25,15,10
1699115160,11,5,6,26,15,10
1699115220,11,5,6,27,15,10
1699115280,11,5,6,28,15,10
1699115340,11,5,6,29,15,10
1699115400,11,5,6,30,15,10
1699115460,11,5,6,31,15,10
1699115520,11,5,6,32,15,10
1699115580,11,5,6,33,15,10
1699115640,11,5,6,34,15,10
1699115700,11,5,6,35,15,9
1699115820,11,5,6,37,15,10
1699115880,11,5,6,38,15,10
1699115940,11,5,6,39,15,10
1699116060,11,5,6,41,15,11
1699116120,11,5,6,42,15,11
1699116180,11,5,6,43,15,11
1699116240,11,5,6,44,15,11
1699116300,11,5,6,45,15,11
1699116360,11,5,6,46,15,11
1699116420,11,5,6,47,15,11
1699116480,11,5,6,48,15,11
1699116540,11,5,6,49,15,11
1699116660,11,5,6,51,15,11
1699116720,11,5,6,52,15,11
1699116780,11,5,6,53,15,11
1699116840,11,5,6,54,15,11
1699116900,11,5,6,55,15,11
1699116960,11,5,6,56,15,11
1699117020,11,5,6,57,15,11
1699117080,11,5,6,58,15,11
1699117140,11,5,6,59,15,11
1699117260,11,5,6,61,15,11
1699117320,11,5,6,62,15,11
1699117380,11,5,6,63,15,11
1699117440,11,5,6,64,15,11
1699117500,11,5,6,65,15,11
1699117560,11,5,6,66,15,11
1699117620,11,5,6,67,15,11
1699117680,11,5,6,68,15,11
1699117740,11,5,6,69,15,11
1699117860,11,5,6,71,15,11
1699117920,11,5,6,72,15,11
1699117980,11,5,6,73,15,11
1699118040,11,5,6,74,15,11
1699118100,11,5,6,75,15,11
1699118160,11,5,6,76,15,11
1699118220,11,5,6,77,15,11
1699118280,11,5,6,78,15,11
1699118340,11,5,6,79,15,11
1699118460,11,5,6,81,15,11
1699118520,11,5,6,82,15,11
1699118580,11,5,6,83,15,11
1699118640,11,5,6,84,15,11
1699118700,11,5,6,85,15,11
1699118760,11,5,6,86,15,11
1699118820,11,5,6,87,15,11
1699118880,11,5,6,88,15,11
1699118940,11,5,6,89,15,11
1699119060,11,5,6,91,15,12
1699119120,11,5,6,92,15,12
1699119180,11,5,6,93,15,12
1699119240,11,5,6,94,15,12
1699119300,11,5,6,95,15,12
1699119360,11,5,6,96,15,12
1699119420,11,5,6,97,15,12
1699119480,11,5,6,98,15,12
1699119540,11,5,6,99,15,11
1699119660,11,5,6,101,15,11
1699119720,11,5,6,102,15,11
1699119780,11,5,6,103,15,11
1699119840,11,5,6,104,15,11
1699119900,11,5,6,105,15,11
1699119960,11,5,6,106,15,11
1699120020,11,5,6,107,15,11
1699120080,11,5,6,108,15,11
1699120140,11,5,6,109,15,12
1699120260,11,5,6,111,15,12
1699120320,11,5,6,112,15,12
1699120380,11,5,6,113,15,12
1699120440,11,5,6,114,15,12
1699120500,11,5,6,115,15,12
1699120560,11,5,6,116,15,12
1699120620,11,5,6,117,15,11
1699120680,11,5,6,118,15,11
1699120740,11,5,6,119,15,11
1699120860,11,5,6,121,15,11
1699120920,11,5,6,122,15,11
1699120980,11,5,6,123,15,11
1699121040,11,5,6,124,15,11
1699121100,11,5,6,125,15,11
1699121160,11,5,6,126,15,11
1699121220,11,5,6,127,15,12
1699121280,11,5,6,128,15,12
1699121340,11,5,6,129,15,12
1699121460,11,5,6,131,15,12
1699121520,11,5,6,132,15,12
1699121580,11,5,6,133,15,12
1699121640,11,5,6,134,15,12
1699121700,11,5,6,135,15,12
1699121760,11,5,6,136,15,12
1699121820,11,5,6,137,15,12
1699121880,11,5,6,138,15,12
1699121940,11,5,6,139,15,12
1699122060,11,5,6,141,15,12
1699122120,11,5,6,142,15,12
1699122180,11,5,6,143,15,11
1699122240,11,5,6,144,15,11
1699122300,11,5,6,145,15,11
1699122360,11,5,6,146,15,11
1699122420,11,5,6,147,15,11
1699122480,11,5,6,148,15,11
1699122540,11,5,6,149,15,11
1699122600,11,5,6,150,15,11
1699122660,11,5,6,151,15,11
1699122720,11,5,6,152,15,11
1699122780,11,5,6,153,15,11
1699122840,11,5,6,154,15,11
1699122900,11,5,6,155,15,11
1699122960,11,5,6,156,15,11
1699123020,11,5,6,157,15,11
1699123080,11,5,6,158,15,11
1699123140,11,5,6,159,15,11
1699123200,11,5,6,160,15,11
1699123260,11,5,6,161,15,11
1699123320,11,5,6,162,15,11
1699123380,11,5,6,163,15,11
1699123440,11,5,6,164,15,11
1699123500,11,5,6,165,15,11
1699123560,11,5,6,166,15,12
1699123620,11,5,6,167,15,12
1699123680,11,5,6,168,15,12
1699123740,11,5,6,169,15,12
1699123800,11,5,6,170,15,12
1699123860,11,5,6,171,15,12
1699123920,11,5,6,172,15,12
1699123980,11,5,6,173,15,12
1699124040,11,5,6,174,15,12
1699124100,11,5,6,175,15,12
1699124160,11,5,6,176,15,12
1699124220,11,5,6,177,15,12
1699124280,11,5,6,178,15,12
1699124340,11,5,6,179,15,12
1699124400,11,5,6,180,15,12
1699124460,11,5,6,181,15,12
1699124520,11,5,6,182,15,12
1699124580,11,5,6,183,15,12
1699124640,11,5,6,184,15,12
1699124700,11,5,6,185,15,12
1699124760,11,5,6,186,15,12
1699124820,11,5,6,187,15,12
1699124880,11,5,6,188,15,12
1699124940,11,5,6,189,15,12
1699125000,11,5,6,190,15,12
1699125060,11,5,6,191,15,12
1699125120,11,5,6,192,15,12
1699125180,11,5,6,193,15,12
1699125240,11,5,6,194,15,12
1699125300,11,5,6,195,15,12
1699125360,11,5,6,196,15,12
1699125420,11,5,6,197,15,12
1699125480,11,5,6,198,15,12
1699125540,11,5,6,199,15,12
1699125660,11,5,6,201,15,12
1699125720,11,5,6,202,15,12
1699125780,11,5,6,203,15,12
1699125840,11,5,6,204,15,12
1699125900,11,5,6,205,15,12
1699125960,11,5,6,206,15,12
1699126020,11,5,6,207,15,12
1699126080,11,5,6,208,15,12
1699126140,11,5,6,209,15,12
1699126200,11,5,6,210,15,12
1699126260,11,5,6,211,15,12
1699126320,11,5,6,212,15,12
1699126380,11,5,6,213,15,12
1699126440,11,5,6,214,15,12
1699126500,11,5,6,215,15,12
1699126560,11,5,6,216,15,13
1699126620,11,5,6,217,15,13
1699126680,11,5,6,218,15,13
1699126740,11,5,6,219,15,13
1699126800,11,5,6,220,15,14
1699126860,11,5,6,221,15,14
1699126920,11,5,6,222,15,14
1699126980,11,5,6,223,15,14
1699127040,11,5,6,224,15,14
1699127100,11,5,6,225,15,14
1699127160,11,5,6,226,15,14
1699127220,11,5,6,227,15,14
1699127280,11,5,6,228,15,15
1699127340,11,5,6,229,15,15
1699127400,11,5,6,230,15,15
1699127460,11,5,6,231,15,15
1699127520,11,5,6,232,15,15
1699127580,11,5,6,233,15,15
1699127640,11,5,6,234,15,15
1699127700,11,5,6,235,15,15
1699127760,11,5,6,236,15,15
1699127820,11,5,6,237,15,15
1699127940,11,5,6,239,15,15
1699128060,11,5,6,241,15,15
1699128120,11,5,6,242,15,15
1699128180,11,5,6,243,15,15
1699128240,11,5,6,244,15,15
1699128300,11,5,6,245,15,15
1699128360,11,5,6,246,15,15
1699128420,11,5,6,247,15,15
1699128480,11,5,6,248,15,15
1699128540,11,5,6,249,15,15
1699128660,11,5,6,251,15,15
1699128720,11,5,6,252,15,15
1699128780,11,5,6,253,15,15
1699128840,11,5,6,254,15,15
1699128960,11,5,6,256,15,15
1699129020,11,5,6,257,15,15
1699129080,11,5,6,258,15,15
1699129140,11,5,6,259,15,15
1699129260,11,5,6,261,15,15
1699129320,11,5,6,262,15,15
1699129380,11,5,6,263,15,15
1699129440,11,5,6,264,15,15
1699129500,11,5,6,265,15,15
1699129620,11,5,6,267,15,15
1699129680,11,5,6,268,15,15
1699129740,11,5,6,269,15,15
1699129800,11,5,6,270,15,15
1699129920,11,5,6,272,15,15
1699130040,11,5,6,274,15,15
1699130100,11,5,6,275,15,15
1699130160,11,5,6,276,15,15
1699130280,11,5,6,278,15,15
1699130340,11,5,6,279,15,15
1699130400,11,5,6,280,15,15
1699130460,11,5,6,281,15,15
1699130520,11,5,6,282,15,15
1699130580,11,5,6,283,15,15
1699130640,11,5,6,284,15,15
1699130700,11,5,6,285,15,15
1699130760,11,5,6,286,15,15
1699130880,11,5,6,288,15,15
1699130940,11,5,6,289,15,15
1699131060,11,5,6,291,15,15
1699131120,11,5,6,292,15,15
1699131180,11,5,6,293,15,15
1699131240,11,5,6,294,15,15
1699131360,11,5,6,296,15,15
1699131420,11,5,6,297,15,15
1699131480,11,5,6,298,15,15
1699131540,11,5,6,299,15,15
1699131600,11,5,6,300,15,15
1699131660,11,5,6,301,15,15
1699131780,11,5,6,303,15,15
1699131840,11,5,6,304,15,15
1699131900,11,5,6,305,15,15
1699131960,11,5,6,306,15,15
1699132020,11,5,6,307,15,15
1699132080,11,5,6,308,15,15
1699132140,11,5,6,309,15,15
1699132200,11,5,6,310,15,15
1699132260,11,5,6,311,15,15
1699132320,11,5,6,312,15,15
1699132380,11,5,6,313,15,15
1699132440,11,5,6,314,15,14
1699132500,11,5,6,315,15,14
1699132560,11,5,6,316,15,14
1699132620,11,5,6,317,15,14
1699132680,11,5,6,318,15,14
1699132740,11,5,6,319,15,14
1699132860,11,5,6,321,15,14
1699132920,11,5,6,322,15,14
1699132980,11,5,6,323,15,14
1699133040,11,5,6,324,15,14
1699133100,11,5,6,325,15,14
1699133160,11,5,6,326,15,14
1699133220,11,5,6,327,15,14
1699133280,11,5,6,328,15,14
1699133340,11,5,6,329,15,14
1699133400,11,5,6,330,15,14
1699133460,11,5,6,331,15,14
1699133520,11,5,6,332,15,14
1699133580,11,5,6,333,15,14
1699133640,11,5,6,334,15,14
1699133700,11,5,6,335,15,14
1699133760,11,5,6,336,15,14
1699133820,11,5,6,337,15,14
1699133880,11,5,6,338,15,14
1699133940,11,5,6,339,15,14
1699134000,11,5,6,340,15,14
1699134120,11,5,6,342,15,14
1699134180,11,5,6,343,15,14
1699134240,11,5,6,344,15,14
1699134300,11,5,6,345,15,14
1699134360,11,5,6,346,15,14
1699134420,11,5,6,347,15,14
1699134480,11,5,6,348,15,14
1699134540,11,5,6,349,15,14
1699134600,11,5,6,350,15,14
1699134660,11,5,6,351,15,14
1699134720,11,5,6,352,15,14
1699134780,11,5,6,353,15,14
1699134840,11,5,6,354,15,14
1699134900,11,5,6,355,15,14
1699134960,11,5,6,356,15,14
1699135020,11,5,6,357,15,14
1699135080,11,5,6,358,15,14
1699135140,11,5,6,359,15,14
1699135200,11,5,6,360,15,14
1699135260,11,5,6,361,15,14
1699135320,11,5,6,362,15,14
1699135380,11,5,6,363,15,14
1699135440,11,5,6,364,15,14
1699135500,11,5,6,365,15,14
1699135560,11,5,6,366,15,14
1699135620,11,5,6,367,15,14
1699135680,11,5,6,368,15,14
1699135740,11,5,6,369,15,14
1699135800,11,5,6,370,15,14
1699135860,11,5,6,371,15,14
1699135920,11,5,6,372,15,14
1699135980,11,5,6,373,15,14
1699136040,11,5,6,374,15,14
1699136100,11,5,6,375,15,14
1699136160,11,5,6,376,15,14
1699136220,11,5,6,377,15,14
1699136280,11,5,6,378,15,14
1699136340,11,5,6,379,15,14
1699136460,11,5,6,381,15,14
1699136520,11,5,6,382,15,14
1699136580,11,5,6,383,15,14
1699136640,11,5,6,384,15,14
1699136700,11,5,6,385,15,13
1699136760,11,5,6,386,15,14
1699136820,11,5,6,387,15,14
1699136880,11,5,6,388,15,14
1699136940,11,5,6,389,15,14
1699137000,11,5,6,390,15,14
1699137060,11,5,6,391,15,14
1699137120,11,5,6,392,15,14
1699137180,11,5,6,393,15,14
1699137240,11,5,6,394,15,14
1699137300,11,5,6,395,15,14
1699137360,11,5,6,396,15,14
1699137420,11,5,6,397,15,13
1699137480,11,5,6,398,15,13
1699137540,11,5,6,399,15,13
1699137600,11,5,6,400,15,13
1699137660,11,5,6,401,15,12
1699137720,11,5,6,402,15,12
1699137780,11,5,6,403,15,12
1699137840,11,5,6,404,15,12
1699137900,11,5,6,405,15,12
1699137960,11,5,6,406,15,12
1699138020,11,5,6,407,15,12
1699138080,11,5,6,408,15,12
1699138140,11,5,6,409,15,12
1699138200,11,5,6,410,15,12
1699138260,11,5,6,411,15,12
1699138320,11,5,6,412,15,12
1699138380,11,5,6,413,15,12
1699138440,11,5,6,414,15,12
1699138500,11,5,6,415,15,12
1699138560,11,5,6,416,15,12
1699138620,11,5,6,417,15,12
1699138680,11,5,6,418,15,12
1699138740,11,5,6,419,15,12
1699138800,11,5,6,420,15,12
1699138860,11,5,6,421,15,12
1699138920,11,5,6,422,15,12
1699138980,11,5,6,423,15,12
1699139040,11,5,6,424,15,12
1699139100,11,5,6,425,15,12
1699139160,11,5,6,426,15,12
1699139220,11,5,6,427,15,13
1699139280,11,5,6,428,15,13
1699139340,11,5,6,429,15,13
1699139400,11,5,6,430,15,13
1699139460,11,5,6,431,15,13
1699139520,11,5,6,432,15,13
1699139580,11,5,6,433,15,13
1699139640,11,5,6,434,15,13
1699139700,11,5,6,435,15,13
1699139760,11,5,6,436,15,13
1699139820,11,5,6,437,15,13
1699139880,11,5,6,438,15,13
1699139940,11,5,6,439,15,13
1699140060,11,5,6,441,15,13
1699140120,11,5,6,442,15,13
1699140180,11,5,6,443,15,13
1699140240,11,5,6,444,15,13
1699140300,11,5,6,445,15,13
1699140360,11,5,6,446,15,13
1699140420,11,5,6,447,15,13
1699140480,11,5,6,448,15,13
1699140540,11,5,6,449,15,13
1699140600,11,5,6,450,15,13
1699140660,11,5,6,451,15,13
1699140720,11,5,6,452,15,13
1699140780,11,5,6,453,15,13
1699140840,11,5,6,454,15,13
1699140900,11,5,6,455,15,13
1699140960,11,5,6,456,15,13
1699141020,11,5,6,457,15,13
1699141080,11,5,6,458,15,13
1699141140,11,5,6,459,15,13
1699141200,11,5,6,460,15,13
1699141260,11,5,6,461,15,13
1699141320,11,5,6,462,15,13
1699141380,11,5,6,463,15,13
1699141440,11,5,6,464,15,13
1699141500,11,5,6,465,15,13
1699141560,11,5,6,466,15,13
1699141620,11,5,6,467,15,13
1699141680,11,5,6,468,15,13
1699141740,11,5,6,469,15,13
1699141800,11,5,6,470,15,13
1699141860,11,5,6,471,15,13
1699141920,11,5,6,472,15,14
1699141980,11,5,6,473,15,14
1699142040,11,5,6,474,15,14
1699142100,11,5,6,475,15,14
1699142160,11,5,6,476,15,14
1699142220,11,5,6,477,15,14
1699142280,11,5,6,478,15,14
1699142340,11,5,6,479,15,14
1699142460,11,5,6,481,15,14
1699142520,11,5,6,482,15,14
1699142580,11,5,6,483,15,14
1699142640,11,5,6,484,15,14
1699142700,11,5,6,485,15,14
1699142760,11,5,6,486,15,14
1699142820,11,5,6,487,15,13
1699142880,11,5,6,488,15,13
1699142940,11,5,6,489,15,13
1699143000,11,5,6,490,15,13
1699143060,11,5,6,491,15,13
1699143120,11,5,6,492,15,13
1699143180,11,5,6,493,15,13
1699143240,11,5,6,494,15,13
1699143300,11,5,6,495,15,13
1699143360,11,5,6,496,15,13
1699143420,11,5,6,497,15,13
1699143480,11,5,6,498,15,12
1699143540,11,5,6,499,15,12
1699143660,11,5,6,501,15,12
1699143720,11,5,6,502,15,12
1699143780,11,5,6,503,15,12
1699143840,11,5,6,504,15,12
1699143900,11,5,6,505,15,12
1699143960,11,5,6,506,15,12
1699144020,11,5,6,507,15,11
1699144080,11,5,6,508,15,11
1699144140,11,5,6,509,15,11
1699144260,11,5,6,511,15,11
1699144320,11,5,6,512,15,11
1699144380,11,5,6,513,15,11
1699144440,11,5,6,514,15,11
1699144500,11,5,6,515,15,11
1699144560,11,5,6,516,15,10
1699144620,11,5,6,517,15,10
1699144680,11,5,6,518,15,10
1699144740,11,5,6,519,15,10
1699144800,11,5,6,520,15,10
1699144860,11,5,6,521,15,10
1699144920,11,5,6,522,15,10
1699144980,11,5,6,523,15,9
1699145040,11,5,6,524,15,9
1699145100,11,5,6,525,15,9
1699145160,11,5,6,526,15,9
1699145220,11,5,6,527,15,9
1699145280,11,5,6,528,15,9
1699145340,11,5,6,529,15,8
1699145400,11,5,6,530,15,8
1699145460,11,5,6,531,15,8
1699145520,11,5,6,532,15,8
1699145580,11,5,6,533,15,8
1699145640,11,5,6,534,15,7
1699145700,11,5,6,535,15,7
1699145760,11,5,6,536,15,7
1699145820,11,5,6,537,15,7
1699145880,11,5,6,538,15,7
1699145940,11,5,6,539,15,7
1699146060,11,5,6,541,15,7
1699146120,11,5,6,542,15,7
1699146180,11,5,6,543,15,7
1699146240,11,5,6,544,15,7
1699146300,11,5,6,545,15,7
1699146360,11,5,6,546,15,7
1699146420,11,5,6,547,15,7
1699146480,11,5,6,548,15,6
1699146540,11,5,6,549,15,6
1699146600,11,5,6,550,15,6
1699146660,11,5,6,551,15,6
1699146720,11,5,6,552,15,6
1699146840,11,5,6,554,15,6
1699146900,11,5,6,555,15,6
1699146960,11,5,6,556,15,5
1699147020,11,5,6,557,15,5
1699147080,11,5,6,558,15,3
1699147140,11,5,6,559,15,4
1699147260,11,5,6,561,15,8
1699147320,11,5,6,562,15,8
1699147380,11,5,6,563,15,8
1699147440,11,5,6,564,15,8
1699147500,11,5,6,565,15,8
1699147560,11,5,6,566,15,10
1699147620,11,5,6,567,15,10
1699147680,11,5,6,568,15,9
1699147740,11,5,6,569,15,9
1699147860,11,5,6,571,15,9
1699147920,11,5,6,572,15,9
1699147980,11,5,6,573,15,9
1699148040,11,5,6,574,15,8
1699148100,11,5,6,575,15,7
1699148160,11,5,6,576,15,7
1699148220,11,5,6,577,15,7
1699148280,11,5,6,578,15,6
1699148340,11,5,6,579,15,6
1699148400,11,5,6,580,15,6
1699148460,11,5,6,581,15,6
1699148520,11,5,6,582,15,6
1699148580,11,5,6,583,15,6
1699148640,11,5,6,584,15,6
1699148700,11,5,6,585,15,6
1699148760,11,5,6,586,15,6
1699148820,11,5,6,587,15,5
1699148880,11,5,6,588,15,5
1699148940,11,5,6,589,15,5
1699149000,11,5,6,590,15,5
1699149060,11,5,6,591,15,5
1699149120,11,5,6,592,15,5
1699149180,11,5,6,593,15,5
1699149240,11,5,6,594,15,5
1699149300,11,5,6,595,15,5
1699149360,11,5,6,596,15,5
1699149420,11,5,6,597,15,5
1699149480,11,5,6,598,15,5
1699149540,11,5,6,599,15,5
1699149660,11,5,6,601,15,5
1699149720,11,5,6,602,15,5
1699149780,11,5,6,603,15,5
1699149840,11,5,6,604,15,6
1699149900,11,5,6,605,15,6
1699149960,11,5,6,606,15,6
1699150020,11,5,6,607,15,6
1699150080,11,5,6,608,15,6
1699150140,11,5,6,609,15,6
1699150200,11,5,6,610,15,6
1699150260,11,5,6,611,15,5
1699150320,11,5,6,612,15,5
1699150380,11,5,6,613,15,5
1699150440,11,5,6,614,15,5
1699150500,11,5,6,615,15,5
1699150560,11,5,6,616,15,4
1699150620,11,5,6,617,15,4
1699150680,11,5,6,618,15,3
1699150740,11,5,6,619,15,3
1699150860,11,5,6,621,15,3
1699150920,11,5,6,622,15,3
1699150980,11,5,6,623,15,3
1699151040,11,5,6,624,15,4
1699151100,11,5,6,625,15,4
1699151160,11,5,6,626,15,4
1699151220,11,5,6,627,15,4
1699151280,11,5,6,628,15,4
1699151340,11,5,6,629,15,4
1699151460,11,5,6,631,15,4
1699151520,11,5,6,632,15,4
1699151580,11,5,6,633,15,4
1699151640,11,5,6,634,15,4
1699151700,11,5,6,635,15,4
1699151760,11,5,6,636,15,4
1699151820,11,5,6,637,15,4
1699151880,11,5,6,638,15,4
1699151940,11,5,6,639,15,4
1699152000,11,5,6,640,15,4
1699152060,11,5,6,641,15,3
1699152120,11,5,6,642,15,3
1699152180,11,5,6,643,15,2
1699152240,11,5,6,644,15,2
1699152300,11,5,6,645,15,2
1699152360,11,5,6,646,15,2
1699152420,11,5,6,647,15,2
1699152480,11,5,6,648,15,2
1699152540,11,5,6,649,15,2
1699152600,11,5,6,650,15,2
1699152660,11,5,6,651,15,2
1699152720,11,5,6,652,15,2
1699152780,11,5,6,653,15,2
1699152840,11,5,6,654,15,2
1699152900,11,5,6,655,15,4
1699152960,11,5,6,656,15,4
1699153020,11,5,6,657,15,4
1699153080,11,5,6,658,15,4
1699153140,11,5,6,659,15,4
1699153260,11,5,6,661,15,4
1699153320,11,5,6,662,15,4
1699153380,11,5,6,663,15,4
1699153440,11,5,6,664,15,5
1699153500,11,5,6,665,15,5
1699153560,11,5,6,666,15,5
1699153620,11,5,6,667,15,5
1699153680,11,5,6,668,15,7
1699153740,11,5,6,669,15,7
1699153800,11,5,6,670,15,8
1699153860,11,5,6,671,15,8
1699153920,11,5,6,672,15,7
1699153980,11,5,6,673,15,7
1699154040,11,5,6,674,15,7
1699154100,11,5,6,675,15,6
1699154160,11,5,6,676,15,5
1699154220,11,5,6,677,15,4
1699154280,11,5,6,678,15,4
1699154340,11,5,6,679,15,4
1699154460,11,5,6,681,15,4
1699154520,11,5,6,682,15,4
1699154580,11,5,6,683,15,4
1699154640,11,5,6,684,15,4
1699154700,11,5,6,685,15,4
1699154760,11,5,6,686,15,4
1699154820,11,5,6,687,15,4
1699154880,11,5,6,688,15,4
1699154940,11,5,6,689,15,4
1699155060,11,5,6,691,15,3
1699155120,11,5,6,692,15,3
1699155180,11,5,6,693,15,2
1699155240,11,5,6,694,15,2
1699155300,11,5,6,695,15,2
1699155360,11,5,6,696,15,2
1699155420,11,5,6,697,15,2
1699155480,11,5,6,698,15,2
1699155540,11,5,6,699,15,2
1699155600,11,5,6,700,15,2
1699155660,11,5,6,701,15,2
1699155720,11,5,6,702,15,2
1699155780,11,5,6,703,15,2
1699155840,11,5,6,704,15,2
1699155900,11,5,6,705,15,2
1699155960,11,5,6,706,15,2
1699156020,11,5,6,707,15,2
1699156080,11,5,6,708,15,1
1699156140,11,5,6,709,15,1
1699156200,11,5,6,710,15,1
1699156260,11,5,6,711,15,1
1699156320,11,5,6,712,15,1
1699156380,11,5,6,713,15,1
1699156440,11,5,6,714,15,1
1699156500,11,5,6,715,15,1
1699156560,11,5,6,716,15,1
1699156620,11,5,6,717,15,2
1699156680,11,5,6,718,15,1
1699156740,11,5,6,719,15,1
1699156860,11,5,6,721,15,1
1699156920,11,5,6,722,15,1
1699156980,11,5,6,723,15,1
1699157040,11,5,6,724,15,1
1699157100,11,5,6,725,15,1
1699157160,11,5,6,726,15,1
1699157220,11,5,6,727,15,1
1699157280,11,5,6,728,15,1
1699157340,11,5,6,729,15,2
1699157400,11,5,6,730,15,2
1699157460,11,5,6,731,15,2
1699157520,11,5,6,732,15,2
1699157580,11,5,6,733,15,2
1699157640,11,5,6,734,15,2
1699157700,11,5,6,735,15,2
1699157760,11,5,6,736,15,1
1699157820,11,5,6,737,15,1
1699157880,11,5,6,738,15,1
1699157940,11,5,6,739,15,1
1699158060,11,5,6,741,15,1
1699158120,11,5,6,742,15,1
1699158180,11,5,6,743,15,1
1699158240,11,5,6,744,15,1
1699158300,11,5,6,745,15,1
1699158360,11,5,6,746,15,1
1699158420,11,5,6,747,15,1
1699158540,11,5,6,749,15,1
1699158660,11,5,6,751,15,1
1699158720,11,5,6,752,15,2
1699158780,11,5,6,753,15,2
1699158840,11,5,6,754,15,2
1699158900,11,5,6,755,15,2
1699158960,11,5,6,756,15,1
1699159020,11,5,6,757,15,1
1699159080,11,5,6,758,15,1
1699159140,11,5,6,759,15,1
1699159200,11,5,6,760,15,1
1699159260,11,5,6,761,15,1
1699159320,11,5,6,762,15,2
1699159380,11,5,6,763,15,2
1699159440,11,5,6,764,15,2
1699159500,11,5,6,765,15,2
1699159560,11,5,6,766,15,2
1699159620,11,5,6,767,15,1
1699159680,11,5,6,768,15,1
1699159740,11,5,6,769,15,1
1699159800,11,5,6,770,15,1
1699159860,11,5,6,771,15,3
1699159920,11,5,6,772,15,3
1699159980,11,5,6,773,15,3
1699160040,11,5,6,774,15,3
1699160100,11,5,6,775,15,3
1699160160,11,5,6,776,15,3
1699160220,11,5,6,777,15,3
1699160280,11,5,6,778,15,3
1699160340,11,5,6,779,15,3
1699160460,11,5,6,781,15,3
1699160520,11,5,6,782,15,1
1699160580,11,5,6,783,15,1
1699160640,11,5,6,784,15,1
1699160700,11,5,6,785,15,1
1699160760,11,5,6,786,15,0
1699160820,11,5,6,787,15,0
1699160880,11,5,6,788,15,0
1699160940,11,5,6,789,15,1
1699161000,11,5,6,790,15,1
1699161060,11,5,6,791,15,1
1699161120,11,5,6,792,15,1
1699161180,11,5,6,793,15,1
1699161240,11,5,6,794,15,1
1699161300,11,5,6,795,15,1
1699161360,11,5,6,796,15,1
1699161420,11,5,6,797,15,0
1699161480,11,5,6,798,15,1
1699161540,11,5,6,799,15,1
1699161660,11,5,6,801,15,1
1699161720,11,5,6,802,15,1
1699161780,11,5,6,803,15,0
1699161840,11,5,6,804,15,0
1699161900,11,5,6,805,15,0
1699161960,11,5,6,806,15,0
1699162020,11,5,6,807,15,0
1699162080,11,5,6,808,15,0
1699162140,11,5,6,809,15,0
1699162260,11,5,6,811,15,0
1699162320,11,5,6,812,15,0
1699162380,11,5,6,813,15,0
1699162440,11,5,6,814,15,0
1699162500,11,5,6,815,15,0
1699162560,11,5,6,816,15,0
1699162620,11,5,6,817,15,0
1699162680,11,5,6,818,15,1
1699162740,11,5,6,819,15,3
1699162800,11,5,6,820,15,3
1699162860,11,5,6,821,15,3
1699162920,11,5,6,822,15,3
1699162980,11,5,6,823,15,4
1699163040,11,5,6,824,15,4
1699163100,11,5,6,825,15,2
1699163160,11,5,6,826,15,1
1699163220,11,5,6,827,15,1
1699163280,11,5,6,828,15,1
1699163340,11,5,6,829,15,2
1699163400,11,5,6,830,15,2
1699163460,11,5,6,831,15,2
1699163520,11,5,6,832,15,2
1699163580,11,5,6,833,15,2
1699163640,11,5,6,834,15,2
1699163700,11,5,6,835,15,2
1699163760,11,5,6,836,15,4
1699163820,11,5,6,837,15,4
1699163880,11,5,6,838,15,4
1699163940,11,5,6,839,15,4
1699164060,11,5,6,841,15,4
1699164120,11,5,6,842,15,4
1699164180,11,5,6,843,15,4
1699164240,11,5,6,844,15,4
1699164300,11,5,6,845,15,3
1699164360,11,5,6,846,15,3
1699164420,11,5,6,847,15,3
1699164480,11,5,6,848,15,3
1699164540,11,5,6,849,15,3
1699164600,11,5,6,850,15,3
1699164660,11,5,6,851,15,2
1699164720,11,5,6,852,15,3
1699164780,11,5,6,853,15,3
1699164840,11,5,6,854,15,3
1699164900,11,5,6,855,15,3
1699164960,11,5,6,856,15,2
1699165020,11,5,6,857,15,2
1699165080,11,5,6,858,15,1
1699165140,11,5,6,859,15,1
1699165260,11,5,6,861,15,1
1699165320,11,5,6,862,15,1
1699165380,11,5,6,863,15,1
1699165440,11,5,6,864,15,1
1699165500,11,5,6,865,15,1
1699165560,11,5,6,866,15,1
1699165620,11,5,6,867,15,1
1699165680,11,5,6,868,15,1
1699165740,11,5,6,869,15,1
1699165860,11,5,6,871,15,1
1699165920,11,5,6,872,15,1
1699165980,11,5,6,873,15,1
1699166040,11,5,6,874,15,0
1699166100,11,5,6,875,15,0
1699166160,11,5,6,876,15,0
1699166220,11,5,6,877,15,0
1699166280,11,5,6,878,15,0
1699166340,11,5,6,879,15,0
1699166400,11,5,6,880,15,0
1699166460,11,5,6,881,15,1
1699166520,11,5,6,882,15,1
1699166580,11,5,6,883,15,1
1699166640,11,5,6,884,15,1
1699166700,11,5,6,885,15,1
1699166760,11,5,6,886,15,1
1699166820,11,5,6,887,15,1
1699166880,11,5,6,888,15,1
1699166940,11,5,6,889,15,1
1699167000,11,5,6,890,15,1
1699167060,11,5,6,891,15,1
1699167120,11,5,6,892,15,1
1699167180,11,5,6,893,15,1
1699167240,11,5,6,894,15,1
1699167300,11,5,6,895,15,1
1699167360,11,5,6,896,15,0
1699167420,11,5,6,897,15,0
1699167480,11,5,6,898,15,0
1699167540,11,5,6,899,15,0
1699167660,11,5,6,901,15,0
1699167720,11,5,6,902,15,0
1699167780,11,5,6,903,15,0
1699167840,11,5,6,904,15,0
1699167900,11,5,6,905,15,0
1699167960,11,5,6,906,15,0
1699168020,11,5,6,907,15,1
1699168080,11,5,6,908,15,2
1699168140,11,5,6,909,15,2
1699168200,11,5,6,910,15,2
1699168260,11,5,6,911,15,2
1699168320,11,5,6,912,15,1
1699168380,11,5,6,913,15,1
1699168440,11,5,6,914,15,1
1699168500,11,5,6,915,15,1
1699168560,11,5,6,916,15,1
1699168620,11,5,6,917,15,1
1699168680,11,5,6,918,15,1
1699168740,11,5,6,919,15,2
1699168860,11,5,6,921,15,2
1699168920,11,5,6,922,15,2
1699168980,11,5,6,923,15,2
1699169040,11,5,6,924,15,2
1699169100,11,5,6,925,15,3
1699169160,11,5,6,926,15,3
1699169220,11,5,6,927,15,3
1699169280,11,5,6,928,15,3
1699169340,11,5,6,929,15,3
1699169460,11,5,6,931,15,2
1699169520,11,5,6,932,15,1
1699169580,11,5,6,933,15,0
1699169640,11,5,6,934,15,0
1699169700,11,5,6,935,15,0
1699169760,11,5,6,936,15,0
1699169820,11,5,6,937,15,0
1699169880,11,5,6,938,15,0
1699169940,11,5,6,939,15,0
1699170000,11,5,6,940,15,0
1699170060,11,5,6,941,15,0
1699170180,11,5,6,943,15,0
1699170240,11,5,6,944,15,0
1699170300,11,5,6,945,15,0
1699170360,11,5,6,946,15,0
1699170420,11,5,6,947,15,0
1699170480,11,5,6,948,15,0
1699170540,11,5,6,949,15,2
1699170600,11,5,6,950,15,2
1699170660,11,5,6,951,15,2
1699170720,11,5,6,952,15,1
1699170780,11,5,6,953,15,1
1699170840,11,5,6,954,15,1
1699170900,11,5,6,955,15,1
1699170960,11,5,6,956,15,1
1699171020,11,5,6,957,15,0
1699171080,11,5,6,958,15,0
1699171140,11,5,6,959,15,0
1699171260,11,5,6,961,15,0
1699171320,11,5,6,962,15,0
1699171380,11,5,6,963,15,0
1699171440,11,5,6,964,15,0
1699171500,11,5,6,965,15,2
1699171560,11,5,6,966,15,2
1699171620,11,5,6,967,15,2
1699171680,11,5,6,968,15,1
1699171740,11,5,6,969,15,1
1699171800,11,5,6,970,15,1
1699171860,11,5,6,971,15,1
1699171920,11,5,6,972,15,1
1699171980,11,5,6,973,15,1
1699172040,11,5,6,974,15,1
1699172100,11,5,6,975,15,1
1699172160,11,5,6,976,15,1
1699172220,11,5,6,977,15,1
1699172280,11,5,6,978,15,2
1699172340,11,5,6,979,15,2
1699172460,11,5,6,981,15,2
1699172520,11,5,6,982,15,2
1699172580,11,5,6,983,15,2
1699172640,11,5,6,984,15,2
1699172700,11,5,6,985,15,2
1699172760,11,5,6,986,15,2
1699172820,11,5,6,987,15,2
1699172880,11,5,6,988,15,2
1699172940,11,5,6,989,15,2
1699173000,11,5,6,990,15,1
1699173120,11,5,6,992,15,1
1699173180,11,5,6,993,15,1
1699173240,11,5,6,994,15,1
1699173300,11,5,6,995,15,2
1699173360,11,5,6,996,15,2
1699173420,11,5,6,997,15,2
1699173480,11,5,6,998,15,2
1699173540,11,5,6,999,15,2
1699173600,11,5,6,1000,15,2
1699173660,11,5,6,1001,15,2
1699173720,11,5,6,1002,15,2
1699173780,11,5,6,1003,15,2
1699173840,11,5,6,1004,15,1
1699173900,11,5,6,1005,15,2
1699173960,11,5,6,1006,15,2
1699174020,11,5,6,1007,15,2
1699174080,11,5,6,1008,15,2
1699174140,11,5,6,1009,15,2
1699174200,11,5,6,1010,15,2
1699174260,11,5,6,1011,15,2
1699174320,11,5,6,1012,15,2
1699174380,11,5,6,1013,15,1
1699174440,11,5,6,1014,15,0
1699174500,11,5,6,1015,15,0
1699174560,11,5,6,1016,15,0
1699174620,11,5,6,1017,15,0
1699174680,11,5,6,1018,15,1
1699174740,11,5,6,1019,15,1
1699174860,11,5,6,1021,15,1
1699174920,11,5,6,1022,15,3
1699174980,11,5,6,1023,15,3
1699175040,11,5,6,1024,15,3
1699175100,11,5,6,1025,15,3
1699175160,11,5,6,1026,15,3
1699175220,11,5,6,1027,15,3
1699175280,11,5,6,1028,15,3
1699175340,11,5,6,1029,15,3
1699175400,11,5,6,1030,15,3
1699175460,11,5,6,1031,15,3
1699175520,11,5,6,1032,15,2
1699175580,11,5,6,1033,15,2
1699175640,11,5,6,1034,15,2
1699175700,11,5,6,1035,15,3
1699175760,11,5,6,1036,15,3
1699175820,11,5,6,1037,15,3
1699175880,11,5,6,1038,15,3
1699175940,11,5,6,1039,15,2
1699176060,11,5,6,1041,15,2
1699176120,11,5,6,1042,15,2
1699176180,11,5,6,1043,15,2
1699176240,11,5,6,1044,15,2
1699176300,11,5,6,1045,15,2
1699176360,11,5,6,1046,15,2
1699176420,11,5,6,1047,15,2
1699176480,11,5,6,1048,15,3
1699176540,11,5,6,1049,15,4
1699176660,11,5,6,1051,15,5
1699176720,11,5,6,1052,15,6
1699176780,11,5,6,1053,15,6
1699176840,11,5,6,1054,15,6
1699176900,11,5,6,1055,15,5
1699176960,11,5,6,1056,15,5
1699177020,11,5,6,1057,15,4
1699177080,11,5,6,1058,15,4
1699177140,11,5,6,1059,15,5
1699177200,11,5,6,1060,15,5
1699177260,11,5,6,1061,15,5
1699177320,11,5,6,1062,15,5
1699177380,11,5,6,1063,15,5
1699177440,11,5,6,1064,15,5
1699177500,11,5,6,1065,15,6
1699177560,11,5,6,1066,15,6
1699177620,11,5,6,1067,15,6
1699177680,11,5,6,1068,15,6
1699177740,11,5,6,1069,15,6
1699177800,11,5,6,1070,15,6
1699177860,11,5,6,1071,15,5
1699177920,11,5,6,1072,15,6
1699177980,11,5,6,1073,15,3
1699178040,11,5,6,1074,15,2
1699178100,11,5,6,1075,15,2
1699178160,11,5,6,1076,15,1
1699178220,11,5,6,1077,15,1
1699178280,11,5,6,1078,15,2
1699178340,11,5,6,1079,15,2
1699178460,11,5,6,1081,15,0
1699178520,11,5,6,1082,15,0
1699178580,11,5,6,1083,15,0
1699178640,11,5,6,1084,15,0
1699178700,11,5,6,1085,15,1
1699178760,11,5,6,1086,15,1
1699178820,11,5,6,1087,15,1
1699178880,11,5,6,1088,15,1
1699178940,11,5,6,1089,15,1
1699179000,11,5,6,1090,15,0
1699179060,11,5,6,1091,15,0
1699179120,11,5,6,1092,15,0
1699179180,11,5,6,1093,15,0
1699179240,11,5,6,1094,15,0
1699179300,11,5,6,1095,15,0
1699179360,11,5,6,1096,15,0
1699179420,11,5,6,1097,15,0
1699179480,11,5,6,1098,15,0
1699179540,11,5,6,1099,15,1
1699179660,11,5,6,1101,15,1
1699179720,11,5,6,1102,15,1
1699179780,11,5,6,1103,15,1
1699179840,11,5,6,1104,15,2
1699179900,11,5,6,1105,15,1
1699179960,11,5,6,1106,15,1
1699180020,11,5,6,1107,15,1
1699180080,11,5,6,1108,15,1
1699180140,11,5,6,1109,15,1
1699180260,11,5,6,1111,15,1
1699180320,11,5,6,1112,15,2
1699180380,11,5,6,1113,15,1
1699180440,11,5,6,1114,15,1
1699180500,11,5,6,1115,15,2
1699180560,11,5,6,1116,15,2
1699180620,11,5,6,1117,15,2
1699180680,11,5,6,1118,15,2
1699180740,11,5,6,1119,15,2
1699180800,11,5,6,1120,15,2
1699180860,11,5,6,1121,15,2
1699180920,11,5,6,1122,15,2
1699180980,11,5,6,1123,15,2
1699181040,11,5,6,1124,15,2
1699181100,11,5,6,1125,15,2
1699181160,11,5,6,1126,15,2
1699181220,11,5,6,1127,15,1
1699181280,11,5,6,1128,15,0
1699181340,11,5,6,1129,15,0
1699181400,11,5,6,1130,15,0
1699181460,11,5,6,1131,15,0
1699181520,11,5,6,1132,15,0
1699181640,11,5,6,1134,15,0
1699181700,11,5,6,1135,15,0
1699181760,11,5,6,1136,15,2
1699181820,11,5,6,1137,15,2
1699181880,11,5,6,1138,15,2
1699181940,11,5,6,1139,15,2
1699182060,11,5,6,1141,15,1
1699182120,11,5,6,1142,15,1
1699182180,11,5,6,1143,15,1
1699182240,11,5,6,1144,15,1
1699182300,11,5,6,1145,15,1
1699182360,11,5,6,1146,15,1
1699182420,11,5,6,1147,15,1
1699182480,11,5,6,1148,15,1
1699182540,11,5,6,1149,15,1
1699182600,11,5,6,1150,15,1
1699182660,11,5,6,1151,15,1
1699182720,11,5,6,1152,15,1
1699182780,11,5,6,1153,15,1
1699182840,11,5,6,1154,15,1
1699182900,11,5,6,1155,15,1
1699182960,11,5,6,1156,15,1
1699183020,11,5,6,1157,15,2
1699183080,11,5,6,1158,15,2
1699183140,11,5,6,1159,15,2
1699183260,11,5,6,1161,15,2
1699183320,11,5,6,1162,15,4
1699183380,11,5,6,1163,15,5
1699183440,11,5,6,1164,15,5
1699183500,11,5,6,1165,15,5
1699183560,11,5,6,1166,15,5
1699183620,11,5,6,1167,15,5
1699183680,11,5,6,1168,15,5
1699183740,11,5,6,1169,15,6
1699183860,11,5,6,1171,15,6
1699183920,11,5,6,1172,15,6
1699183980,11,5,6,1173,15,7
1699184040,11,5,6,1174,15,7
1699184100,11,5,6,1175,15,7
1699184160,11,5,6,1176,15,7
1699184220,11,5,6,1177,15,7
1699184280,11,5,6,1178,15,6
1699184340,11,5,6,1179,15,6
1699184400,11,5,6,1180,15,4
1699184460,11,5,6,1181,15,4
1699184520,11,5,6,1182,15,5
1699184580,11,5,6,1183,15,5
1699184640,11,5,6,1184,15,6
1699184700,11,5,6,1185,15,6
1699184760,11,5,6,1186,15,6
1699184820,11,5,6,1187,15,6
1699184880,11,5,6,1188,15,6
1699184940,11,5,6,1189,15,6
1699185000,11,5,6,1190,15,6
1699185060,11,5,6,1191,15,5
1699185120,11,5,6,1192,15,5
1699185180,11,5,6,1193,15,5
1699185240,11,5,6,1194,15,5
1699185300,11,5,6,1195,15,5
1699185360,11,5,6,1196,15,5
1699185420,11,5,6,1197,15,5
1699185480,11,5,6,1198,15,5
1699185540,11,5,6,1199,15,5
1699185660,11,5,6,1201,15,5
1699185720,11,5,6,1202,15,5
1699185780,11,5,6,1203,15,5
1699185840,11,5,6,1204,15,5
1699185900,11,5,6,1205,15,6
1699185960,11,5,6,1206,15,6
1699186020,11,5,6,1207,15,6
1699186080,11,5,6,1208,15,6
1699186140,11,5,6,1209,15,8
1699186200,11,5,6,1210,15,8
1699186260,11,5,6,1211,15,8
1699186320,11,5,6,1212,15,8
1699186380,11,5,6,1213,15,8
1699186440,11,5,6,1214,15,8
1699186500,11,5,6,1215,15,7
1699186560,11,5,6,1216,15,7
1699186620,11,5,6,1217,15,7
1699186680,11,5,6,1218,15,7
1699186740,11,5,6,1219,15,7
1699186860,11,5,6,1221,15,7
1699186920,11,5,6,1222,15,7
1699186980,11,5,6,1223,15,7
1699187040,11,5,6,1224,15,7
1699187100,11,5,6,1225,15,7
1699187160,11,5,6,1226,15,7
1699187220,11,5,6,1227,15,7
1699187280,11,5,6,1228,15,7
1699187340,11,5,6,1229,15,7
1699187460,11,5,6,1231,15,7
1699187520,11,5,6,1232,15,7
1699187580,11,5,6,1233,15,7
1699187640,11,5,6,1234,15,7
1699187700,11,5,6,1235,15,7
1699187760,11,5,6,1236,15,7
1699187820,11,5,6,1237,15,7
1699187880,11,5,6,1238,15,7
1699187940,11,5,6,1239,15,6
1699188000,11,5,6,1240,15,6
1699188060,11,5,6,1241,15,6
1699188120,11,5,6,1242,15,8
1699188180,11,5,6,1243,15,8
1699188240,11,5,6,1244,15,9
1699188300,11,5,6,1245,15,10
1699188360,11,5,6,1246,15,10
1699188420,11,5,6,1247,15,10
1699188480,11,5,6,1248,15,9
1699188540,11,5,6,1249,15,9
1699188600,11,5,6,1250,15,9
1699188660,11,5,6,1251,15,9
1699188720,11,5,6,1252,15,10
1699188780,11,5,6,1253,15,10
1699188840,11,5,6,1254,15,10
1699188900,11,5,6,1255,15,10
1699188960,11,5,6,1256,15,10
1699189080,11,5,6,1258,15,10
1699189140,11,5,6,1259,15,10
1699189200,11,5,6,1260,15,10
1699189320,11,5,6,1262,15,11
1699189380,11,5,6,1263,15,11
1699189440,11,5,6,1264,15,10
1699189500,11,5,6,1265,15,10
1699189560,11,5,6,1266,15,10
1699189620,11,5,6,1267,15,10
1699189680,11,5,6,1268,15,10
1699189740,11,5,6,1269,15,10
1699189800,11,5,6,1270,15,10
1699189860,11,5,6,1271,15,10
1699189920,11,5,6,1272,15,10
1699189980,11,5,6,1273,15,10
1699190040,11,5,6,1274,15,10
1699190100,11,5,6,1275,15,9
1699190160,11,5,6,1276,15,9
1699190220,11,5,6,1277,15,10
1699190280,11,5,6,1278,15,10
1699190340,11,5,6,1279,15,11
1699190460,11,5,6,1281,15,11
1699190520,11,5,6,1282,15,11
1699190580,11,5,6,1283,15,11
1699190640,11,5,6,1284,15,11
1699190700,11,5,6,1285,15,11
1699190760,11,5,6,1286,15,11
1699190820,11,5,6,1287,15,11
1699190880,11,5,6,1288,15,11
1699190940,11,5,6,1289,15,13
1699191000,11,5,6,1290,15,13
1699191060,11,5,6,1291,15,13
1699191120,11,5,6,1292,15,13
1699191180,11,5,6,1293,15,13
1699191240,11,5,6,1294,15,13
1699191300,11,5,6,1295,15,13
1699191360,11,5,6,1296,15,13
1699191420,11,5,6,1297,15,13
1699191480,11,5,6,1298,15,14
1699191540,11,5,6,1299,15,14
1699191600,11,5,6,1300,15,14
1699191660,11,5,6,1301,15,14
1699191720,11,5,6,1302,15,13
1699191780,11,5,6,1303,15,13
1699191840,11,5,6,1304,15,13
1699191900,11,5,6,1305,15,13
1699191960,11,5,6,1306,15,13
1699192020,11,5,6,1307,15,13
1699192080,11,5,6,1308,15,13
1699192140,11,5,6,1309,15,13
1699192200,11,5,6,1310,15,13
1699192260,11,5,6,1311,15,13
1699192320,11,5,6,1312,15,13
1699192380,11,5,6,1313,15,13
1699192440,11,5,6,1314,15,13
1699192500,11,5,6,1315,15,13
1699192560,11,5,6,1316,15,13
1699192620,11,5,6,1317,15,12
1699192680,11,5,6,1318,15,12
1699192740,11,5,6,1319,15,12
1699192860,11,5,6,1321,15,12
1699192920,11,5,6,1322,15,12
1699192980,11,5,6,1323,15,12
1699193040,11,5,6,1324,15,12
1699193100,11,5,6,1325,15,12
1699193220,11,5,6,1327,15,12
1699193280,11,5,6,1328,15,12
1699193340,11,5,6,1329,15,12
1699193400,11,5,6,1330,15,12
1699193460,11,5,6,1331,15,12
1699193520,11,5,6,1332,15,12
1699193580,11,5,6,1333,15,12
1699193640,11,5,6,1334,15,12
1699193700,11,5,6,1335,15,12
1699193760,11,5,6,1336,15,12
1699193820,11,5,6,1337,15,10
1699193880,11,5,6,1338,15,10
1699193940,11,5,6,1339,15,10
1699194060,11,5,6,1341,15,9
1699194120,11,5,6,1342,15,10
1699194180,11,5,6,1343,15,9
1699194240,11,5,6,1344,15,9
1699194300,11,5,6,1345,15,8
1699194360,11,5,6,1346,15,8
1699194420,11,5,6,1347,15,8
1699194480,11,5,6,1348,15,8
1699194540,11,5,6,1349,15,8
1699194600,11,5,6,1350,15,8
1699194660,11,5,6,1351,15,8
1699194720,11,5,6,1352,15,8
1699194780,11,5,6,1353,15,8
1699194840,11,5,6,1354,15,8
1699194900,11,5,6,1355,15,8
1699194960,11,5,6,1356,15,8
1699195020,11,5,6,1357,15,8
1699195080,11,5,6,1358,15,8
1699195140,11,5,6,1359,15,8
1699195200,11,5,6,1360,15,8
1699195260,11,5,6,1361,15,8
1699195320,11,5,6,1362,15,8
1699195380,11,5,6,1363,15,8
1699195440,11,5,6,1364,15,9
1699195500,11,5,6,1365,15,9
1699195560,11,5,6,1366,15,9
1699195620,11,5,6,1367,15,9
1699195680,11,5,6,1368,15,9
1699195740,11,5,6,1369,15,10
1699195800,11,5,6,1370,15,11
1699195860,11,5,6,1371,15,11
1699195920,11,5,6,1372,15,11
1699195980,11,5,6,1373,15,11
1699196040,11,5,6,1374,15,11
1699196100,11,5,6,1375,15,11
1699196160,11,5,6,1376,15,12
1699196220,11,5,6,1377,15,12
1699196280,11,5,6,1378,15,12
1699196340,11,5,6,1379,15,12
1699196400,11,5,6,1380,15,12
1699196460,11,5,6,1381,15,13
1699196520,11,5,6,1382,15,13
1699196580,11,5,6,1383,15,13
1699196640,11,5,6,1384,15,13
1699196700,11,5,6,1385,15,13
1699196760,11,5,6,1386,15,13
1699196820,11,5,6,1387,15,13
1699196880,11,5,6,1388,15,13
1699196940,11,5,6,1389,15,13
1699197000,11,5,6,1390,15,12
1699197060,11,5,6,1391,15,13
1699197120,11,5,6,1392,15,12
1699197180,11,5,6,1393,15,13
1699197240,11,5,6,1394,15,13
1699197300,11,5,6,1395,15,13
1699197360,11,5,6,1396,15,13
1699197420,11,5,6,1397,15,13
1699197480,11,5,6,1398,15,13
1699197540,11,5,6,1399,15,13
1699197660,11,5,6,1401,15,13
1699197720,11,5,6,1402,15,13
1699197780,11,5,6,1403,15,13
1699197840,11,5,6,1404,15,13
1699197900,11,5,6,1405,15,12
1699197960,11,5,6,1406,15,12
1699198020,11,5,6,1407,15,12
1699198080,11,5,6,1408,15,12
1699198140,11,5,6,1409,15,13
1699198200,11,5,6,1410,15,13
1699198260,11,5,6,1411,15,13
1699198320,11,5,6,1412,15,13
1699198380,11,5,6,1413,15,13
1699198440,11,5,6,1414,15,13
1699198500,11,5,6,1415,15,13
1699198560,11,5,6,1416,15,13
1699198620,11,5,6,1417,15,13
1699198680,11,5,6,1418,15,13
1699198740,11,5,6,1419,15,13
1699198800,11,5,6,1420,15,13
1699198860,11,5,6,1421,15,12
1699198920,11,5,6,1422,15,12
1699198980,11,5,6,1423,15,13
1699199040,11,5,6,1424,15,13
1699199100,11,5,6,1425,15,13
1699199160,11,5,6,1426,15,12
1699199220,11,5,6,1427,15,12
1699199280,11,5,6,1428,15,12
1699199340,11,5,6,1429,15,12
1699199400,11,5,6,1430,15,12
1699199460,11,5,6,1431,15,12
1699199520,11,5,6,1432,15,12
1699199580,11,5,6,1433,15,13
1699199640,11,5,6,1434,15,13
1699199700,11,5,6,1435,15,13
1699199760,11,5,6,1436,15,13
1699199820,11,5,6,1437,15,13
1699199880,11,5,6,1438,15,13
1699199940,11,5,6,1439,15,13
1699200060,11,6,0,1,15,13
1699200120,11,6,0,2,15,13
1699200180,11,6,0,3,15,13
1699200240,11,6,0,4,15,13
1699200300,11,6,0,5,15,13
1699200360,11,6,0,6,15,13
1699200420,11,6,0,7,15,13
1699200480,11,6,0,8,15,12
1699200540,11,6,0,9,15,12
1699200660,11,6,0,11,15,12
1699200720,11,6,0,12,15,12
1699200780,11,6,0,13,15,12
1699200840,11,6,0,14,15,12
1699200900,11,6,0,15,15,11
1699200960,11,6,0,16,15,12
1699201020,11,6,0,17,15,12
1699201080,11,6,0,18,15,11
1699201140,11,6,0,19,15,11
1699201260,11,6,0,21,15,11
1699201320,11,6,0,22,15,12
1699201380,11,6,0,23,15,12
1699201440,11,6,0,24,15,12
1699201500,11,6,0,25,15,12
1699201560,11,6,0,26,15,12
1699201620,11,6,0,27,15,12
1699201680,11,6,0,28,15,12
1699201740,11,6,0,29,15,12
1699201800,11,6,0,30,15,12
1699201920,11,6,0,32,15,12
1699201980,11,6,0,33,15,12
1699202040,11,6,0,34,15,12
1699202100,11,6,0,35,15,12
1699202160,11,6,0,36,15,12
1699202220,11,6,0,37,15,12
1699202340,11,6,0,39,15,12
1699202460,11,6,0,41,15,12
1699202520,11,6,0,42,15,12
1699202580,11,6,0,43,15,12
1699202640,11,6,0,44,15,12
1699202700,11,6,0,45,15,12
1699202760,11,6,0,46,15,12
1699202820,11,6,0,47,15,12
1699202880,11,6,0,48,15,12
1699202940,11,6,0,49,15,13
1699203060,11,6,0,51,15,14
1699203120,11,6,0,52,15,14
1699203180,11,6,0,53,15,14
1699203240,11,6,0,54,15,14
1699203300,11,6,0,55,15,14
1699203360,11,6,0,56,15,14
1699203420,11,6,0,57,15,14
1699203480,11,6,0,58,15,14
1699203540,11,6,0,59,15,14
1699203660,11,6,0,61,15,14
1699203780,11,6,0,63,15,14
1699203840,11,6,0,64,15,14
1699203900,11,6,0,65,15,14
1699203960,11,6,0,66,15,14
1699204020,11,6,0,67,15,14
1699204080,11,6,0,68,15,14
1699204140,11,6,0,69,15,14
1699204260,11,6,0,71,15,14
1699204320,11,6,0,72,15,14
1699204380,11,6,0,73,15,14
1699204440,11,6,0,74,15,14
1699204500,11,6,0,75,15,14
1699204560,11,6,0,76,15,14
1699204620,11,6,0,77,15,14
1699204680,11,6,0,78,15,14
1699204740,11,6,0,79,15,13
1699204860,11,6,0,81,15,13
1699204920,11,6,0,82,15,13
1699204980,11,6,0,83,15,13
1699205040,11,6,0,84,15,14
1699205100,11,6,0,85,15,14
1699205160,11,6,0,86,15,14
1699205220,11,6,0,87,15,14
1699205280,11,6,0,88,15,13
1699205340,11,6,0,89,15,13
1699205400,11,6,0,90,15,13
1699205460,11,6,0,91,15,13
1699205520,11,6,0,92,15,13
1699205580,11,6,0,93,15,12
1699205640,11,6,0,94,15,12
1699205700,11,6,0,95,15,12
1699205760,11,6,0,96,15,12
1699205820,11,6,0,97,15,12
1699205880,11,6,0,98,15,12
1699205940,11,6,0,99,15,12
1699206000,11,6,0,100,15,12
1699206060,11,6,0,101,15,12
1699206120,11,6,0,102,15,12
1699206180,11,6,0,103,15,12
1699206240,11,6,0,104,15,12
1699206300,11,6,0,105,15,12
1699206360,11,6,0,106,15,12
1699206420,11,6,0,107,15,12
1699206480,11,6,0,108,15,12
1699206540,11,6,0,109,15,12
1699206600,11,6,0,110,15,12
1699206660,11,6,0,111,15,12
1699206720,11,6,0,112,15,12
1699206780,11,6,0,113,15,12
1699206840,11,6,0,114,15,12
1699206900,11,6,0,115,15,12
1699206960,11,6,0,116,15,12
1699207020,11,6,0,117,15,12
1699207080,11,6,0,118,15,12
1699207140,11,6,0,119,15,12
1699207260,11,6,0,121,15,12
1699207320,11,6,0,122,15,12
1699207440,11,6,0,124,15,12
1699207500,11,6,0,125,15,12
1699207560,11,6,0,126,15,12
1699207620,11,6,0,127,15,12
1699207680,11,6,0,128,15,12
1699207740,11,6,0,129,15,12
1699207800,11,6,0,130,15,12
1699207860,11,6,0,131,15,12
1699207920,11,6,0,132,15,12
1699207980,11,6,0,133,15,12
1699208040,11,6,0,134,15,12
1699208100,11,6,0,135,15,12
1699208160,11,6,0,136,15,12
1699208220,11,6,0,137,15,12
1699208280,11,6,0,138,15,12
1699208340,11,6,0,139,15,12
1699208460,11,6,0,141,15,12
1699208520,11,6,0,142,15,12
1699208580,11,6,0,143,15,12
1699208640,11,6,0,144,15,12
1699208700,11,6,0,145,15,12
1699208760,11,6,0,146,15,12
1699208820,11,6,0,147,15,12
1699208880,11,6,0,148,15,12
1699208940,11,6,0,149,15,12
1699209000,11,6,0,150,15,12
1699209060,11,6,0,151,15,12
1699209120,11,6,0,152,15,12
1699209180,11,6,0,153,15,12
1699209240,11,6,0,154,15,12
1699209300,11,6,0,155,15,12
1699209360,11,6,0,156,15,12
1699209420,11,6,0,157,15,12
1699209480,11,6,0,158,15,12
1699209540,11,6,0,159,15,12
1699209600,11,6,0,160,15,12
1699209660,11,6,0,161,15,12
1699209720,11,6,0,162,15,12
1699209780,11,6,0,163,15,12
1699209840,11,6,0,164,15,12
1699209900,11,6,0,165,15,12
1699209960,11,6,0,166,15,12
1699210020,11,6,0,167,15,12
1699210080,11,6,0,168,15,12
1699210140,11,6,0,169,15,12
1699210200,11,6,0,170,15,12
1699210260,11,6,0,171,15,12
1699210320,11,6,0,172,15,12
1699210380,11,6,0,173,15,12
1699210440,11,6,0,174,15,12
1699210500,11,6,0,175,15,12
1699210560,11,6,0,176,15,12
1699210620,11,6,0,177,15,12
1699210680,11,6,0,178,15,12
1699210740,11,6,0,179,15,12
1699210800,11,6,0,180,15,12
1699210860,11,6,0,181,15,12
1699210920,11,6,0,182,15,12
1699210980,11,6,0,183,15,12
1699211040,11,6,0,184,15,12
1699211100,11,6,0,185,15,12
1699211160,11,6,0,186,15,12
1699211220,11,6,0,187,15,12
1699211280,11,6,0,188,15,12
1699211340,11,6,0,189,15,12
1699211400,11,6,0,190,15,12
1699211460,11,6,0,191,15,12
1699211520,11,6,0,192,15,12
1699211580,11,6,0,193,15,12
1699211640,11,6,0,194,15,12
1699211700,11,6,0,195,15,12
1699211760,11,6,0,196,15,12
1699211820,11,6,0,197,15,12
1699211880,11,6,0,198,15,12
1699211940,11,6,0,199,15,12
1699212060,11,6,0,201,15,12
1699212120,11,6,0,202,15,12
1699212180,11,6,0,203,15,12
1699212240,11,6,0,204,15,12
1699212300,11,6,0,205,15,12
1699212360,11,6,0,206,15,12
1699212420,11,6,0,207,15,12
1699212480,11,6,0,208,15,12
1699212540,11,6,0,209,15,12
1699212660,11,6,0,211,15,12
1699212720,11,6,0,212,15,12
1699212780,11,6,0,213,15,12
1699212840,11,6,0,214,15,12
1699212900,11,6,0,215,15,12
1699212960,11,6,0,216,15,12
1699213020,11,6,0,217,15,12
1699213080,11,6,0,218,15,12
1699213140,11,6,0,219,15,12
1699213260,11,6,0,221,15,12
1699213320,11,6,0,222,15,12
1699213380,11,6,0,223,15,12
1699213440,11,6,0,224,15,12
1699213500,11,6,0,225,15,12
1699213560,11,6,0,226,15,12
1699213620,11,6,0,227,15,12
1699213680,11,6,0,228,15,12
1699213740,11,6,0,229,15,12
1699213860,11,6,0,231,15,12
1699213920,11,6,0,232,15,12
1699213980,11,6,0,233,15,12
1699214040,11,6,0,234,15,12
1699214100,11,6,0,235,15,12
1699214160,11,6,0,236,15,12
1699214220,11,6,0,237,15,12
1699214280,11,6,0,238,15,12
1699214340,11,6,0,239,15,12
1699214460,11,6,0,241,15,12
1699214520,11,6,0,242,15,12
1699214580,11,6,0,243,15,12
1699214640,11,6,0,244,15,12
1699214700,11,6,0,245,15,12
1699214760,11,6,0,246,15,12
1699214820,11,6,0,247,15,12
1699214880,11,6,0,248,15,12
1699214940,11,6,0,249,15,12
1699215060,11,6,0,251,15,12
1699215120,11,6,0,252,15,12
1699215180,11,6,0,253,15,12
1699215240,11,6,0,254,15,12
1699215300,11,6,0,255,15,12
1699215360,11,6,0,256,15,12
1699215420,11,6,0,257,15,12
1699215480,11,6,0,258,15,12
1699215540,11,6,0,259,15,12
1699215660,11,6,0,261,15,12
1699215720,11,6,0,262,15,13
1699215780,11,6,0,263,15,13
1699215840,11,6,0,264,15,13
1699215900,11,6,0,265,15,13
1699215960,11,6,0,266,15,13
1699216020,11,6,0,267,15,13
1699216080,11,6,0,268,15,13
1699216140,11,6,0,269,15,13
1699216260,11,6,0,271,15,13
1699216320,11,6,0,272,15,13
1699216380,11,6,0,273,15,13
1699216440,11,6,0,274,15,13
1699216500,11,6,0,275,15,13
1699216560,11,6,0,276,15,13
1699216620,11,6,0,277,15,13
1699216680,11,6,0,278,15,13
1699216740,11,6,0,279,15,13
1699216860,11,6,0,281,15,13
1699216920,11,6,0,282,15,13
1699216980,11,6,0,283,15,13
1699217040,11,6,0,284,15,13
1699217100,11,6,0,285,15,13
1699217160,11,6,0,286,15,13
1699217220,11,6,0,287,15,13
1699217280,11,6,0,288,15,13
1699217340,11,6,0,289,15,13
1699217400,11,6,0,290,15,13
1699217460,11,6,0,291,15,13
1699217520,11,6,0,292,15,13
1699217580,11,6,0,293,15,13
1699217640,11,6,0,294,15,13
1699217700,11,6,0,295,15,13
1699217760,11,6,0,296,15,13
1699217820,11,6,0,297,15,13
1699217880,11,6,0,298,15,13
1699217940,11,6,0,299,15,13
1699218000,11,6,0,300,15,13
1699218060,11,6,0,301,15,13
1699218120,11,6,0,302,15,13
1699218180,11,6,0,303,15,13
1699218240,11,6,0,304,15,13
1699218300,11,6,0,305,15,13
1699218360,11,6,0,306,15,13
1699218420,11,6,0,307,15,13
1699218480,11,6,0,308,15,13
1699218540,11,6,0,309,15,13
1699218600,11,6,0,310,15,13
1699218660,11,6,0,311,15,13
1699218720,11,6,0,312,15,13
1699218780,11,6,0,313,15,13
1699218840,11,6,0,314,15,13
1699218900,11,6,0,315,15,13
1699218960,11,6,0,316,15,13
1699219020,11,6,0,317,15,13
1699219080,11,6,0,318,15,13
1699219140,11,6,0,319,15,13
1699219260,11,6,0,321,15,13
1699219320,11,6,0,322,15,13
1699219380,11,6,0,323,15,13
1699219440,11,6,0,324,15,13
1699219500,11,6,0,325,15,13
1699219560,11,6,0,326,15,13
1699219620,11,6,0,327,15,13
1699219680,11,6,0,328,15,13
1699219740,11,6,0,329,15,13
1699219800,11,6,0,330,15,13
1699219860,11,6,0,331,15,13
1699219920,11,6,0,332,15,13
1699219980,11,6,0,333,15,13
1699220040,11,6,0,334,15,13
1699220100,11,6,0,335,15,13
1699220160,11,6,0,336,15,13
1699220220,11,6,0,337,15,13
1699220280,11,6,0,338,15,13
1699220340,11,6,0,339,15,13
1699220400,11,6,0,340,15,13
1699220460,11,6,0,341,15,13
1699220520,11,6,0,342,15,13
1699220580,11,6,0,343,15,13
1699220640,11,6,0,344,15,13
1699220700,11,6,0,345,15,13
1699220760,11,6,0,346,15,13
1699220820,11,6,0,347,15,13
1699220880,11,6,0,348,15,13
1699220940,11,6,0,349,15,13
1699221000,11,6,0,350,15,14
1699221060,11,6,0,351,15,14
1699221120,11,6,0,352,15,14
1699221180,11,6,0,353,15,14
1699221240,11,6,0,354,15,14
1699221300,11,6,0,355,15,14
1699221360,11,6,0,356,15,14
1699221420,11,6,0,357,15,14
1699221480,11,6,0,358,15,14
1699221540,11,6,0,359,15,14
1699221600,11,6,0,360,15,14
1699221660,11,6,0,361,15,14
1699221720,11,6,0,362,15,14
1699221780,11,6,0,363,15,14
1699221840,11,6,0,364,15,14
1699221900,11,6,0,365,15,14
1699221960,11,6,0,366,15,14
1699222020,11,6,0,367,15,14
1699222080,11,6,0,368,15,14
1699222140,11,6,0,369,15,14
1699222200,11,6,0,370,15,14
1699222260,11,6,0,371,15,14
1699222320,11,6,0,372,15,14
1699222440,11,6,0,374,15,14
1699222500,11,6,0,375,15,14
1699222560,11,6,0,376,15,14
1699222620,11,6,0,377,15,14
1699222680,11,6,0,378,15,14
1699222740,11,6,0,379,15,14
1699222860,11,6,0,381,15,14
1699222920,11,6,0,382,15,14
1699222980,11,6,0,383,15,14
1699223040,11,6,0,384,15,14
1699223100,11,6,0,385,15,14
1699223160,11,6,0,386,15,14
1699223220,11,6,0,387,15,14
1699223280,11,6,0,388,15,14
1699223340,11,6,0,389,15,14
1699223460,11,6,0,391,15,14
1699223520,11,6,0,392,15,14
1699223580,11,6,0,393,15,14
1699223640,11,6,0,394,15,14
1699223700,11,6,0,395,15,14
1699223760,11,6,0,396,15,14
1699223820,11,6,0,397,15,14
1699223880,11,6,0,398,15,14
1699223940,11,6,0,399,15,14
1699224060,11,6,0,401,15,14
1699224120,11,6,0,402,15,14
1699224180,11,6,0,403,15,14
1699224240,11,6,0,404,15,14
1699224300,11,6,0,405,15,14
1699224360,11,6,0,406,15,14
1699224420,11,6,0,407,15,13
1699224480,11,6,0,408,15,13
1699224540,11,6,0,409,15,13
1699224660,11,6,0,411,15,13
1699224720,11,6,0,412,15,13
1699224780,11,6,0,413,15,13
1699224840,11,6,0,414,15,13
1699224900,11,6,0,415,15,13
1699224960,11,6,0,416,15,13
1699225020,11,6,0,417,15,13
1699225080,11,6,0,418,15,13
1699225140,11,6,0,419,15,13
1699225260,11,6,0,421,15,13
1699225320,11,6,0,422,15,13
1699225380,11,6,0,423,15,13
1699225440,11,6,0,424,15,13
1699225500,11,6,0,425,15,13
1699225560,11,6,0,426,15,13
1699225620,11,6,0,427,15,13
1699225680,11,6,0,428,15,12
1699225740,11,6,0,429,15,12
1699225860,11,6,0,431,15,12
1699225920,11,6,0,432,15,12
1699225980,11,6,0,433,15,12
1699226040,11,6,0,434,15,11
1699226100,11,6,0,435,15,11
1699226160,11,6,0,436,15,11
1699226220,11,6,0,437,15,11
1699226280,11,6,0,438,15,11
1699226340,11,6,0,439,15,11
1699226460,11,6,0,441,15,11
1699226520,11,6,0,442,15,11
1699226580,11,6,0,443,15,11
1699226640,11,6,0,444,15,12
1699226700,11,6,0,445,15,12
1699226760,11,6,0,446,15,11
1699226820,11,6,0,447,15,11
1699226880,11,6,0,448,15,10
1699226940,11,6,0,449,15,9
1699227060,11,6,0,451,15,9
1699227120,11,6,0,452,15,8
1699227180,11,6,0,453,15,8
1699227240,11,6,0,454,15,8
1699227300,11,6,0,455,15,7
1699227360,11,6,0,456,15,7
1699227420,11,6,0,457,15,7
1699227480,11,6,0,458,15,7
1699227540,11,6,0,459,15,7
1699227600,11,6,0,460,15,7
1699227660,11,6,0,461,15,6
1699227720,11,6,0,462,15,7
1699227780,11,6,0,463,15,7
1699227840,11,6,0,464,15,7
1699227900,11,6,0,465,15,7
1699227960,11,6,0,466,15,7
1699228020,11,6,0,467,15,7
1699228080,11,6,0,468,15,7
1699228140,11,6,0,469,15,7
1699228200,11,6,0,470,15,7
1699228260,11,6,0,471,15,6
1699228320,11,6,0,472,15,7
1699228380,11,6,0,473,15,6
1699228440,11,6,0,474,15,6
1699228500,11,6,0,475,15,6
1699228560,11,6,0,476,15,6
1699228620,11,6,0,477,15,6
1699228680,11,6,0,478,15,6
1699228740,11,6,0,479,15,6
1699228860,11,6,0,481,15,6
1699228920,11,6,0,482,15,7
1699228980,11,6,0,483,15,7
1699229040,11,6,0,484,15,7
1699229100,11,6,0,485,15,7
1699229160,11,6,0,486,15,7
1699229220,11,6,0,487,15,7
1699229280,11,6,0,488,15,7
1699229340,11,6,0,489,15,8
1699229400,11,6,0,490,15,8
1699229460,11,6,0,491,15,7
1699229520,11,6,0,492,15,6
1699229580,11,6,0,493,15,5
1699229640,11,6,0,494,15,5
1699229700,11,6,0,495,15,4
1699229760,11,6,0,496,15,4
1699229820,11,6,0,497,15,4
1699229880,11,6,0,498,15,5
1699229940,11,6,0,499,15,6
1699230060,11,6,0,501,15,6
1699230120,11,6,0,502,15,6
1699230180,11,6,0,503,15,6
1699230240,11,6,0,504,15,6
1699230300,11,6,0,505,15,5
1699230360,11,6,0,506,15,5
1699230420,11,6,0,507,15,4
1699230480,11,6,0,508,15,5
1699230540,11,6,0,509,15,5
1699230660,11,6,0,511,15,4
1699230720,11,6,0,512,15,5
1699230780,11,6,0,513,15,5
1699230840,11,6,0,514,15,5
1699230900,11,6,0,515,15,6
1699230960,11,6,0,516,15,6
1699231020,11,6,0,517,15,5
1699231080,11,6,0,518,15,6
1699231140,11,6,0,519,15,6
1699231200,11,6,0,520,15,5
1699231260,11,6,0,521,15,5
1699231320,11,6,0,522,15,6
1699231380,11,6,0,523,15,6
1699231440,11,6,0,524,15,6
1699231500,11,6,0,525,15,6
1699231560,11,6,0,526,15,7
1699231620,11,6,0,527,15,7
1699231680,11,6,0,528,15,7
1699231740,11,6,0,529,15,7
1699231800,11,6,0,530,15,6
1699231860,11,6,0,531,15,6
1699231920,11,6,0,532,15,6
1699231980,11,6,0,533,15,6
1699232040,11,6,0,534,15,6
1699232100,11,6,0,535,15,6
1699232160,11,6,0,536,15,2
1699232220,11,6,0,537,15,2
1699232280,11,6,0,538,15,2
1699232340,11,6,0,539,15,3
1699232460,11,6,0,541,15,3
1699232520,11,6,0,542,15,3
1699232580,11,6,0,543,15,3
1699232640,11,6,0,544,15,2
1699232700,11,6,0,545,15,4
1699232760,11,6,0,546,15,4
1699232820,11,6,0,547,15,4
1699232880,11,6,0,548,15,4
1699232940,11,6,0,549,15,5
1699233000,11,6,0,550,15,5
1699233060,11,6,0,551,15,5
1699233120,11,6,0,552,15,5
1699233180,11,6,0,553,15,4
1699233240,11,6,0,554,15,1
1699233300,11,6,0,555,15,0
1699233360,11,6,0,556,15,0
1699233420,11,6,0,557,15,0
1699233540,11,6,0,559,15,0
1699233660,11,6,0,561,15,0
1699233720,11,6,0,562,15,3
1699233780,11,6,0,563,15,1
1699233840,11,6,0,564,15,1
1699233960,11,6,0,566,15,2
1699234020,11,6,0,567,15,2
1699234140,11,6,0,569,15,1
1699234320,11,6,0,572,15,1
1699234440,11,6,0,574,15,0
1699234500,11,6,0,575,15,0
1699234560,11,6,0,576,15,0
1699234680,11,6,0,578,15,1
1699234740,11,6,0,579,15,1
1699234800,11,6,0,580,15,1
1699234920,11,6,0,582,15,1
1699234980,11,6,0,583,15,0
1699235040,11,6,0,584,15,0
1699235100,11,6,0,585,15,0
1699235220,11,6,0,587,15,0
1699235280,11,6,0,588,15,0
1699235340,11,6,0,589,15,0
1699235460,11,6,0,591,15,0
1699235640,11,6,0,594,15,0
1699235700,11,6,0,595,15,0
1699235820,11,6,0,597,15,1
1699235880,11,6,0,598,15,0
1699235940,11,6,0,599,15,0
1699236120,11,6,0,602,15,1
1699236180,11,6,0,603,15,1
1699236300,11,6,0,605,15,2
1699236360,11,6,0,606,15,2
1699236480,11,6,0,608,15,2
1699236540,11,6,0,609,15,3
1699236660,11,6,0,611,15,2
1699236720,11,6,0,612,15,3
1699236780,11,6,0,613,15,3
1699236840,11,6,0,614,15,3
1699236900,11,6,0,615,15,3
1699236960,11,6,0,616,15,3
1699237020,11,6,0,617,15,1
1699237080,11,6,0,618,15,1
1699237140,11,6,0,619,15,1
1699237260,11,6,0,621,15,1
1699237320,11,6,0,622,15,0
1699237380,11,6,0,623,15,0
1699237440,11,6,0,624,15,0
1699237500,11,6,0,625,15,0
1699237560,11,6,0,626,15,1
1699237620,11,6,0,627,15,1
1699237680,11,6,0,628,15,1
1699237740,11,6,0,629,15,0
1699237860,11,6,0,631,15,0
1699237920,11,6,0,632,15,0
1699237980,11,6,0,633,15,0
1699238040,11,6,0,634,15,0
1699238100,11,6,0,635,15,1
1699238160,11,6,0,636,15,1
1699238220,11,6,0,637,15,0
1699238340,11,6,0,639,15,0
1699238460,11,6,0,641,15,0
1699238520,11,6,0,642,15,0
1699238580,11,6,0,643,15,0
1699238640,11,6,0,644,15,0
1699238700,11,6,0,645,15,0
1699238760,11,6,0,646,15,0
1699238820,11,6,0,647,15,0
1699238880,11,6,0,648,15,0
1699238940,11,6,0,649,15,0
1699239000,11,6,0,650,15,0
1699239060,11,6,0,651,15,0
1699239120,11,6,0,652,15,1
1699239180,11,6,0,653,15,1
1699239240,11,6,0,654,15,0
1699239300,11,6,0,655,15,0
1699239360,11,6,0,656,15,0
1699239420,11,6,0,657,15,0
1699239480,11,6,0,658,15,0
1699239540,11,6,0,659,15,1
1699239660,11,6,0,661,15,1
1699239720,11,6,0,662,15,1
1699239780,11,6,0,663,15,1
1699239840,11,6,0,664,15,1
1699239900,11,6,0,665,15,1
1699239960,11,6,0,666,15,1
1699240020,11,6,0,667,15,1
1699240080,11,6,0,668,15,1
1699240140,11,6,0,669,15,1
1699240200,11,6,0,670,15,1
1699240260,11,6,0,671,15,1
1699240320,11,6,0,672,15,2
1699240380,11,6,0,673,15,2
1699240440,11,6,0,674,15,2
1699240500,11,6,0,675,15,2
1699240560,11,6,0,676,15,2
1699240620,11,6,0,677,15,2
1699240680,11,6,0,678,15,2
1699240740,11,6,0,679,15,2
1699240860,11,6,0,681,15,2
1699240920,11,6,0,682,15,3
1699240980,11,6,0,683,15,3
1699241040,11,6,0,684,15,3
1699241100,11,6,0,685,15,4
1699241160,11,6,0,686,15,4
1699241220,11,6,0,687,15,4
1699241280,11,6,0,688,15,4
1699241340,11,6,0,689,15,4
1699241400,11,6,0,690,15,4
1699241460,11,6,0,691,15,4
1699241520,11,6,0,692,15,4
1699241580,11,6,0,693,15,4
1699241640,11,6,0,694,15,5
1699241700,11,6,0,695,15,5
1699241760,11,6,0,696,15,5
1699241820,11,6,0,697,15,6
1699241880,11,6,0,698,15,6
1699241940,11,6,0,699,15,6
1699242000,11,6,0,700,15,6
1699242060,11,6,0,701,15,5
1699242120,11,6,0,702,15,5
1699242180,11,6,0,703,15,5
1699242240,11,6,0,704,15,5
1699242300,11,6,0,705,15,5
1699242360,11,6,0,706,15,5
1699242420,11,6,0,707,15,5
1699242480,11,6,0,708,15,4
1699242540,11,6,0,709,15,4
1699242600,11,6,0,710,15,3
1699242660,11,6,0,711,15,3
1699242720,11,6,0,712,15,3
1699242780,11,6,0,713,15,3
1699242840,11,6,0,714,15,3
1699242900,11,6,0,715,15,3
1699242960,11,6,0,716,15,3
1699243020,11,6,0,717,15,3
1699243080,11,6,0,718,15,3
1699243140,11,6,0,719,15,3
1699243200,11,6,0,720,15,3
1699243320,11,6,0,722,15,3
1699243380,11,6,0,723,15,3
1699243440,11,6,0,724,15,3
1699243500,11,6,0,725,15,1
1699243560,11,6,0,726,15,1
1699243620,11,6,0,727,15,1
1699243680,11,6,0,728,15,1
1699243740,11,6,0,729,15,1
1699243800,11,6,0,730,15,1
1699243860,11,6,0,731,15,1
1699243920,11,6,0,732,15,2
1699243980,11,6,0,733,15,2
1699244040,11,6,0,734,15,2
1699244100,11,6,0,735,15,2
1699244160,11,6,0,736,15,2
1699244220,11,6,0,737,15,1
1699244280,11,6,0,738,15,0
1699244340,11,6,0,739,15,1
1699244460,11,6,0,741,15,1
1699244520,11,6,0,742,15,2
1699244580,11,6,0,743,15,2
1699244640,11,6,0,744,15,2
1699244700,11,6,0,745,15,3
1699244760,11,6,0,746,15,3
1699244820,11,6,0,747,15,2
1699244880,11,6,0,748,15,2
1699244940,11,6,0,749,15,3
1699245060,11,6,0,751,15,3
1699245120,11,6,0,752,15,3
1699245180,11,6,0,753,15,4
1699245240,11,6,0,754,15,3
1699245300,11,6,0,755,15,3
1699245360,11,6,0,756,15,2
1699245420,11,6,0,757,15,2
1699245480,11,6,0,758,15,2
1699245540,11,6,0,759,15,3
1699245660,11,6,0,761,15,3
1699245720,11,6,0,762,15,4
1699245780,11,6,0,763,15,5
1699245840,11,6,0,764,15,5
1699245900,11,6,0,765,15,4
1699245960,11,6,0,766,15,4
1699246020,11,6,0,767,15,4
1699246080,11,6,0,768,15,4
1699246140,11,6,0,769,15,5
1699246260,11,6,0,771,15,6
1699246320,11,6,0,772,15,7
1699246380,11,6,0,773,15,7
1699246440,11,6,0,774,15,6
1699246500,11,6,0,775,15,6
1699246560,11,6,0,776,15,8
1699246620,11,6,0,777,15,7
1699246680,11,6,0,778,15,7
1699246740,11,6,0,779,15,6
1699246800,11,6,0,780,15,7
1699246920,11,6,0,782,15,6
1699246980,11,6,0,783,15,6
1699247040,11,6,0,784,15,5
1699247100,11,6,0,785,15,5
1699247160,11,6,0,786,15,5
1699247220,11,6,0,787,15,5
1699247280,11,6,0,788,15,4
1699247340,11,6,0,789,15,3
1699247460,11,6,0,791,15,3
1699247520,11,6,0,792,15,3
1699247580,11,6,0,793,15,3
1699247640,11,6,0,794,15,5
1699247700,11,6,0,795,15,5
1699247760,11,6,0,796,15,4
1699247820,11,6,0,797,15,4
1699247880,11,6,0,798,15,4
1699247940,11,6,0,799,15,4
1699248060,11,6,0,801,15,4
1699248120,11,6,0,802,15,7
1699248180,11,6,0,803,15,7
1699248240,11,6,0,804,15,7
1699248300,11,6,0,805,15,7
1699248360,11,6,0,806,15,9
1699248420,11,6,0,807,15,9
1699248480,11,6,0,808,15,9
1699248540,11,6,0,809,15,9
1699248660,11,6,0,811,15,9
1699248720,11,6,0,812,15,8
1699248780,11,6,0,813,15,7
1699248840,11,6,0,814,15,8
1699248900,11,6,0,815,15,8
1699248960,11,6,0,816,15,8
1699249020,11,6,0,817,15,8
1699249080,11,6,0,818,15,8
1699249140,11,6,0,819,15,8
1699249260,11,6,0,821,15,9
1699249320,11,6,0,822,15,9
1699249380,11,6,0,823,15,9
1699249440,11,6,0,824,15,9
1699249500,11,6,0,825,15,9
1699249560,11,6,0,826,15,9
1699249620,11,6,0,827,15,9
1699249680,11,6,0,828,15,9
1699249740,11,6,0,829,15,10
1699249860,11,6,0,831,15,10
1699249920,11,6,0,832,15,10
1699249980,11,6,0,833,15,10
1699250040,11,6,0,834,15,10
1699250100,11,6,0,835,15,10
1699250160,11,6,0,836,15,8
1699250220,11,6,0,837,15,8
1699250280,11,6,0,838,15,8
1699250340,11,6,0,839,15,7
1699250520,11,6,0,842,15,7
1699250580,11,6,0,843,15,6
1699250640,11,6,0,844,15,5
1699250700,11,6,0,845,15,4
1699250760,11,6,0,846,15,3
1699250820,11,6,0,847,15,3
1699250880,11,6,0,848,15,2
1699250940,11,6,0,849,15,1
1699251000,11,6,0,850,15,0
1699251060,11,6,0,851,15,0
1699251120,11,6,0,852,15,0
1699251180,11,6,0,853,15,0
1699251240,11,6,0,854,15,0
1699251300,11,6,0,855,15,0
1699251360,11,6,0,856,15,0
1699251420,11,6,0,857,15,1
1699251480,11,6,0,858,15,0
1699251540,11,6,0,859,15,0
1699251660,11,6,0,861,15,0
1699251720,11,6,0,862,15,1
1699251780,11,6,0,863,15,1
1699251840,11,6,0,864,15,1
1699251900,11,6,0,865,15,0
1699251960,11,6,0,866,15,0
1699252020,11,6,0,867,15,0
1699252080,11,6,0,868,15,0
1699252140,11,6,0,869,15,0
1699252200,11,6,0,870,15,0
1699252260,11,6,0,871,15,1
1699252320,11,6,0,872,15,0
1699252380,11,6,0,873,15,0
1699252440,11,6,0,874,15,0
1699252500,11,6,0,875,15,0
1699252560,11,6,0,876,15,0
1699252620,11,6,0,877,15,0
1699252680,11,6,0,878,15,0
1699252740,11,6,0,879,15,0
1699252800,11,6,0,880,15,0
1699252860,11,6,0,881,15,0
1699252920,11,6,0,882,15,0
1699252980,11,6,0,883,15,0
1699253040,11,6,0,884,15,0
1699253100,11,6,0,885,15,0
1699253160,11,6,0,886,15,0
1699253220,11,6,0,887,15,0
1699253280,11,6,0,888,15,0
1699253340,11,6,0,889,15,0
1699253400,11,6,0,890,15,2
1699253460,11,6,0,891,15,2
1699253520,11,6,0,892,15,2
1699253580,11,6,0,893,15,2
1699253640,11,6,0,894,15,2
1699253700,11,6,0,895,15,2
1699253760,11,6,0,896,15,1
1699253820,11,6,0,897,15,1
1699253880,11,6,0,898,15,1
1699253940,11,6,0,899,15,1
1699254060,11,6,0,901,15,0
1699254120,11,6,0,902,15,1
1699254180,11,6,0,903,15,0
1699254240,11,6,0,904,15,0
1699254300,11,6,0,905,15,0
1699254360,11,6,0,906,15,0
1699254420,11,6,0,907,15,0
1699254480,11,6,0,908,15,0
1699254540,11,6,0,909,15,0
1699254600,11,6,0,910,15,1
1699254660,11,6,0,911,15,1
1699254720,11,6,0,912,15,1
1699254780,11,6,0,913,15,2
1699254840,11,6,0,914,15,2
1699254900,11,6,0,915,15,1
1699254960,11,6,0,916,15,1
1699255020,11,6,0,917,15,1
1699255080,11,6,0,918,15,2
1699255140,11,6,0,919,15,2
1699255260,11,6,0,921,15,2
1699255320,11,6,0,922,15,1
1699255380,11,6,0,923,15,1
1699255440,11,6,0,924,15,1
1699255500,11,6,0,925,15,1
1699255560,11,6,0,926,15,1
1699255620,11,6,0,927,15,1
1699255680,11,6,0,928,15,0
1699255740,11,6,0,929,15,1
1699255860,11,6,0,931,15,2
1699255920,11,6,0,932,15,1
1699255980,11,6,0,933,15,0
1699256040,11,6,0,934,15,0
1699256100,11,6,0,935,15,0
1699256160,11,6,0,936,15,0
1699256220,11,6,0,937,15,0
1699256280,11,6,0,938,15,1
1699256340,11,6,0,939,15,1
1699256400,11,6,0,940,15,1
1699256460,11,6,0,941,15,1
1699256520,11,6,0,942,15,1
1699256580,11,6,0,943,15,1
1699256640,11,6,0,944,15,1
1699256700,11,6,0,945,15,1
1699256760,11,6,0,946,15,1
1699256820,11,6,0,947,15,1
1699256880,11,6,0,948,15,1
1699256940,11,6,0,949,15,1
1699257000,11,6,0,950,15,2
1699257060,11,6,0,951,15,2
1699257120,11,6,0,952,15,1
1699257180,11,6,0,953,15,1
1699257240,11,6,0,954,15,1
1699257300,11,6,0,955,15,1
1699257360,11,6,0,956,15,0
1699257420,11,6,0,957,15,0
1699257480,11,6,0,958,15,0
1699257540,11,6,0,959,15,0
1699257660,11,6,0,961,15,0
1699257720,11,6,0,962,15,0
1699257780,11,6,0,963,15,0
1699257840,11,6,0,964,15,0
1699257900,11,6,0,965,15,0
1699257960,11,6,0,966,15,0
1699258020,11,6,0,967,15,0
1699258080,11,6,0,968,15,0
1699258140,11,6,0,969,15,0
1699258200,11,6,0,970,15,0
1699258320,11,6,0,972,15,0
1699258380,11,6,0,973,15,0
1699258440,11,6,0,974,15,0
1699258500,11,6,0,975,15,0
1699258560,11,6,0,976,15,0
1699258620,11,6,0,977,15,0
1699258680,11,6,0,978,15,0
1699258740,11,6,0,979,15,0
1699258860,11,6,0,981,15,0
1699258920,11,6,0,982,15,0
1699258980,11,6,0,983,15,0
1699259040,11,6,0,984,15,0
1699259100,11,6,0,985,15,0
1699259160,11,6,0,986,15,0
1699259220,11,6,0,987,15,2
1699259280,11,6,0,988,15,2
1699259340,11,6,0,989,15,2
1699259460,11,6,0,991,15,2
1699259520,11,6,0,992,15,2
1699259580,11,6,0,993,15,2
1699259640,11,6,0,994,15,2
1699259700,11,6,0,995,15,2
1699259760,11,6,0,996,15,2
1699259820,11,6,0,997,15,3
1699259880,11,6,0,998,15,3
1699259940,11,6,0,999,15,3
1699260060,11,6,0,1001,15,5
1699260120,11,6,0,1002,15,5
1699260180,11,6,0,1003,15,5
1699260240,11,6,0,1004,15,5
1699260300,11,6,0,1005,15,4
1699260360,11,6,0,1006,15,4
1699260420,11,6,0,1007,15,5
1699260480,11,6,0,1008,15,3
1699260540,11,6,0,1009,15,3
1699260660,11,6,0,1011,15,3
1699260720,11,6,0,1012,15,3
1699260780,11,6,0,1013,15,1
1699260840,11,6,0,1014,15,1
1699260900,11,6,0,1015,15,1
1699260960,11,6,0,1016,15,1
1699261020,11,6,0,1017,15,1
1699261080,11,6,0,1018,15,1
1699261140,11,6,0,1019,15,1
1699261260,11,6,0,1021,15,1
1699261320,11,6,0,1022,15,1
1699261380,11,6,0,1023,15,1
1699261440,11,6,0,1024,15,1
1699261500,11,6,0,1025,15,1
1699261560,11,6,0,1026,15,1
1699261620,11,6,0,1027,15,1
1699261680,11,6,0,1028,15,1
1699261740,11,6,0,1029,15,0
1699261860,11,6,0,1031,15,1
1699261920,11,6,0,1032,15,0
1699262040,11,6,0,1034,15,0
1699262100,11,6,0,1035,15,0
1699262160,11,6,0,1036,15,0
1699262220,11,6,0,1037,15,0
1699262280,11,6,0,1038,15,0
1699262340,11,6,0,1039,15,0
1699262460,11,6,0,1041,15,1
1699262520,11,6,0,1042,15,1
1699262580,11,6,0,1043,15,1
1699262640,11,6,0,1044,15,1
1699262700,11,6,0,1045,15,1
1699262760,11,6,0,1046,15,1
1699262820,11,6,0,1047,15,1
1699262880,11,6,0,1048,15,1
1699262940,11,6,0,1049,15,1
1699263060,11,6,0,1051,15,1
1699263120,11,6,0,1052,15,0
1699263180,11,6,0,1053,15,0
1699263240,11,6,0,1054,15,0
1699263300,11,6,0,1055,15,0
1699263360,11,6,0,1056,15,0
1699263420,11,6,0,1057,15,2
1699263480,11,6,0,1058,15,1
1699263540,11,6,0,1059,15,1
1699263600,11,6,0,1060,15,1
1699263660,11,6,0,1061,15,1
1699263720,11,6,0,1062,15,1
1699263780,11,6,0,1063,15,1
1699263840,11,6,0,1064,15,0
1699263900,11,6,0,1065,15,0
1699263960,11,6,0,1066,15,2
1699264020,11,6,0,1067,15,2
1699264080,11,6,0,1068,15,2
1699264140,11,6,0,1069,15,2
1699264200,11,6,0,1070,15,4
1699264260,11,6,0,1071,15,4
1699264320,11,6,0,1072,15,4
1699264380,11,6,0,1073,15,4
1699264440,11,6,0,1074,15,4
1699264500,11,6,0,1075,15,4
1699264560,11,6,0,1076,15,2
1699264620,11,6,0,1077,15,2
1699264680,11,6,0,1078,15,2
1699264740,11,6,0,1079,15,2
1699264860,11,6,0,1081,15,0
1699264920,11,6,0,1082,15,0
1699264980,11,6,0,1083,15,0
1699265040,11,6,0,1084,15,0
1699265100,11,6,0,1085,15,2
1699265160,11,6,0,1086,15,2
1699265220,11,6,0,1087,15,2
1699265280,11,6,0,1088,15,1
1699265340,11,6,0,1089,15,0
1699265400,11,6,0,1090,15,0
1699265460,11,6,0,1091,15,0
1699265520,11,6,0,1092,15,0
1699265580,11,6,0,1093,15,0
1699265640,11,6,0,1094,15,1
1699265700,11,6,0,1095,15,1
1699265760,11,6,0,1096,15,1
1699265820,11,6,0,1097,15,1
1699265880,11,6,0,1098,15,0
1699265940,11,6,0,1099,15,0
1699266060,11,6,0,1101,15,0
1699266120,11,6,0,1102,15,0
1699266180,11,6,0,1103,15,0
1699266240,11,6,0,1104,15,0
1699266300,11,6,0,1105,15,0
1699266360,11,6,0,1106,15,0
1699266420,11,6,0,1107,15,1
1699266480,11,6,0,1108,15,1
1699266540,11,6,0,1109,15,1
1699266660,11,6,0,1111,15,1
1699266720,11,6,0,1112,15,0
1699266780,11,6,0,1113,15,2
1699266840,11,6,0,1114,15,2
1699266900,11,6,0,1115,15,0
1699266960,11,6,0,1116,15,0
1699267020,11,6,0,1117,15,0
1699267080,11,6,0,1118,15,0
1699267140,11,6,0,1119,15,0
1699267200,11,6,0,1120,15,0
1699267260,11,6,0,1121,15,0
1699267320,11,6,0,1122,15,0
1699267380,11,6,0,1123,15,0
1699267440,11,6,0,1124,15,0
1699267500,11,6,0,1125,15,0
1699267560,11,6,0,1126,15,0
1699267620,11,6,0,1127,15,0
1699267680,11,6,0,1128,15,0
1699267740,11,6,0,1129,15,0
1699267800,11,6,0,1130,15,0
1699267860,11,6,0,1131,15,0
1699267920,11,6,0,1132,15,0
1699267980,11,6,0,1133,15,1
1699268040,11,6,0,1134,15,1
1699268100,11,6,0,1135,15,1
1699268160,11,6,0,1136,15,1
1699268220,11,6,0,1137,15,3
1699268280,11,6,0,1138,15,4
1699268340,11,6,0,1139,15,3
1699268460,11,6,0,1141,15,4
1699268580,11,6,0,1143,15,4
1699268640,11,6,0,1144,15,4
1699268700,11,6,0,1145,15,5
1699268760,11,6,0,1146,15,5
1699268820,11,6,0,1147,15,5
1699268880,11,6,0,1148,15,5
1699268940,11,6,0,1149,15,4
1699269000,11,6,0,1150,15,4
1699269060,11,6,0,1151,15,4
1699269120,11,6,0,1152,15,4
1699269180,11,6,0,1153,15,4
1699269240,11,6,0,1154,15,4
1699269300,11,6,0,1155,15,4
1699269420,11,6,0,1157,15,4
1699269480,11,6,0,1158,15,6
1699269540,11,6,0,1159,15,6
1699269660,11,6,0,1161,15,6
1699269720,11,6,0,1162,15,6
1699269780,11,6,0,1163,15,6
1699269840,11,6,0,1164,15,6
1699269900,11,6,0,1165,15,7
1699269960,11,6,0,1166,15,6
1699270020,11,6,0,1167,15,6
1699270080,11,6,0,1168,15,5
1699270140,11,6,0,1169,15,5
1699270260,11,6,0,1171,15,4
1699270320,11,6,0,1172,15,4
1699270380,11,6,0,1173,15,5
1699270440,11,6,0,1174,15,5
1699270500,11,6,0,1175,15,5
1699270560,11,6,0,1176,15,5
1699270620,11,6,0,1177,15,4
1699270680,11,6,0,1178,15,4
1699270740,11,6,0,1179,15,3
1699270860,11,6,0,1181,15,2
1699270920,11,6,0,1182,15,3
1699270980,11,6,0,1183,15,3
1699271040,11,6,0,1184,15,3
1699271100,11,6,0,1185,15,3
1699271160,11,6,0,1186,15,4
1699271220,11,6,0,1187,15,3
1699271280,11,6,0,1188,15,3
1699271340,11,6,0,1189,15,2
1699271460,11,6,0,1191,15,1
1699271520,11,6,0,1192,15,1
1699271580,11,6,0,1193,15,1
1699271640,11,6,0,1194,15,2
1699271700,11,6,0,1195,15,2
1699271760,11,6,0,1196,15,2
1699271820,11,6,0,1197,15,2
1699271880,11,6,0,1198,15,2
1699271940,11,6,0,1199,15,2
1699272060,11,6,0,1201,15,2
1699272120,11,6,0,1202,15,1
1699272180,11,6,0,1203,15,1
1699272240,11,6,0,1204,15,2
1699272300,11,6,0,1205,15,2
1699272360,11,6,0,1206,15,2
1699272420,11,6,0,1207,15,2
1699272480,11,6,0,1208,15,2
1699272540,11,6,0,1209,15,1
1699272660,11,6,0,1211,15,1
1699272720,11,6,0,1212,15,0
1699272780,11,6,0,1213,15,0
1699272840,11,6,0,1214,15,2
1699272900,11,6,0,1215,15,2
1699272960,11,6,0,1216,15,2
1699273020,11,6,0,1217,15,2
1699273080,11,6,0,1218,15,2
1699273140,11,6,0,1219,15,2
1699273260,11,6,0,1221,15,2
1699273320,11,6,0,1222,15,4
1699273380,11,6,0,1223,15,4
1699273440,11,6,0,1224,15,3
1699273500,11,6,0,1225,15,3
1699273560,11,6,0,1226,15,2
1699273620,11,6,0,1227,15,2
1699273680,11,6,0,1228,15,2
1699273740,11,6,0,1229,15,2
1699273860,11,6,0,1231,15,1
1699273920,11,6,0,1232,15,1
1699273980,11,6,0,1233,15,1
1699274040,11,6,0,1234,15,2
1699274100,11,6,0,1235,15,2
1699274160,11,6,0,1236,15,2
1699274220,11,6,0,1237,15,2
1699274280,11,6,0,1238,15,3
1699274340,11,6,0,1239,15,3
1699274400,11,6,0,1240,15,3
1699274460,11,6,0,1241,15,3
1699274520,11,6,0,1242,15,6
1699274580,11,6,0,1243,15,6
1699274640,11,6,0,1244,15,6
1699274700,11,6,0,1245,15,6
1699274760,11,6,0,1246,15,5
1699274820,11,6,0,1247,15,5
1699274880,11,6,0,1248,15,4
1699274940,11,6,0,1249,15,4
1699275000,11,6,0,1250,15,4
1699275060,11,6,0,1251,15,4
1699275120,11,6,0,1252,15,4
1699275180,11,6,0,1253,15,4
1699275240,11,6,0,1254,15,5
1699275300,11,6,0,1255,15,5
1699275360,11,6,0,1256,15,5
1699275420,11,6,0,1257,15,5
1699275480,11,6,0,1258,15,6
1699275540,11,6,0,1259,15,6
1699275660,11,6,0,1261,15,6
1699275720,11,6,0,1262,15,6
1699275780,11,6,0,1263,15,6
1699275840,11,6,0,1264,15,6
1699275900,11,6,0,1265,15,5
1699275960,11,6,0,1266,15,5
1699276020,11,6,0,1267,15,5
1699276080,11,6,0,1268,15,5
1699276140,11,6,0,1269,15,5
1699276200,11,6,0,1270,15,5
1699276260,11,6,0,1271,15,4
1699276320,11,6,0,1272,15,3
1699276380,11,6,0,1273,15,2
1699276440,11,6,0,1274,15,2
1699276500,11,6,0,1275,15,2
1699276560,11,6,0,1276,15,2
1699276620,11,6,0,1277,15,2
1699276680,11,6,0,1278,15,3
1699276740,11,6,0,1279,15,3
1699276860,11,6,0,1281,15,2
1699276920,11,6,0,1282,15,4
1699276980,11,6,0,1283,15,4
1699277040,11,6,0,1284,15,4
1699277100,11,6,0,1285,15,3
1699277160,11,6,0,1286,15,3
1699277220,11,6,0,1287,15,3
1699277280,11,6,0,1288,15,3
1699277340,11,6,0,1289,15,3
1699277460,11,6,0,1291,15,4
1699277520,11,6,0,1292,15,4
1699277580,11,6,0,1293,15,4
1699277640,11,6,0,1294,15,4
1699277700,11,6,0,1295,15,4
1699277760,11,6,0,1296,15,3
1699277820,11,6,0,1297,15,3
1699277880,11,6,0,1298,15,3
1699277940,11,6,0,1299,15,3
1699278000,11,6,0,1300,15,4
1699278060,11,6,0,1301,15,4
1699278120,11,6,0,1302,15,4
1699278180,11,6,0,1303,15,4
1699278240,11,6,0,1304,15,4
1699278300,11,6,0,1305,15,4
1699278360,11,6,0,1306,15,3
1699278420,11,6,0,1307,15,3
1699278480,11,6,0,1308,15,4
1699278540,11,6,0,1309,15,4
1699278600,11,6,0,1310,15,3
1699278660,11,6,0,1311,15,3
1699278720,11,6,0,1312,15,3
1699278780,11,6,0,1313,15,3
1699278840,11,6,0,1314,15,3
1699278900,11,6,0,1315,15,3
1699278960,11,6,0,1316,15,3
1699279020,11,6,0,1317,15,3
1699279080,11,6,0,1318,15,3
1699279140,11,6,0,1319,15,2
1699279260,11,6,0,1321,15,2
1699279320,11,6,0,1322,15,3
1699279380,11,6,0,1323,15,3
1699279440,11,6,0,1324,15,3
1699279500,11,6,0,1325,15,3
1699279560,11,6,0,1326,15,5
1699279620,11,6,0,1327,15,4
1699279680,11,6,0,1328,15,4
1699279740,11,6,0,1329,15,3
1699279800,11,6,0,1330,15,2
1699279860,11,6,0,1331,15,3
1699279920,11,6,0,1332,15,3
1699279980,11,6,0,1333,15,3
1699280040,11,6,0,1334,15,3
1699280100,11,6,0,1335,15,3
1699280160,11,6,0,1336,15,3
1699280220,11,6,0,1337,15,3
1699280280,11,6,0,1338,15,3
1699280340,11,6,0,1339,15,3
1699280460,11,6,0,1341,15,3
1699280520,11,6,0,1342,15,4
1699280580,11,6,0,1343,15,4
1699280640,11,6,0,1344,15,4
1699280700,11,6,0,1345,15,4
1699280760,11,6,0,1346,15,4
1699280820,11,6,0,1347,15,3
1699280880,11,6,0,1348,15,3
1699280940,11,6,0,1349,15,3
1699281060,11,6,0,1351,15,2
1699281120,11,6,0,1352,15,2
1699281180,11,6,0,1353,15,2
1699281240,11,6,0,1354,15,2
1699281300,11,6,0,1355,15,2
1699281360,11,6,0,1356,15,2
1699281420,11,6,0,1357,15,2
1699281480,11,6,0,1358,15,2
1699281540,11,6,0,1359,15,2
1699281660,11,6,0,1361,15,2
1699281720,11,6,0,1362,15,1
1699281780,11,6,0,1363,15,1
1699281840,11,6,0,1364,15,1
1699281900,11,6,0,1365,15,1
1699282020,11,6,0,1367,15,2
1699282080,11,6,0,1368,15,2
1699282140,11,6,0,1369,15,2
1699282260,11,6,0,1371,15,2
1699282320,11,6,0,1372,15,2
1699282380,11,6,0,1373,15,2
1699282440,11,6,0,1374,15,2
1699282500,11,6,0,1375,15,2
1699282560,11,6,0,1376,15,0
1699282620,11,6,0,1377,15,0
1699282680,11,6,0,1378,15,0
1699282740,11,6,0,1379,15,0
1699282860,11,6,0,1381,15,0
1699282920,11,6,0,1382,15,1
1699282980,11,6,0,1383,15,1
1699283040,11,6,0,1384,15,0
1699283100,11,6,0,1385,15,0
1699283160,11,6,0,1386,15,0
1699283220,11,6,0,1387,15,0
1699283280,11,6,0,1388,15,0
1699283340,11,6,0,1389,15,0
1699283460,11,6,0,1391,15,0
1699283520,11,6,0,1392,15,0
1699283580,11,6,0,1393,15,0
1699283640,11,6,0,1394,15,0
1699283700,11,6,0,1395,15,0
1699283760,11,6,0,1396,15,0
1699283820,11,6,0,1397,15,0
1699283880,11,6,0,1398,15,0
1699283940,11,6,0,1399,15,0
1699284060,11,6,0,1401,15,0
1699284120,11,6,0,1402,15,0
1699284180,11,6,0,1403,15,0
1699284240,11,6,0,1404,15,0
1699284300,11,6,0,1405,15,0
1699284360,11,6,0,1406,15,0
1699284420,11,6,0,1407,15,0
1699284480,11,6,0,1408,15,0
1699284540,11,6,0,1409,15,0
1699284660,11,6,0,1411,15,0
1699284720,11,6,0,1412,15,0
1699284780,11,6,0,1413,15,0
1699284840,11,6,0,1414,15,0
1699284900,11,6,0,1415,15,0
1699284960,11,6,0,1416,15,0
1699285020,11,6,0,1417,15,0
1699285080,11,6,0,1418,15,0
1699285140,11,6,0,1419,15,0
1699285260,11,6,0,1421,15,0
1699285320,11,6,0,1422,15,0
1699285380,11,6,0,1423,15,1
1699285440,11,6,0,1424,15,1
1699285500,11,6,0,1425,15,1
1699285560,11,6,0,1426,15,1
1699285620,11,6,0,1427,15,1
1699285680,11,6,0,1428,15,1
1699285740,11,6,0,1429,15,1
1699285800,11,6,0,1430,15,1
1699285860,11,6,0,1431,15,1
1699285920,11,6,0,1432,15,1
1699285980,11,6,0,1433,15,1
1699286040,11,6,0,1434,15,1
1699286100,11,6,0,1435,15,1
1699286160,11,6,0,1436,15,2
1699286220,11,6,0,1437,15,2
1699286280,11,6,0,1438,15,2
1699286340,11,6,0,1439,15,2
1699286460,11,7,1,1,15,2
1699286520,11,7,1,2,15,2
1699286580,11,7,1,3,15,2
1699286640,11,7,1,4,15,2
1699286700,11,7,1,5,15,2
1699286760,11,7,1,6,15,1
1699286820,11,7,1,7,15,1
1699286880,11,7,1,8,15,1
1699286940,11,7,1,9,15,1
1699287000,11,7,1,10,15,1
1699287060,11,7,1,11,15,1
1699287120,11,7,1,12,15,1
1699287180,11,7,1,13,15,1
1699287240,11,7,1,14,15,1
1699287300,11,7,1,15,15,1
1699287360,11,7,1,16,15,1
1699287420,11,7,1,17,15,1
1699287480,11,7,1,18,15,1
1699287540,11,7,1,19,15,1
1699287660,11,7,1,21,15,0
1699287720,11,7,1,22,15,0
1699287780,11,7,1,23,15,0
1699287840,11,7,1,24,15,0
1699287900,11,7,1,25,15,0
1699287960,11,7,1,26,15,0
1699288020,11,7,1,27,15,0
1699288080,11,7,1,28,15,0
1699288140,11,7,1,29,15,0
1699288200,11,7,1,30,15,0
1699288260,11,7,1,31,15,0
1699288320,11,7,1,32,15,0
1699288380,11,7,1,33,15,0
1699288440,11,7,1,34,15,0
1699288500,11,7,1,35,15,0
1699288560,11,7,1,36,15,0
1699288620,11,7,1,37,15,0
1699288680,11,7,1,38,15,0
1699288740,11,7,1,39,15,0
1699288800,11,7,1,40,15,0
1699288860,11,7,1,41,15,0
1699288920,11,7,1,42,15,0
1699288980,11,7,1,43,15,0
1699289040,11,7,1,44,15,0
1699289100,11,7,1,45,15,0
1699289160,11,7,1,46,15,0
1699289220,11,7,1,47,15,0
1699289280,11,7,1,48,15,0
1699289340,11,7,1,49,15,0
1699289400,11,7,1,50,15,0
1699289460,11,7,1,51,15,0
1699289520,11,7,1,52,15,0
1699289580,11,7,1,53,15,0
1699289640,11,7,1,54,15,0
1699289700,11,7,1,55,15,0
1699289760,11,7,1,56,15,0
1699289820,11,7,1,57,15,0
1699289880,11,7,1,58,15,0
1699289940,11,7,1,59,15,0
1699290000,11,7,1,60,15,0
1699290060,11,7,1,61,15,0
1699290120,11,7,1,62,15,0
1699290180,11,7,1,63,15,0
1699290240,11,7,1,64,15,0
1699290300,11,7,1,65,15,0
1699290360,11,7,1,66,15,0
1699290420,11,7,1,67,15,0
1699290480,11,7,1,68,15,0
1699290540,11,7,1,69,15,0
1699290600,11,7,1,70,15,0
1699290660,11,7,1,71,15,0
1699290720,11,7,1,72,15,0
1699290780,11,7,1,73,15,0
1699290840,11,7,1,74,15,0
1699290900,11,7,1,75,15,0
1699290960,11,7,1,76,15,1
1699291020,11,7,1,77,15,1
1699291080,11,7,1,78,15,1
1699291140,11,7,1,79,15,1
1699291260,11,7,1,81,15,1
1699291320,11,7,1,82,15,1
1699291380,11,7,1,83,15,1
1699291440,11,7,1,84,15,1
1699291500,11,7,1,85,15,1
1699291560,11,7,1,86,15,1
1699291620,11,7,1,87,15,1
1699291680,11,7,1,88,15,1
1699291740,11,7,1,89,15,1
1699291800,11,7,1,90,15,1
1699291860,11,7,1,91,15,1
1699291920,11,7,1,92,15,1
1699291980,11,7,1,93,15,1
1699292040,11,7,1,94,15,1
1699292100,11,7,1,95,15,1
1699292160,11,7,1,96,15,1
1699292220,11,7,1,97,15,1
1699292280,11,7,1,98,15,1
1699292340,11,7,1,99,15,1
1699292460,11,7,1,101,15,1
1699292520,11,7,1,102,15,1
1699292580,11,7,1,103,15,1
1699292640,11,7,1,104,15,1
1699292700,11,7,1,105,15,1
1699292760,11,7,1,106,15,1
1699292820,11,7,1,107,15,1
1699292880,11,7,1,108,15,1
1699292940,11,7,1,109,15,1
1699293060,11,7,1,111,15,1
1699293120,11,7,1,112,15,1
1699293180,11,7,1,113,15,1
1699293240,11,7,1,114,15,1
1699293300,11,7,1,115,15,1
1699293360,11,7,1,116,15,1
1699293420,11,7,1,117,15,1
1699293480,11,7,1,118,15,1
1699293540,11,7,1,119,15,1
1699293660,11,7,1,121,15,1
1699293720,11,7,1,122,15,1
1699293780,11,7,1,123,15,1
1699293840,11,7,1,124,15,1
1699293900,11,7,1,125,15,1
1699293960,11,7,1,126,15,1
1699294020,11,7,1,127,15,1
1699294080,11,7,1,128,15,1
1699294140,11,7,1,129,15,1
1699294260,11,7,1,131,15,1
1699294320,11,7,1,132,15,1
1699294380,11,7,1,133,15,3
1699294440,11,7,1,134,15,3
1699294500,11,7,1,135,15,3
1699294560,11,7,1,136,15,3
1699294620,11,7,1,137,15,3
1699294680,11,7,1,138,15,3
1699294740,11,7,1,139,15,3
1699294860,11,7,1,141,15,3
1699294920,11,7,1,142,15,3
1699294980,11,7,1,143,15,3
1699295040,11,7,1,144,15,3
1699295100,11,7,1,145,15,3
1699295160,11,7,1,146,15,3
1699295220,11,7,1,147,15,3
1699295280,11,7,1,148,15,3
1699295340,11,7,1,149,15,3
1699295400,11,7,1,150,15,3
1699295460,11,7,1,151,15,3
1699295520,11,7,1,152,15,3
1699295580,11,7,1,153,15,3
1699295640,11,7,1,154,15,3
1699295700,11,7,1,155,15,3
1699295760,11,7,1,156,15,3
1699295820,11,7,1,157,15,3
1699295880,11,7,1,158,15,3
1699295940,11,7,1,159,15,3
1699296000,11,7,1,160,15,3
1699296060,11,7,1,161,15,3
1699296120,11,7,1,162,15,3
1699296180,11,7,1,163,15,3
1699296240,11,7,1,164,15,3
1699296300,11,7,1,165,15,3
1699296360,11,7,1,166,15,3
1699296420,11,7,1,167,15,3
1699296480,11,7,1,168,15,3
1699296540,11,7,1,169,15,3
1699296600,11,7,1,170,15,3
1699296660,11,7,1,171,15,3
1699296720,11,7,1,172,15,3
1699296780,11,7,1,173,15,3
1699296840,11,7,1,174,15,3
1699296900,11,7,1,175,15,3
1699296960,11,7,1,176,15,3
1699297020,11,7,1,177,15,3
1699297080,11,7,1,178,15,3
1699297140,11,7,1,179,15,3
1699297200,11,7,1,180,15,3
1699297260,11,7,1,181,15,3
1699297320,11,7,1,182,15,3
1699297380,11,7,1,183,15,3
1699297440,11,7,1,184,15,3
1699297500,11,7,1,185,15,3
1699297560,11,7,1,186,15,3
1699297620,11,7,1,187,15,3
1699297680,11,7,1,188,15,3
1699297740,11,7,1,189,15,3
1699297800,11,7,1,190,15,3
1699297860,11,7,1,191,15,3
1699297920,11,7,1,192,15,3
1699297980,11,7,1,193,15,3
1699298040,11,7,1,194,15,3
1699298100,11,7,1,195,15,3
1699298160,11,7,1,196,15,3
1699298220,11,7,1,197,15,3
1699298280,11,7,1,198,15,3
1699298340,11,7,1,199,15,3
1699298460,11,7,1,201,15,3
1699298520,11,7,1,202,15,3
1699298580,11,7,1,203,15,3
1699298640,11,7,1,204,15,3
1699298700,11,7,1,205,15,3
1699298760,11,7,1,206,15,3
1699298820,11,7,1,207,15,3
1699298880,11,7,1,208,15,3
1699298940,11,7,1,209,15,3
1699299000,11,7,1,210,15,3
1699299060,11,7,1,211,15,3
1699299120,11,7,1,212,15,3
1699299180,11,7,1,213,15,3
1699299240,11,7,1,214,15,3
1699299300,11,7,1,215,15,3
1699299360,11,7,1,216,15,3
1699299420,11,7,1,217,15,3
1699299480,11,7,1,218,15,3
1699299540,11,7,1,219,15,3
1699299600,11,7,1,220,15,3
1699299660,11,7,1,221,15,3
1699299720,11,7,1,222,15,3
1699299780,11,7,1,223,15,3
1699299840,11,7,1,224,15,3
1699299900,11,7,1,225,15,3
1699299960,11,7,1,226,15,3
1699300020,11,7,1,227,15,3
1699300080,11,7,1,228,15,3
1699300140,11,7,1,229,15,3
1699300200,11,7,1,230,15,3
1699300320,11,7,1,232,15,3
1699300380,11,7,1,233,15,3
1699300440,11,7,1,234,15,3
1699300500,11,7,1,235,15,3
1699300560,11,7,1,236,15,3
1699300620,11,7,1,237,15,3
1699300680,11,7,1,238,15,3
1699300740,11,7,1,239,15,3
1699300800,11,7,1,240,15,3
1699300920,11,7,1,242,15,3
1699300980,11,7,1,243,15,3
1699301040,11,7,1,244,15,3
1699301100,11,7,1,245,15,3
1699301160,11,7,1,246,15,3
1699301220,11,7,1,247,15,3
1699301280,11,7,1,248,15,3
1699301340,11,7,1,249,15,3
1699301460,11,7,1,251,15,3
1699301520,11,7,1,252,15,3
1699301580,11,7,1,253,15,3
1699301640,11,7,1,254,15,3
1699301700,11,7,1,255,15,3
1699301760,11,7,1,256,15,3
1699301820,11,7,1,257,15,3
1699301880,11,7,1,258,15,3
1699301940,11,7,1,259,15,3
1699302060,11,7,1,261,15,3
1699302120,11,7,1,262,15,3
1699302180,11,7,1,263,15,3
1699302240,11,7,1,264,15,3
1699302300,11,7,1,265,15,3
1699302360,11,7,1,266,15,3
1699302420,11,7,1,267,15,3
1699302480,11,7,1,268,15,3
1699302540,11,7,1,269,15,3
1699302660,11,7,1,271,15,3
1699302720,11,7,1,272,15,3
1699302780,11,7,1,273,15,4
1699302840,11,7,1,274,15,5
1699302900,11,7,1,275,15,5
1699302960,11,7,1,276,15,5
1699303020,11,7,1,277,15,5
1699303080,11,7,1,278,15,5
1699303140,11,7,1,279,15,5
1699303260,11,7,1,281,15,5
1699303320,11,7,1,282,15,5
1699303380,11,7,1,283,15,5
1699303440,11,7,1,284,15,5
1699303500,11,7,1,285,15,5
1699303560,11,7,1,286,15,5
1699303620,11,7,1,287,15,5
1699303680,11,7,1,288,15,5
1699303740,11,7,1,289,15,5
1699303860,11,7,1,291,15,5
1699303920,11,7,1,292,15,5
1699303980,11,7,1,293,15,5
1699304040,11,7,1,294,15,5
1699304100,11,7,1,295,15,5
1699304160,11,7,1,296,15,5
1699304220,11,7,1,297,15,5
1699304280,11,7,1,298,15,5
1699304340,11,7,1,299,15,5
1699304460,11,7,1,301,15,5
1699304520,11,7,1,302,15,5
1699304580,11,7,1,303,15,5
1699304640,11,7,1,304,15,5
1699304700,11,7,1,305,15,5
1699304760,11,7,1,306,15,5
1699304820,11,7,1,307,15,5
1699304880,11,7,1,308,15,5
1699304940,11,7,1,309,15,5
1699305000,11,7,1,310,15,5
1699305060,11,7,1,311,15,5
1699305120,11,7,1,312,15,5
1699305180,11,7,1,313,15,5
1699305240,11,7,1,314,15,5
1699305300,11,7,1,315,15,5
1699305360,11,7,1,316,15,5
1699305420,11,7,1,317,15,5
1699305480,11,7,1,318,15,5
1699305540,11,7,1,319,15,5
1699305660,11,7,1,321,15,5
1699305720,11,7,1,322,15,5
1699305780,11,7,1,323,15,5
1699305840,11,7,1,324,15,6
1699305900,11,7,1,325,15,6
1699305960,11,7,1,326,15,6
1699306020,11,7,1,327,15,6
1699306080,11,7,1,328,15,6
1699306140,11,7,1,329,15,6
1699306200,11,7,1,330,15,6
1699306260,11,7,1,331,15,6
1699306320,11,7,1,332,15,6
1699306380,11,7,1,333,15,6
1699306440,11,7,1,334,15,6
1699306500,11,7,1,335,15,6
1699306560,11,7,1,336,15,6
1699306620,11,7,1,337,15,6
1699306680,11,7,1,338,15,6
1699306740,11,7,1,339,15,6
1699306800,11,7,1,340,15,6
1699306860,11,7,1,341,15,6
1699306920,11,7,1,342,15,6
1699306980,11,7,1,343,15,6
1699307040,11,7,1,344,15,6
1699307100,11,7,1,345,15,7
1699307160,11,7,1,346,15,7
1699307220,11,7,1,347,15,7
1699307280,11,7,1,348,15,7
1699307340,11,7,1,349,15,7
1699307400,11,7,1,350,15,7
1699307460,11,7,1,351,15,7
1699307520,11,7,1,352,15,7
1699307580,11,7,1,353,15,7
1699307640,11,7,1,354,15,7
1699307700,11,7,1,355,15,7
1699307760,11,7,1,356,15,7
1699307820,11,7,1,357,15,7
1699307880,11,7,1,358,15,7
1699307940,11,7,1,359,15,7
1699308000,11,7,1,360,15,7
1699308060,11,7,1,361,15,7
1699308120,11,7,1,362,15,7
1699308180,11,7,1,363,15,7
1699308240,11,7,1,364,15,7
1699308300,11,7,1,365,15,7
1699308360,11,7,1,366,15,7
1699308420,11,7,1,367,15,7
1699308480,11,7,1,368,15,7
1699308540,11,7,1,369,15,7
1699308600,11,7,1,370,15,7
1699308660,11,7,1,371,15,8
1699308720,11,7,1,372,15,8
1699308780,11,7,1,373,15,8
1699308840,11,7,1,374,15,8
1699308900,11,7,1,375,15,8
1699308960,11,7,1,376,15,8
1699309020,11,7,1,377,15,8
1699309080,11,7,1,378,15,8
1699309140,11,7,1,379,15,8
1699309260,11,7,1,381,15,8
1699309320,11,7,1,382,15,8
1699309380,11,7,1,383,15,8
1699309440,11,7,1,384,15,8
1699309500,11,7,1,385,15,8
1699309560,11,7,1,386,15,8
1699309620,11,7,1,387,15,8
1699309680,11,7,1,388,15,7
1699309740,11,7,1,389,15,7
1699309800,11,7,1,390,15,7
1699309860,11,7,1,391,15,7
1699309920,11,7,1,392,15,7
1699309980,11,7,1,393,15,7
1699310040,11,7,1,394,15,8
1699310100,11,7,1,395,15,8
1699310160,11,7,1,396,15,8
1699310220,11,7,1,397,15,8
1699310280,11,7,1,398,15,8
1699310340,11,7,1,399,15,8
1699310400,11,7,1,400,15,8
1699310460,11,7,1,401,15,8
1699310580,11,7,1,403,15,8
1699310640,11,7,1,404,15,8
1699310700,11,7,1,405,15,8
1699310760,11,7,1,406,15,8
1699310820,11,7,1,407,15,8
1699310880,11,7,1,408,15,8
1699310940,11,7,1,409,15,8
1699311060,11,7,1,411,15,8
1699311120,11,7,1,412,15,8
1699311180,11,7,1,413,15,8
1699311240,11,7,1,414,15,8
1699311300,11,7,1,415,15,8
1699311360,11,7,1,416,15,9
1699311420,11,7,1,417,15,9
1699311480,11,7,1,418,15,9
1699311540,11,7,1,419,15,9
1699311660,11,7,1,421,15,9
1699311720,11,7,1,422,15,9
1699311780,11,7,1,423,15,9
1699311840,11,7,1,424,15,9
1699311900,11,7,1,425,15,9
1699311960,11,7,1,426,15,8
1699312020,11,7,1,427,15,8
1699312080,11,7,1,428,15,8
1699312140,11,7,1,429,15,8
1699312260,11,7,1,431,15,8
1699312320,11,7,1,432,15,7
1699312380,11,7,1,433,15,7
1699312440,11,7,1,434,15,7
1699312500,11,7,1,435,15,7
1699312560,11,7,1,436,15,8
1699312620,11,7,1,437,15,8
1699312680,11,7,1,438,15,8
1699312740,11,7,1,439,15,8
1699312860,11,7,1,441,15,8
1699312920,11,7,1,442,15,9
1699312980,11,7,1,443,15,9
1699313040,11,7,1,444,15,9
1699313100,11,7,1,445,15,8
1699313160,11,7,1,446,15,9
1699313220,11,7,1,447,15,9
1699313280,11,7,1,448,15,7
1699313340,11,7,1,449,15,7
1699313460,11,7,1,451,15,7
1699313520,11,7,1,452,15,7
1699313580,11,7,1,453,15,7
1699313640,11,7,1,454,15,7
1699313700,11,7,1,455,15,7
1699313760,11,7,1,456,15,6
1699313820,11,7,1,457,15,6
1699313880,11,7,1,458,15,7
1699313940,11,7,1,459,15,8
1699314060,11,7,1,461,15,7
1699314120,11,7,1,462,15,7
1699314180,11,7,1,463,15,7
1699314240,11,7,1,464,15,7
1699314300,11,7,1,465,15,8
1699314360,11,7,1,466,15,10
1699314420,11,7,1,467,15,11
1699314480,11,7,1,468,15,13
1699314540,11,7,1,469,15,13
1699314660,11,7,1,471,15,13
1699314720,11,7,1,472,15,12
1699314780,11,7,1,473,15,12
1699314840,11,7,1,474,15,12
1699314900,11,7,1,475,15,12
1699314960,11,7,1,476,15,13
1699315020,11,7,1,477,15,13
1699315080,11,7,1,478,15,14
1699315140,11,7,1,479,15,14
1699315260,11,7,1,481,15,14
1699315320,11,7,1,482,15,14
1699315380,11,7,1,483,15,13
1699315440,11,7,1,484,15,13
1699315500,11,7,1,485,15,14
1699315560,11,7,1,486,15,14
1699315620,11,7,1,487,15,14
1699315680,11,7,1,488,15,14
1699315740,11,7,1,489,15,13
1699315800,11,7,1,490,15,13
1699315860,11,7,1,491,15,13
1699315920,11,7,1,492,15,13
1699315980,11,7,1,493,15,13
1699316040,11,7,1,494,15,12
1699316100,11,7,1,495,15,12
1699316160,11,7,1,496,15,13
1699316220,11,7,1,497,15,13
1699316280,11,7,1,498,15,12
1699316340,11,7,1,499,15,12
1699316460,11,7,1,501,15,8
1699316520,11,7,1,502,15,8
1699316580,11,7,1,503,15,7
1699316640,11,7,1,504,15,8
1699316700,11,7,1,505,15,7
1699316760,11,7,1,506,15,7
1699316820,11,7,1,507,15,7
1699316880,11,7,1,508,15,6
1699316940,11,7,1,509,15,5
1699317060,11,7,1,511,15,5
1699317120,11,7,1,512,15,6
1699317180,11,7,1,513,15,5
1699317240,11,7,1,514,15,5
1699317300,11,7,1,515,15,5
1699317360,11,7,1,516,15,5
1699317420,11,7,1,517,15,4
1699317480,11,7,1,518,15,5
1699317540,11,7,1,519,15,5
1699317600,11,7,1,520,15,5
1699317660,11,7,1,521,15,5
1699317720,11,7,1,522,15,6
1699317780,11,7,1,523,15,6
1699317840,11,7,1,524,15,6
1699317900,11,7,1,525,15,6
1699317960,11,7,1,526,15,6
1699318020,11,7,1,527,15,5
1699318080,11,7,1,528,15,6
1699318140,11,7,1,529,15,5
1699318200,11,7,1,530,15,5
1699318260,11,7,1,531,15,5
1699318320,11,7,1,532,15,5
1699318380,11,7,1,533,15,3
1699318440,11,7,1,534,15,1
1699318500,11,7,1,535,15,1
1699318560,11,7,1,536,15,1
1699318620,11,7,1,537,15,1
1699318680,11,7,1,538,15,0
1699318740,11,7,1,539,15,0
1699318860,11,7,1,541,15,0
1699318920,11,7,1,542,15,0
1699318980,11,7,1,543,15,0
1699319040,11,7,1,544,15,0
1699319100,11,7,1,545,15,0
1699319160,11,7,1,546,15,1
1699319220,11,7,1,547,15,0
1699319280,11,7,1,548,15,0
1699319340,11,7,1,549,15,0
1699319400,11,7,1,550,15,0
1699319460,11,7,1,551,15,0
1699319520,11,7,1,552,15,1
1699319580,11,7,1,553,15,2
1699319640,11,7,1,554,15,2
1699319700,11,7,1,555,15,2
1699319760,11,7,1,556,15,0
1699319820,11,7,1,557,15,0
1699319880,11,7,1,558,15,0
1699319940,11,7,1,559,15,0
1699320060,11,7,1,561,15,0
1699320120,11,7,1,562,15,1
1699320180,11,7,1,563,15,0
1699320240,11,7,1,564,15,0
1699320300,11,7,1,565,15,0
1699320360,11,7,1,566,15,0
1699320420,11,7,1,567,15,0
1699320480,11,7,1,568,15,2
1699320540,11,7,1,569,15,2
1699320660,11,7,1,571,15,2
1699320720,11,7,1,572,15,2
1699320780,11,7,1,573,15,1
1699320840,11,7,1,574,15,0
1699320900,11,7,1,575,15,2
1699320960,11,7,1,576,15,1
1699321020,11,7,1,577,15,0
1699321140,11,7,1,579,15,0
1699321260,11,7,1,581,15,0
1699321320,11,7,1,582,15,0
1699321380,11,7,1,583,15,0
1699321440,11,7,1,584,15,1
1699321500,11,7,1,585,15,0
1699321620,11,7,1,587,15,0
1699321680,11,7,1,588,15,0
1699321740,11,7,1,589,15,0
1699321860,11,7,1,591,15,0
1699321920,11,7,1,592,15,1
1699321980,11,7,1,593,15,1
1699322040,11,7,1,594,15,0
1699322100,11,7,1,595,15,0
1699322160,11,7,1,596,15,0
1699322220,11,7,1,597,15,0
1699322280,11,7,1,598,15,0
1699322340,11,7,1,599,15,0
1699322460,11,7,1,601,15,1
1699322520,11,7,1,602,15,0
1699322580,11,7,1,603,15,0
1699322640,11,7,1,604,15,0
1699322700,11,7,1,605,15,0
1699322760,11,7,1,606,15,0
1699322820,11,7,1,607,15,0
1699322880,11,7,1,608,15,0
1699322940,11,7,1,609,15,1
1699323060,11,7,1,611,15,1
1699323120,11,7,1,612,15,1
1699323180,11,7,1,613,15,0
1699323240,11,7,1,614,15,0
1699323300,11,7,1,615,15,0
1699323360,11,7,1,616,15,0
1699323420,11,7,1,617,15,0
1699323480,11,7,1,618,15,0
1699323540,11,7,1,619,15,0
1699323660,11,7,1,621,15,0
1699323720,11,7,1,622,15,0
1699323780,11,7,1,623,15,0
1699323840,11,7,1,624,15,0
1699323900,11,7,1,625,15,0
1699323960,11,7,1,626,15,0
1699324020,11,7,1,627,15,0
1699324080,11,7,1,628,15,0
1699324140,11,7,1,629,15,0
1699324200,11,7,1,630,15,0
1699324320,11,7,1,632,15,0
1699324380,11,7,1,633,15,0
1699324440,11,7,1,634,15,0
1699324500,11,7,1,635,15,0
1699324560,11,7,1,636,15,0
1699324620,11,7,1,637,15,0
1699324680,11,7,1,638,15,0
1699324740,11,7,1,639,15,0
1699324860,11,7,1,641,15,0
1699324920,11,7,1,642,15,0
1699324980,11,7,1,643,15,1
1699325040,11,7,1,644,15,1
1699325100,11,7,1,645,15,3
1699325160,11,7,1,646,15,3
1699325220,11,7,1,647,15,3
1699325280,11,7,1,648,15,3
1699325340,11,7,1,649,15,4
1699325400,11,7,1,650,15,4
1699325460,11,7,1,651,15,2
1699325520,11,7,1,652,15,3
1699325580,11,7,1,653,15,3
1699325640,11,7,1,654,15,2
1699325700,11,7,1,655,15,2
1699325760,11,7,1,656,15,3
1699325820,11,7,1,657,15,3
1699325880,11,7,1,658,15,3
1699325940,11,7,1,659,15,2
1699326060,11,7,1,661,15,1
1699326120,11,7,1,662,15,1
1699326180,11,7,1,663,15,1
1699326240,11,7,1,664,15,1
1699326300,11,7,1,665,15,1
1699326360,11,7,1,666,15,1
1699326420,11,7,1,667,15,1
1699326480,11,7,1,668,15,1
1699326540,11,7,1,669,15,1
1699326600,11,7,1,670,15,1
1699326660,11,7,1,671,15,1
1699326720,11,7,1,672,15,1
1699326780,11,7,1,673,15,1
1699326840,11,7,1,674,15,1
1699326900,11,7,1,675,15,1
1699326960,11,7,1,676,15,1
1699327020,11,7,1,677,15,0
1699327080,11,7,1,678,15,1
1699327140,11,7,1,679,15,1
1699327260,11,7,1,681,15,0
1699327320,11,7,1,682,15,0
1699327380,11,7,1,683,15,0
1699327440,11,7,1,684,15,0
1699327500,11,7,1,685,15,0
1699327560,11,7,1,686,15,0
1699327620,11,7,1,687,15,0
1699327680,11,7,1,688,15,0
1699327740,11,7,1,689,15,1
1699327860,11,7,1,691,15,0
1699327920,11,7,1,692,15,0
1699327980,11,7,1,693,15,0
1699328040,11,7,1,694,15,0
1699328100,11,7,1,695,15,0
1699328160,11,7,1,696,15,0
1699328220,11,7,1,697,15,0
1699328280,11,7,1,698,15,0
1699328340,11,7,1,699,15,1
1699328400,11,7,1,700,15,1
1699328460,11,7,1,701,15,0
1699328520,11,7,1,702,15,0
1699328580,11,7,1,703,15,1
1699328640,11,7,1,704,15,1
1699328700,11,7,1,705,15,1
1699328760,11,7,1,706,15,1
1699328820,11,7,1,707,15,1
1699328880,11,7,1,708,15,0
1699328940,11,7,1,709,15,0
1699329000,11,7,1,710,15,0
1699329060,11,7,1,711,15,0
1699329120,11,7,1,712,15,0
1699329180,11,7,1,713,15,0
1699329240,11,7,1,714,15,0
1699329300,11,7,1,715,15,0
1699329360,11,7,1,716,15,0
1699329420,11,7,1,717,15,0
1699329480,11,7,1,718,15,0
1699329540,11,7,1,719,15,0
1699329660,11,7,1,721,15,0
1699329720,11,7,1,722,15,0
1699329780,11,7,1,723,15,0
1699329840,11,7,1,724,15,0
1699329900,11,7,1,725,15,0
1699329960,11,7,1,726,15,0
1699330020,11,7,1,727,15,0
1699330080,11,7,1,728,15,0
1699330140,11,7,1,729,15,1
1699330200,11,7,1,730,15,0
1699330260,11,7,1,731,15,0
1699330320,11,7,1,732,15,0
1699330380,11,7,1,733,15,0
1699330440,11,7,1,734,15,0
1699330500,11,7,1,735,15,2
1699330560,11,7,1,736,15,2
1699330620,11,7,1,737,15,2
1699330680,11,7,1,738,15,2
1699330740,11,7,1,739,15,2
1699330860,11,7,1,741,15,1
1699330920,11,7,1,742,15,2
1699330980,11,7,1,743,15,0
1699331040,11,7,1,744,15,0
1699331100,11,7,1,745,15,1
1699331160,11,7,1,746,15,0
1699331220,11,7,1,747,15,0
1699331280,11,7,1,748,15,1
1699331340,11,7,1,749,15,2
1699331400,11,7,1,750,15,2
1699331520,11,7,1,752,15,3
1699331580,11,7,1,753,15,4
1699331640,11,7,1,754,15,4
1699331700,11,7,1,755,15,4
1699331760,11,7,1,756,15,4
1699331820,11,7,1,757,15,1
1699331880,11,7,1,758,15,1
1699331940,11,7,1,759,15,2
1699332060,11,7,1,761,15,2
1699332120,11,7,1,762,15,2
1699332180,11,7,1,763,15,1
1699332240,11,7,1,764,15,1
1699332300,11,7,1,765,15,1
1699332360,11,7,1,766,15,1
1699332420,11,7,1,767,15,1
1699332480,11,7,1,768,15,1
1699332540,11,7,1,769,15,2
1699332660,11,7,1,771,15,1
1699332720,11,7,1,772,15,1
1699332780,11,7,1,773,15,1
1699332840,11,7,1,774,15,1
1699332900,11,7,1,775,15,1
1699332960,11,7,1,776,15,0
1699333020,11,7,1,777,15,0
1699333080,11,7,1,778,15,0
1699333140,11,7,1,779,15,0
1699333260,11,7,1,781,15,0
1699333320,11,7,1,782,15,1
1699333380,11,7,1,783,15,1
1699333440,11,7,1,784,15,0
1699333500,11,7,1,785,15,0
1699333560,11,7,1,786,15,0
1699333620,11,7,1,787,15,0
1699333680,11,7,1,788,15,0
1699333740,11,7,1,789,15,0
1699333860,11,7,1,791,15,1
1699333920,11,7,1,792,15,1
1699333980,11,7,1,793,15,0
1699334040,11,7,1,794,15,0
1699334100,11,7,1,795,15,0
1699334160,11,7,1,796,15,0
1699334220,11,7,1,797,15,0
1699334280,11,7,1,798,15,1
1699334340,11,7,1,799,15,0
1699334460,11,7,1,801,15,1
1699334520,11,7,1,802,15,0
1699334580,11,7,1,803,15,0
1699334640,11,7,1,804,15,0
1699334700,11,7,1,805,15,0
1699334760,11,7,1,806,15,2
1699334820,11,7,1,807,15,2
1699334880,11,7,1,808,15,2
1699334940,11,7,1,809,15,3
1699335060,11,7,1,811,15,3
1699335120,11,7,1,812,15,0
1699335180,11,7,1,813,15,0
1699335240,11,7,1,814,15,1
1699335300,11,7,1,815,15,1
1699335360,11,7,1,816,15,1
1699335420,11,7,1,817,15,1
1699335480,11,7,1,818,15,1
1699335540,11,7,1,819,15,1
1699335600,11,7,1,820,15,0
1699335660,11,7,1,821,15,0
1699335720,11,7,1,822,15,0
1699335780,11,7,1,823,15,0
1699335840,11,7,1,824,15,0
1699335900,11,7,1,825,15,0
1699335960,11,7,1,826,15,0
1699336020,11,7,1,827,15,0
1699336080,11,7,1,828,15,1
1699336140,11,7,1,829,15,0
1699336200,11,7,1,830,15,0
1699336260,11,7,1,831,15,0
1699336320,11,7,1,832,15,0
1699336380,11,7,1,833,15,0
1699336440,11,7,1,834,15,1
1699336500,11,7,1,835,15,1
1699336560,11,7,1,836,15,1
1699336620,11,7,1,837,15,1
1699336680,11,7,1,838,15,1
1699336740,11,7,1,839,15,1
1699336860,11,7,1,841,15,1
1699336920,11,7,1,842,15,0
1699336980,11,7,1,843,15,0
1699337040,11,7,1,844,15,0
1699337100,11,7,1,845,15,0
1699337160,11,7,1,846,15,0
1699337220,11,7,1,847,15,0
1699337280,11,7,1,848,15,0
1699337340,11,7,1,849,15,0
1699337400,11,7,1,850,15,2
1699337460,11,7,1,851,15,1
1699337520,11,7,1,852,15,0
1699337580,11,7,1,853,15,0
1699337640,11,7,1,854,15,0
1699337700,11,7,1,855,15,0
1699337760,11,7,1,856,15,0
1699337820,11,7,1,857,15,0
1699337880,11,7,1,858,15,1
1699337940,11,7,1,859,15,0
1699338060,11,7,1,861,15,0
1699338120,11,7,1,862,15,1
1699338180,11,7,1,863,15,2
1699338240,11,7,1,864,15,2
1699338300,11,7,1,865,15,1
1699338360,11,7,1,866,15,1
1699338420,11,7,1,867,15,1
1699338480,11,7,1,868,15,1
1699338540,11,7,1,869,15,1
1699338600,11,7,1,870,15,1
1699338660,11,7,1,871,15,1
1699338720,11,7,1,872,15,1
1699338780,11,7,1,873,15,0
1699338840,11,7,1,874,15,0
1699338900,11,7,1,875,15,0
1699338960,11,7,1,876,15,0
1699339020,11,7,1,877,15,0
1699339080,11,7,1,878,15,0
1699339140,11,7,1,879,15,0
1699339200,11,7,1,880,15,0
1699339260,11,7,1,881,15,0
1699339320,11,7,1,882,15,0
1699339380,11,7,1,883,15,0
1699339440,11,7,1,884,15,0
1699339500,11,7,1,885,15,0
1699339560,11,7,1,886,15,0
1699339620,11,7,1,887,15,0
1699339680,11,7,1,888,15,0
1699339740,11,7,1,889,15,0
1699339800,11,7,1,890,15,0
1699339860,11,7,1,891,15,0
1699339920,11,7,1,892,15,0
1699339980,11,7,1,893,15,0
1699340040,11,7,1,894,15,2
1699340100,11,7,1,895,15,2
1699340160,11,7,1,896,15,0
1699340220,11,7,1,897,15,0
1699340280,11,7,1,898,15,0
1699340340,11,7,1,899,15,0
1699340460,11,7,1,901,15,0
1699340520,11,7,1,902,15,0
1699340580,11,7,1,903,15,0
1699340640,11,7,1,904,15,0
1699340700,11,7,1,905,15,0
1699340760,11,7,1,906,15,1
1699340820,11,7,1,907,15,1
1699340880,11,7,1,908,15,1
1699340940,11,7,1,909,15,1
1699341000,11,7,1,910,15,0
1699341060,11,7,1,911,15,0
1699341120,11,7,1,912,15,0
1699341180,11,7,1,913,15,1
1699341240,11,7,1,914,15,2
1699341300,11,7,1,915,15,2
1699341360,11,7,1,916,15,2
1699341420,11,7,1,917,15,2
1699341480,11,7,1,918,15,2
1699341540,11,7,1,919,15,1
1699341660,11,7,1,921,15,0
1699341720,11,7,1,922,15,0
1699341780,11,7,1,923,15,0
1699341840,11,7,1,924,15,0
1699341900,11,7,1,925,15,0
1699341960,11,7,1,926,15,0
1699342020,11,7,1,927,15,0
1699342080,11,7,1,928,15,0
1699342140,11,7,1,929,15,0
1699342200,11,7,1,930,15,0
1699342260,11,7,1,931,15,1
1699342320,11,7,1,932,15,1
1699342380,11,7,1,933,15,2
1699342440,11,7,1,934,15,3
1699342500,11,7,1,935,15,3
1699342560,11,7,1,936,15,3
1699342620,11,7,1,937,15,3
1699342680,11,7,1,938,15,3
1699342740,11,7,1,939,15,2
1699342800,11,7,1,940,15,2
1699342860,11,7,1,941,15,2
1699342920,11,7,1,942,15,2
1699342980,11,7,1,943,15,3
1699343040,11,7,1,944,15,3
1699343100,11,7,1,945,15,3
1699343160,11,7,1,946,15,1
1699343220,11,7,1,947,15,1
1699343280,11,7,1,948,15,1
1699343340,11,7,1,949,15,1
1699343400,11,7,1,950,15,1
1699343460,11,7,1,951,15,1
1699343520,11,7,1,952,15,1
1699343580,11,7,1,953,15,1
1699343640,11,7,1,954,15,2
1699343700,11,7,1,955,15,2
1699343760,11,7,1,956,15,2
1699343820,11,7,1,957,15,2
1699343880,11,7,1,958,15,2
1699343940,11,7,1,959,15,2
1699344060,11,7,1,961,15,2
1699344120,11,7,1,962,15,2
1699344180,11,7,1,963,15,2
1699344240,11,7,1,964,15,2
1699344300,11,7,1,965,15,2
1699344360,11,7,1,966,15,2
1699344420,11,7,1,967,15,2
1699344480,11,7,1,968,15,2
1699344540,11,7,1,969,15,2
1699344600,11,7,1,970,15,2
1699344660,11,7,1,971,15,2
1699344720,11,7,1,972,15,1
1699344780,11,7,1,973,15,1
1699344840,11,7,1,974,15,1
1699344900,11,7,1,975,15,2
1699344960,11,7,1,976,15,1
1699345020,11,7,1,977,15,1
1699345080,11,7,1,978,15,1
1699345140,11,7,1,979,15,1
1699345260,11,7,1,981,15,1
1699345320,11,7,1,982,15,1
1699345380,11,7,1,983,15,1
1699345440,11,7,1,984,15,1
1699345500,11,7,1,985,15,0
1699345560,11,7,1,986,15,0
1699345620,11,7,1,987,15,0
1699345680,11,7,1,988,15,0
1699345740,11,7,1,989,15,0
1699345860,11,7,1,991,15,0
1699345920,11,7,1,992,15,0
1699345980,11,7,1,993,15,0
1699346040,11,7,1,994,15,0
1699346100,11,7,1,995,15,0
1699346160,11,7,1,996,15,0
1699346220,11,7,1,997,15,0
1699346280,11,7,1,998,15,0
1699346340,11,7,1,999,15,0
1699346400,11,7,1,1000,15,0
1699346460,11,7,1,1001,15,0
1699346520,11,7,1,1002,15,0
1699346580,11,7,1,1003,15,0
1699346640,11,7,1,1004,15,0
1699346700,11,7,1,1005,15,1
1699346760,11,7,1,1006,15,1
1699346820,11,7,1,1007,15,1
1699346880,11,7,1,1008,15,1
1699346940,11,7,1,1009,15,1
1699347000,11,7,1,1010,15,0
1699347060,11,7,1,1011,15,0
1699347120,11,7,1,1012,15,0
1699347180,11,7,1,1013,15,0
1699347240,11,7,1,1014,15,0
1699347300,11,7,1,1015,15,0
1699347360,11,7,1,1016,15,0
1699347420,11,7,1,1017,15,0
1699347480,11,7,1,1018,15,0
1699347540,11,7,1,1019,15,0
1699347660,11,7,1,1021,15,0
1699347720,11,7,1,1022,15,0
1699347780,11,7,1,1023,15,0
1699347840,11,7,1,1024,15,0
1699347900,11,7,1,1025,15,0
1699347960,11,7,1,1026,15,0
1699348020,11,7,1,1027,15,0
1699348080,11,7,1,1028,15,1
1699348140,11,7,1,1029,15,1
1699348200,11,7,1,1030,15,1
1699348320,11,7,1,1032,15,3
1699348380,11,7,1,1033,15,3
1699348440,11,7,1,1034,15,3
1699348560,11,7,1,1036,15,3
1699348680,11,7,1,1038,15,5
1699348740,11,7,1,1039,15,5
1699348860,11,7,1,1041,15,4
1699348920,11,7,1,1042,15,4
1699349040,11,7,1,1044,15,0
1699349160,11,7,1,1046,15,0
1699349220,11,7,1,1047,15,1
1699349280,11,7,1,1048,15,1
1699349340,11,7,1,1049,15,0
1699349460,11,7,1,1051,15,0
1699349580,11,7,1,1053,15,2
1699349640,11,7,1,1054,15,2
1699349700,11,7,1,1055,15,1
1699349820,11,7,1,1057,15,0
1699349880,11,7,1,1058,15,0
1699349940,11,7,1,1059,15,0
1699350060,11,7,1,1061,15,1
1699350120,11,7,1,1062,15,1
1699350180,11,7,1,1063,15,0
1699350240,11,7,1,1064,15,0
1699350300,11,7,1,1065,15,1
1699350360,11,7,1,1066,15,0
1699350420,11,7,1,1067,15,0
1699350480,11,7,1,1068,15,0
1699350540,11,7,1,1069,15,0
1699350660,11,7,1,1071,15,1
1699350720,11,7,1,1072,15,0
1699350780,11,7,1,1073,15,1
1699350840,11,7,1,1074,15,1
1699350900,11,7,1,1075,15,1
1699350960,11,7,1,1076,15,0
1699351020,11,7,1,1077,15,0
1699351080,11,7,1,1078,15,0
1699351140,11,7,1,1079,15,0
1699351260,11,7,1,1081,15,0
1699351320,11,7,1,1082,15,0
1699351380,11,7,1,1083,15,0
1699351440,11,7,1,1084,15,0
1699351500,11,7,1,1085,15,0
1699351560,11,7,1,1086,15,0
1699351620,11,7,1,1087,15,1
1699351680,11,7,1,1088,15,0
1699351740,11,7,1,1089,15,0
1699351860,11,7,1,1091,15,0
1699351920,11,7,1,1092,15,0
1699351980,11,7,1,1093,15,2
1699352040,11,7,1,1094,15,1
1699352100,11,7,1,1095,15,0
1699352160,11,7,1,1096,15,0
1699352220,11,7,1,1097,15,0
1699352280,11,7,1,1098,15,0
1699352340,11,7,1,1099,15,0
1699352460,11,7,1,1101,15,0
1699352520,11,7,1,1102,15,0
1699352580,11,7,1,1103,15,0
1699352640,11,7,1,1104,15,0
1699352700,11,7,1,1105,15,0
1699352760,11,7,1,1106,15,0
1699352820,11,7,1,1107,15,0
1699352880,11,7,1,1108,15,0
1699352940,11,7,1,1109,15,0
1699353060,11,7,1,1111,15,0
1699353120,11,7,1,1112,15,0
1699353180,11,7,1,1113,15,1
1699353240,11,7,1,1114,15,2
1699353300,11,7,1,1115,15,2
1699353360,11,7,1,1116,15,1
1699353420,11,7,1,1117,15,2
1699353480,11,7,1,1118,15,1
1699353540,11,7,1,1119,15,0
1699353600,11,7,1,1120,15,0
1699353660,11,7,1,1121,15,0
1699353720,11,7,1,1122,15,0
1699353780,11,7,1,1123,15,0
1699353840,11,7,1,1124,15,0
1699353900,11,7,1,1125,15,0
1699353960,11,7,1,1126,15,0
1699354020,11,7,1,1127,15,0
1699354080,11,7,1,1128,15,0
1699354140,11,7,1,1129,15,0
1699354200,11,7,1,1130,15,0
1699354260,11,7,1,1131,15,0
1699354320,11,7,1,1132,15,0
1699354380,11,7,1,1133,15,0
1699354440,11,7,1,1134,15,1
1699354500,11,7,1,1135,15,1
1699354560,11,7,1,1136,15,1
1699354620,11,7,1,1137,15,0
1699354680,11,7,1,1138,15,0
1699354740,11,7,1,1139,15,0
1699354860,11,7,1,1141,15,0
1699354920,11,7,1,1142,15,0
1699354980,11,7,1,1143,15,0
1699355040,11,7,1,1144,15,0
1699355100,11,7,1,1145,15,1
1699355160,11,7,1,1146,15,1
1699355220,11,7,1,1147,15,1
1699355280,11,7,1,1148,15,0
1699355340,11,7,1,1149,15,1
1699355400,11,7,1,1150,15,1
1699355460,11,7,1,1151,15,1
1699355520,11,7,1,1152,15,0
1699355580,11,7,1,1153,15,0
1699355640,11,7,1,1154,15,0
1699355700,11,7,1,1155,15,0
1699355760,11,7,1,1156,15,0
1699355820,11,7,1,1157,15,1
1699355880,11,7,1,1158,15,1
1699355940,11,7,1,1159,15,1
1699356060,11,7,1,1161,15,2
1699356120,11,7,1,1162,15,2
1699356180,11,7,1,1163,15,2
1699356240,11,7,1,1164,15,2
1699356300,11,7,1,1165,15,2
1699356360,11,7,1,1166,15,2
1699356420,11,7,1,1167,15,1
1699356480,11,7,1,1168,15,0
1699356540,11,7,1,1169,15,1
1699356660,11,7,1,1171,15,1
1699356720,11,7,1,1172,15,1
1699356780,11,7,1,1173,15,1
1699356840,11,7,1,1174,15,1
1699356900,11,7,1,1175,15,1
1699356960,11,7,1,1176,15,1
1699357020,11,7,1,1177,15,1
1699357080,11,7,1,1178,15,1
1699357140,11,7,1,1179,15,0
1699357200,11,7,1,1180,15,0
1699357260,11,7,1,1181,15,0
1699357320,11,7,1,1182,15,1
1699357380,11,7,1,1183,15,2
1699357440,11,7,1,1184,15,2
1699357500,11,7,1,1185,15,2
1699357560,11,7,1,1186,15,2
1699357620,11,7,1,1187,15,2
1699357680,11,7,1,1188,15,2
1699357740,11,7,1,1189,15,2
1699357800,11,7,1,1190,15,2
1699357860,11,7,1,1191,15,2
1699357920,11,7,1,1192,15,2
1699357980,11,7,1,1193,15,2
1699358040,11,7,1,1194,15,4
1699358100,11,7,1,1195,15,4
1699358160,11,7,1,1196,15,4
1699358220,11,7,1,1197,15,3
1699358280,11,7,1,1198,15,2
1699358340,11,7,1,1199,15,2
1699358460,11,7,1,1201,15,2
1699358520,11,7,1,1202,15,2
1699358580,11,7,1,1203,15,1
1699358640,11,7,1,1204,15,0
1699358700,11,7,1,1205,15,0
1699358760,11,7,1,1206,15,3
1699358820,11,7,1,1207,15,3
1699358880,11,7,1,1208,15,3
1699358940,11,7,1,1209,15,3
1699359000,11,7,1,1210,15,3
1699359060,11,7,1,1211,15,2
1699359120,11,7,1,1212,15,2
1699359180,11,7,1,1213,15,2
1699359240,11,7,1,1214,15,1
1699359300,11,7,1,1215,15,1
1699359360,11,7,1,1216,15,1
1699359420,11,7,1,1217,15,1
1699359480,11,7,1,1218,15,1
1699359540,11,7,1,1219,15,1
1699359660,11,7,1,1221,15,1
1699359720,11,7,1,1222,15,2
1699359780,11,7,1,1223,15,2
1699359840,11,7,1,1224,15,2
1699359900,11,7,1,1225,15,2
1699359960,11,7,1,1226,15,1
1699360020,11,7,1,1227,15,1
1699360080,11,7,1,1228,15,0
1699360140,11,7,1,1229,15,0
1699360260,11,7,1,1231,15,0
1699360320,11,7,1,1232,15,0
1699360380,11,7,1,1233,15,0
1699360440,11,7,1,1234,15,0
1699360500,11,7,1,1235,15,0
1699360560,11,7,1,1236,15,0
1699360620,11,7,1,1237,15,0
1699360680,11,7,1,1238,15,0
1699360740,11,7,1,1239,15,0
1699360800,11,7,1,1240,15,0
1699360860,11,7,1,1241,15,0
1699360920,11,7,1,1242,15,0
1699360980,11,7,1,1243,15,0
1699361040,11,7,1,1244,15,0
1699361100,11,7,1,1245,15,0
1699361160,11,7,1,1246,15,0
1699361220,11,7,1,1247,15,0
1699361280,11,7,1,1248,15,0
1699361340,11,7,1,1249,15,0
1699361400,11,7,1,1250,15,0
1699361460,11,7,1,1251,15,0
1699361520,11,7,1,1252,15,0
1699361580,11,7,1,1253,15,0
1699361640,11,7,1,1254,15,0
1699361700,11,7,1,1255,15,0
1699361760,11,7,1,1256,15,0
1699361820,11,7,1,1257,15,0
1699361880,11,7,1,1258,15,1
1699361940,11,7,1,1259,15,1
1699362060,11,7,1,1261,15,1
1699362120,11,7,1,1262,15,0
1699362180,11,7,1,1263,15,0
1699362240,11,7,1,1264,15,0
1699362300,11,7,1,1265,15,0
1699362360,11,7,1,1266,15,0
1699362420,11,7,1,1267,15,0
1699362480,11,7,1,1268,15,0
1699362540,11,7,1,1269,15,0
1699362600,11,7,1,1270,15,0
1699362660,11,7,1,1271,15,0
1699362720,11,7,1,1272,15,0
1699362780,11,7,1,1273,15,1
1699362840,11,7,1,1274,15,1
1699362900,11,7,1,1275,15,0
1699362960,11,7,1,1276,15,0
1699363020,11,7,1,1277,15,0
1699363080,11,7,1,1278,15,0
1699363140,11,7,1,1279,15,0
1699363260,11,7,1,1281,15,0
1699363320,11,7,1,1282,15,0
1699363380,11,7,1,1283,15,0
1699363440,11,7,1,1284,15,0
1699363500,11,7,1,1285,15,1
1699363560,11,7,1,1286,15,3
1699363620,11,7,1,1287,15,3
1699363680,11,7,1,1288,15,3
1699363740,11,7,1,1289,15,3
1699363860,11,7,1,1291,15,3
1699363920,11,7,1,1292,15,3
1699363980,11,7,1,1293,15,3
1699364040,11,7,1,1294,15,3
1699364100,11,7,1,1295,15,3
1699364160,11,7,1,1296,15,3
1699364220,11,7,1,1297,15,3
1699364280,11,7,1,1298,15,3
1699364340,11,7,1,1299,15,3
1699364400,11,7,1,1300,15,3
1699364460,11,7,1,1301,15,3
1699364520,11,7,1,1302,15,3
1699364580,11,7,1,1303,15,3
1699364640,11,7,1,1304,15,3
1699364700,11,7,1,1305,15,4
1699364760,11,7,1,1306,15,5
1699364820,11,7,1,1307,15,5
1699364880,11,7,1,1308,15,5
1699364940,11,7,1,1309,15,6
1699365000,11,7,1,1310,15,5
1699365060,11,7,1,1311,15,5
1699365120,11,7,1,1312,15,5
1699365180,11,7,1,1313,15,5
1699365240,11,7,1,1314,15,6
1699365300,11,7,1,1315,15,6
1699365360,11,7,1,1316,15,6
1699365420,11,7,1,1317,15,6
1699365480,11,7,1,1318,15,6
1699365540,11,7,1,1319,15,7
1699365660,11,7,1,1321,15,7
1699365720,11,7,1,1322,15,7
1699365780,11,7,1,1323,15,7
1699365840,11,7,1,1324,15,7
1699365900,11,7,1,1325,15,7
1699365960,11,7,1,1326,15,6
1699366020,11,7,1,1327,15,6
1699366080,11,7,1,1328,15,6
1699366140,11,7,1,1329,15,6
1699366200,11,7,1,1330,15,6
1699366260,11,7,1,1331,15,6
1699366320,11,7,1,1332,15,6
1699366380,11,7,1,1333,15,6
1699366440,11,7,1,1334,15,8
1699366500,11,7,1,1335,15,8
1699366560,11,7,1,1336,15,8
1699366620,11,7,1,1337,15,8
1699366680,11,7,1,1338,15,8
1699366740,11,7,1,1339,15,8
1699366860,11,7,1,1341,15,8
1699366920,11,7,1,1342,15,9
1699366980,11,7,1,1343,15,9
1699367040,11,7,1,1344,15,9
1699367100,11,7,1,1345,15,9
1699367160,11,7,1,1346,15,9
1699367220,11,7,1,1347,15,8
1699367280,11,7,1,1348,15,8
1699367340,11,7,1,1349,15,7
1699367400,11,7,1,1350,15,7
1699367460,11,7,1,1351,15,6
1699367520,11,7,1,1352,15,5
1699367580,11,7,1,1353,15,5
1699367640,11,7,1,1354,15,4
1699367700,11,7,1,1355,15,4
1699367760,11,7,1,1356,15,4
1699367820,11,7,1,1357,15,4
1699367880,11,7,1,1358,15,4
1699367940,11,7,1,1359,15,4
1699368000,11,7,1,1360,15,2
1699368060,11,7,1,1361,15,3
1699368120,11,7,1,1362,15,4
1699368180,11,7,1,1363,15,4
1699368240,11,7,1,1364,15,4
1699368300,11,7,1,1365,15,4
1699368360,11,7,1,1366,15,5
1699368420,11,7,1,1367,15,5
1699368480,11,7,1,1368,15,5
1699368540,11,7,1,1369,15,6
1699368600,11,7,1,1370,15,6
1699368660,11,7,1,1371,15,5
1699368720,11,7,1,1372,15,5
1699368780,11,7,1,1373,15,5
1699368840,11,7,1,1374,15,6
1699368900,11,7,1,1375,15,6
1699368960,11,7,1,1376,15,6
1699369020,11,7,1,1377,15,6
1699369080,11,7,1,1378,15,6
1699369140,11,7,1,1379,15,6
1699369200,11,7,1,1380,15,6
1699369320,11,7,1,1382,15,6
1699369380,11,7,1,1383,15,6
1699369440,11,7,1,1384,15,7
1699369500,11,7,1,1385,15,7
1699369560,11,7,1,1386,15,7
1699369620,11,7,1,1387,15,7
1699369680,11,7,1,1388,15,7
1699369740,11,7,1,1389,15,7
1699369800,11,7,1,1390,15,7
1699369860,11,7,1,1391,15,7
1699369920,11,7,1,1392,15,7
1699369980,11,7,1,1393,15,7
1699370040,11,7,1,1394,15,7
1699370100,11,7,1,1395,15,7
1699370160,11,7,1,1396,15,7
1699370220,11,7,1,1397,15,7
1699370280,11,7,1,1398,15,7
1699370340,11,7,1,1399,15,6
1699370460,11,7,1,1401,15,5
1699370520,11,7,1,1402,15,5
1699370580,11,7,1,1403,15,5
1699370640,11,7,1,1404,15,5
1699370700,11,7,1,1405,15,5
1699370760,11,7,1,1406,15,5
1699370820,11,7,1,1407,15,5
1699370880,11,7,1,1408,15,5
1699370940,11,7,1,1409,15,6
1699371000,11,7,1,1410,15,6
1699371060,11,7,1,1411,15,6
1699371120,11,7,1,1412,15,6
1699371180,11,7,1,1413,15,6
1699371240,11,7,1,1414,15,6
1699371300,11,7,1,1415,15,6
1699371360,11,7,1,1416,15,6
1699371420,11,7,1,1417,15,6
1699371480,11,7,1,1418,15,6
1699371540,11,7,1,1419,15,6
1699371600,11,7,1,1420,15,6
1699371660,11,7,1,1421,15,7
1699371720,11,7,1,1422,15,7
1699371780,11,7,1,1423,15,7
1699371840,11,7,1,1424,15,7
1699371900,11,7,1,1425,15,9
1699371960,11,7,1,1426,15,9
1699372020,11,7,1,1427,15,9
1699372080,11,7,1,1428,15,9
1699372140,11,7,1,1429,15,9
1699372200,11,7,1,1430,15,9
1699372260,11,7,1,1431,15,9
1699372320,11,7,1,1432,15,9
1699372380,11,7,1,1433,15,9
1699372440,11,7,1,1434,15,9
1699372500,11,7,1,1435,15,9
1699372560,11,7,1,1436,15,9
1699372620,11,7,1,1437,15,9
1699372680,11,7,1,1438,15,9
1699372740,11,7,1,1439,15,9
1699372800,11,8,2,0,15,9
1699372860,11,8,2,1,15,9
1699372920,11,8,2,2,15,9
1699372980,11,8,2,3,15,10
1699373040,11,8,2,4,15,10
1699373100,11,8,2,5,15,10
1699373160,11,8,2,6,15,10
1699373220,11,8,2,7,15,10
1699373280,11,8,2,8,15,10
1699373340,11,8,2,9,15,10
1699373400,11,8,2,10,15,10
1699373460,11,8,2,11,15,9
1699373520,11,8,2,12,15,9
1699373580,11,8,2,13,15,9
1699373640,11,8,2,14,15,9
1699373700,11,8,2,15,15,9
1699373760,11,8,2,16,15,9
1699373820,11,8,2,17,15,8
1699373880,11,8,2,18,15,8
1699373940,11,8,2,19,15,8
1699374060,11,8,2,21,15,8
1699374120,11,8,2,22,15,8
1699374180,11,8,2,23,15,9
1699374240,11,8,2,24,15,10
1699374300,11,8,2,25,15,10
1699374360,11,8,2,26,15,10
1699374420,11,8,2,27,15,9
1699374480,11,8,2,28,15,9
1699374540,11,8,2,29,15,9
1699374600,11,8,2,30,15,9
1699374660,11,8,2,31,15,9
1699374720,11,8,2,32,15,9
1699374780,11,8,2,33,15,9
1699374840,11,8,2,34,15,9
1699374900,11,8,2,35,15,9
1699374960,11,8,2,36,15,9
1699375020,11,8,2,37,15,9
1699375080,11,8,2,38,15,9
1699375140,11,8,2,39,15,9
1699375200,11,8,2,40,15,9
1699375260,11,8,2,41,15,9
1699375320,11,8,2,42,15,8
1699375380,11,8,2,43,15,8
1699375440,11,8,2,44,15,8
1699375500,11,8,2,45,15,8
1699375560,11,8,2,46,15,8
1699375620,11,8,2,47,15,8
1699375680,11,8,2,48,15,8
1699375740,11,8,2,49,15,8
1699375800,11,8,2,50,15,8
1699375860,11,8,2,51,15,8
1699375920,11,8,2,52,15,8
1699375980,11,8,2,53,15,8
1699376040,11,8,2,54,15,8
1699376100,11,8,2,55,15,8
1699376160,11,8,2,56,15,8
1699376220,11,8,2,57,15,9
1699376280,11,8,2,58,15,9
1699376340,11,8,2,59,15,9
1699376400,11,8,2,60,15,9
1699376460,11,8,2,61,15,9
1699376520,11,8,2,62,15,8
1699376640,11,8,2,64,15,8
1699376700,11,8,2,65,15,8
1699376760,11,8,2,66,15,8
1699376820,11,8,2,67,15,8
1699376880,11,8,2,68,15,10
1699376940,11,8,2,69,15,10
1699377060,11,8,2,71,15,10
1699377120,11,8,2,72,15,10
1699377180,11,8,2,73,15,10
1699377240,11,8,2,74,15,10
1699377300,11,8,2,75,15,10
1699377360,11,8,2,76,15,10
1699377420,11,8,2,77,15,10
1699377480,11,8,2,78,15,10
1699377540,11,8,2,79,15,10
1699377660,11,8,2,81,15,10
1699377780,11,8,2,83,15,10
1699377840,11,8,2,84,15,10
1699377900,11,8,2,85,15,10
1699377960,11,8,2,86,15,10
1699378020,11,8,2,87,15,10
1699378080,11,8,2,88,15,10
1699378140,11,8,2,89,15,10
1699378260,11,8,2,91,15,10
1699378320,11,8,2,92,15,10
1699378380,11,8,2,93,15,10
1699378440,11,8,2,94,15,10
1699378500,11,8,2,95,15,10
1699378560,11,8,2,96,15,10
1699378620,11,8,2,97,15,10
1699378680,11,8,2,98,15,10
1699378740,11,8,2,99,15,10
1699378860,11,8,2,101,15,10
1699378920,11,8,2,102,15,10
1699378980,11,8,2,103,15,10
1699379040,11,8,2,104,15,10
1699379100,11,8,2,105,15,10
1699379160,11,8,2,106,15,10
1699379220,11,8,2,107,15,10
1699379280,11,8,2,108,15,10
1699379340,11,8,2,109,15,10
1699379460,11,8,2,111,15,10
1699379520,11,8,2,112,15,10
1699379580,11,8,2,113,15,10
1699379640,11,8,2,114,15,10
1699379700,11,8,2,115,15,10
1699379760,11,8,2,116,15,10
1699379820,11,8,2,117,15,10
1699379880,11,8,2,118,15,10
1699379940,11,8,2,119,15,10
1699380060,11,8,2,121,15,10
1699380120,11,8,2,122,15,10
1699380180,11,8,2,123,15,10
1699380240,11,8,2,124,15,10
1699380300,11,8,2,125,15,10
1699380360,11,8,2,126,15,10
1699380420,11,8,2,127,15,10
1699380480,11,8,2,128,15,11
1699380540,11,8,2,129,15,11
1699380660,11,8,2,131,15,11
1699380720,11,8,2,132,15,11
1699380780,11,8,2,133,15,11
1699380840,11,8,2,134,15,10
1699380900,11,8,2,135,15,9
1699380960,11,8,2,136,15,9
1699381020,11,8,2,137,15,9
1699381140,11,8,2,139,15,9
1699381260,11,8,2,141,15,9
1699381320,11,8,2,142,15,10
1699381380,11,8,2,143,15,10
1699381440,11,8,2,144,15,10
1699381500,11,8,2,145,15,10
1699381560,11,8,2,146,15,10
1699381620,11,8,2,147,15,10
1699381680,11,8,2,148,15,10
1699381740,11,8,2,149,15,10
1699381800,11,8,2,150,15,10
1699381920,11,8,2,152,15,10
1699381980,11,8,2,153,15,10
1699382100,11,8,2,155,15,10
1699382160,11,8,2,156,15,10
1699382220,11,8,2,157,15,10
1699382280,11,8,2,158,15,10
1699382340,11,8,2,159,15,10
1699382460,11,8,2,161,15,10
1699382520,11,8,2,162,15,9
1699382580,11,8,2,163,15,9
1699382640,11,8,2,164,15,9
1699382700,11,8,2,165,15,9
1699382760,11,8,2,166,15,9
1699382820,11,8,2,167,15,9
1699382880,11,8,2,168,15,9
1699382940,11,8,2,169,15,9
1699383060,11,8,2,171,15,9
1699383120,11,8,2,172,15,9
1699383180,11,8,2,173,15,9
1699383240,11,8,2,174,15,9
1699383300,11,8,2,175,15,9
1699383360,11,8,2,176,15,9
1699383420,11,8,2,177,15,9
1699383480,11,8,2,178,15,9
1699383540,11,8,2,179,15,9
1699383660,11,8,2,181,15,9
1699383720,11,8,2,182,15,9
1699383780,11,8,2,183,15,8
1699383840,11,8,2,184,15,8
1699383900,11,8,2,185,15,8
1699383960,11,8,2,186,15,8
1699384020,11,8,2,187,15,8
1699384080,11,8,2,188,15,8
1699384140,11,8,2,189,15,8
1699384260,11,8,2,191,15,8
1699384320,11,8,2,192,15,8
1699384380,11,8,2,193,15,8
1699384440,11,8,2,194,15,8
1699384500,11,8,2,195,15,8
1699384560,11,8,2,196,15,8
1699384620,11,8,2,197,15,8
1699384680,11,8,2,198,15,8
1699384740,11,8,2,199,15,8
1699384860,11,8,2,201,15,8
1699384920,11,8,2,202,15,8
1699384980,11,8,2,203,15,8
1699385040,11,8,2,204,15,8
1699385100,11,8,2,205,15,8
1699385160,11,8,2,206,15,8
1699385220,11,8,2,207,15,8
1699385280,11,8,2,208,15,8
1699385340,11,8,2,209,15,8
1699385400,11,8,2,210,15,8
1699385460,11,8,2,211,15,8
1699385520,11,8,2,212,15,8
1699385580,11,8,2,213,15,8
1699385640,11,8,2,214,15,8
1699385700,11,8,2,215,15,8
1699385760,11,8,2,216,15,8
1699385820,11,8,2,217,15,8
1699385880,11,8,2,218,15,8
1699385940,11,8,2,219,15,8
1699386000,11,8,2,220,15,8
1699386060,11,8,2,221,15,8
1699386120,11,8,2,222,15,8
1699386180,11,8,2,223,15,8
1699386240,11,8,2,224,15,8
1699386300,11,8,2,225,15,8
1699386360,11,8,2,226,15,8
1699386420,11,8,2,227,15,7
1699386480,11,8,2,228,15,7
1699386540,11,8,2,229,15,7
1699386600,11,8,2,230,15,7
1699386660,11,8,2,231,15,7
1699386720,11,8,2,232,15,7
1699386780,11,8,2,233,15,7
1699386840,11,8,2,234,15,7
1699386900,11,8,2,235,15,7
1699386960,11,8,2,236,15,7
1699387020,11,8,2,237,15,7
1699387080,11,8,2,238,15,7
1699387140,11,8,2,239,15,7
1699387260,11,8,2,241,15,7
1699387320,11,8,2,242,15,4
1699387380,11,8,2,243,15,4
1699387440,11,8,2,244,15,4
1699387500,11,8,2,245,15,4
1699387560,11,8,2,246,15,4
1699387620,11,8,2,247,15,4
1699387680,11,8,2,248,15,4
1699387740,11,8,2,249,15,4
1699387800,11,8,2,250,15,4
1699387860,11,8,2,251,15,4
1699387920,11,8,2,252,15,4
1699387980,11,8,2,253,15,4
1699388040,11,8,2,254,15,4
1699388100,11,8,2,255,15,4
1699388160,11,8,2,256,15,4
1699388220,11,8,2,257,15,4
1699388280,11,8,2,258,15,4
1699388340,11,8,2,259,15,4
1699388460,11,8,2,261,15,3
1699388520,11,8,2,262,15,3
1699388580,11,8,2,263,15,3
1699388640,11,8,2,264,15,3
1699388700,11,8,2,265,15,3
1699388760,11,8,2,266,15,3
1699388820,11,8,2,267,15,3
1699388880,11,8,2,268,15,3
1699388940,11,8,2,269,15,3
1699389000,11,8,2,270,15,3
1699389060,11,8,2,271,15,3
1699389120,11,8,2,272,15,3
1699389180,11,8,2,273,15,3
1699389240,11,8,2,274,15,3
1699389300,11,8,2,275,15,3
1699389360,11,8,2,276,15,3
1699389420,11,8,2,277,15,3
1699389480,11,8,2,278,15,3
1699389540,11,8,2,279,15,3
1699389600,11,8,2,280,15,3
1699389660,11,8,2,281,15,3
1699389720,11,8,2,282,15,3
1699389780,11,8,2,283,15,3
1699389840,11,8,2,284,15,3
1699389900,11,8,2,285,15,3
1699389960,11,8,2,286,15,3
1699390020,11,8,2,287,15,3
1699390080,11,8,2,288,15,3
1699390140,11,8,2,289,15,3
1699390260,11,8,2,291,15,3
1699390320,11,8,2,292,15,3
1699390380,11,8,2,293,15,3
1699390440,11,8,2,294,15,3
1699390500,11,8,2,295,15,3
1699390560,11,8,2,296,15,3
1699390620,11,8,2,297,15,3
1699390680,11,8,2,298,15,3
1699390740,11,8,2,299,15,3
1699390860,11,8,2,301,15,3
1699390920,11,8,2,302,15,3
1699390980,11,8,2,303,15,3
1699391040,11,8,2,304,15,3
1699391100,11,8,2,305,15,3
1699391160,11,8,2,306,15,3
1699391220,11,8,2,307,15,3
1699391280,11,8,2,308,15,3
1699391340,11,8,2,309,15,3
1699391400,11,8,2,310,15,3
1699391460,11,8,2,311,15,3
1699391520,11,8,2,312,15,3
1699391580,11,8,2,313,15,3
1699391640,11,8,2,314,15,3
1699391700,11,8,2,315,15,3
1699391760,11,8,2,316,15,3
1699391820,11,8,2,317,15,3
1699391880,11,8,2,318,15,3
1699391940,11,8,2,319,15,3
1699392060,11,8,2,321,15,3
1699392120,11,8,2,322,15,3
1699392180,11,8,2,323,15,4
1699392240,11,8,2,324,15,4
1699392300,11,8,2,325,15,4
1699392360,11,8,2,326,15,4
1699392420,11,8,2,327,15,4
1699392480,11,8,2,328,15,4
1699392540,11,8,2,329,15,4
1699392600,11,8,2,330,15,4
1699392660,11,8,2,331,15,4
1699392720,11,8,2,332,15,4
1699392780,11,8,2,333,15,4
1699392840,11,8,2,334,15,4
1699392900,11,8,2,335,15,4
1699392960,11,8,2,336,15,4
1699393020,11,8,2,337,15,5
1699393080,11,8,2,338,15,5
1699393140,11,8,2,339,15,5
1699393200,11,8,2,340,15,5
1699393260,11,8,2,341,15,5
1699393320,11,8,2,342,15,5
1699393380,11,8,2,343,15,5
1699393440,11,8,2,344,15,5
1699393500,11,8,2,345,15,5
1699393560,11,8,2,346,15,5
1699393620,11,8,2,347,15,5
1699393680,11,8,2,348,15,5
1699393740,11,8,2,349,15,6
1699393800,11,8,2,350,15,6
1699393860,11,8,2,351,15,6
1699393920,11,8,2,352,15,6
1699393980,11,8,2,353,15,6
1699394040,11,8,2,354,15,6
1699394100,11,8,2,355,15,6
1699394160,11,8,2,356,15,6
1699394220,11,8,2,357,15,6
1699394280,11,8,2,358,15,6
1699394340,11,8,2,359,15,6
1699394400,11,8,2,360,15,6
1699394460,11,8,2,361,15,6
1699394520,11,8,2,362,15,6
1699394580,11,8,2,363,15,6
1699394640,11,8,2,364,15,6
1699394700,11,8,2,365,15,6
1699394760,11,8,2,366,15,6
1699394820,11,8,2,367,15,6
1699394880,11,8,2,368,15,6
1699394940,11,8,2,369,15,6
1699395000,11,8,2,370,15,7
1699395060,11,8,2,371,15,7
1699395120,11,8,2,372,15,7
1699395180,11,8,2,373,15,7
1699395240,11,8,2,374,15,7
1699395300,11,8,2,375,15,7
1699395360,11,8,2,376,15,7
1699395420,11,8,2,377,15,7
1699395480,11,8,2,378,15,7
1699395540,11,8,2,379,15,7
1699395660,11,8,2,381,15,7
1699395720,11,8,2,382,15,7
1699395780,11,8,2,383,15,7
1699395840,11,8,2,384,15,8
1699395900,11,8,2,385,15,8
1699395960,11,8,2,386,15,8
1699396020,11,8,2,387,15,8
1699396080,11,8,2,388,15,8
1699396140,11,8,2,389,15,8
1699396200,11,8,2,390,15,8
1699396260,11,8,2,391,15,8
1699396320,11,8,2,392,15,9
1699396380,11,8,2,393,15,9
1699396440,11,8,2,394,15,9
1699396500,11,8,2,395,15,9
1699396560,11,8,2,396,15,9
1699396620,11,8,2,397,15,9
1699396680,11,8,2,398,15,9
1699396740,11,8,2,399,15,9
1699396800,11,8,2,400,15,9
1699396860,11,8,2,401,15,9
1699396920,11,8,2,402,15,9
1699396980,11,8,2,403,15,9
1699397040,11,8,2,404,15,9
1699397100,11,8,2,405,15,9
1699397160,11,8,2,406,15,9
1699397220,11,8,2,407,15,9
1699397280,11,8,2,408,15,9
1699397340,11,8,2,409,15,9
1699397400,11,8,2,410,15,10
1699397460,11,8,2,411,15,10
1699397520,11,8,2,412,15,10
1699397580,11,8,2,413,15,10
1699397640,11,8,2,414,15,10
1699397700,11,8,2,415,15,10
1699397760,11,8,2,416,15,9
1699397820,11,8,2,417,15,9
1699397880,11,8,2,418,15,9
1699397940,11,8,2,419,15,8
1699398060,11,8,2,421,15,9
1699398120,11,8,2,422,15,9
1699398180,11,8,2,423,15,9
1699398240,11,8,2,424,15,9
1699398300,11,8,2,425,15,9
1699398360,11,8,2,426,15,9
1699398420,11,8,2,427,15,8
1699398480,11,8,2,428,15,8
1699398540,11,8,2,429,15,8
1699398600,11,8,2,430,15,7
1699398660,11,8,2,431,15,7
1699398720,11,8,2,432,15,7
1699398780,11,8,2,433,15,6
1699398840,11,8,2,434,15,6
1699398900,11,8,2,435,15,6
1699398960,11,8,2,436,15,5
1699399020,11,8,2,437,15,5
1699399080,11,8,2,438,15,5
1699399140,11,8,2,439,15,6
1699399260,11,8,2,441,15,7
1699399320,11,8,2,442,15,8
1699399380,11,8,2,443,15,8
1699399440,11,8,2,444,15,9
1699399500,11,8,2,445,15,9
1699399560,11,8,2,446,15,8
1699399620,11,8,2,447,15,7
1699399680,11,8,2,448,15,7
1699399740,11,8,2,449,15,7
1699399860,11,8,2,451,15,7
1699399920,11,8,2,452,15,7
1699399980,11,8,2,453,15,8
1699400040,11,8,2,454,15,8
1699400100,11,8,2,455,15,9
1699400160,11,8,2,456,15,9
1699400280,11,8,2,458,15,9
1699400340,11,8,2,459,15,9
1699400400,11,8,2,460,15,8
1699400460,11,8,2,461,15,7
1699400520,11,8,2,462,15,7
1699400580,11,8,2,463,15,7
1699400640,11,8,2,464,15,7
1699400700,11,8,2,465,15,8
1699400760,11,8,2,466,15,8
1699400820,11,8,2,467,15,8
1699400880,11,8,2,468,15,10
1699400940,11,8,2,469,15,10
1699401000,11,8,2,470,15,10
1699401060,11,8,2,471,15,10
1699401120,11,8,2,472,15,11
1699401180,11,8,2,473,15,11
1699401240,11,8,2,474,15,10
1699401300,11,8,2,475,15,10
1699401360,11,8,2,476,15,9
1699401420,11,8,2,477,15,6
1699401480,11,8,2,478,15,6
1699401540,11,8,2,479,15,6
1699401660,11,8,2,481,15,6
1699401720,11,8,2,482,15,9
1699401780,11,8,2,483,15,9
1699401840,11,8,2,484,15,6
1699401900,11,8,2,485,15,6
1699401960,11,8,2,486,15,3
1699402020,11,8,2,487,15,3
1699402080,11,8,2,488,15,4
1699402140,11,8,2,489,15,4
1699402200,11,8,2,490,15,4
1699402260,11,8,2,491,15,4
1699402320,11,8,2,492,15,5
1699402380,11,8,2,493,15,5
1699402440,11,8,2,494,15,5
1699402500,11,8,2,495,15,6
1699402560,11,8,2,496,15,5
1699402620,11,8,2,497,15,3
1699402680,11,8,2,498,15,3
1699402740,11,8,2,499,15,2
1699402860,11,8,2,501,15,2
1699402920,11,8,2,502,15,1
1699402980,11,8,2,503,15,1
1699403040,11,8,2,504,15,1
1699403100,11,8,2,505,15,1
1699403160,11,8,2,506,15,0
1699403220,11,8,2,507,15,0
1699403280,11,8,2,508,15,0
1699403340,11,8,2,509,15,0
1699403460,11,8,2,511,15,0
1699403520,11,8,2,512,15,0
1699403580,11,8,2,513,15,0
1699403640,11,8,2,514,15,0
1699403700,11,8,2,515,15,2
1699403760,11,8,2,516,15,2
1699403820,11,8,2,517,15,2
1699403880,11,8,2,518,15,5
1699403940,11,8,2,519,15,5
1699404000,11,8,2,520,15,4
1699404060,11,8,2,521,15,2
1699404120,11,8,2,522,15,2
1699404180,11,8,2,523,15,2
1699404240,11,8,2,524,15,2
1699404300,11,8,2,525,15,2
1699404360,11,8,2,526,15,0
1699404420,11,8,2,527,15,0
1699404480,11,8,2,528,15,0
1699404540,11,8,2,529,15,0
1699404600,11,8,2,530,15,1
1699404660,11,8,2,531,15,1
1699404720,11,8,2,532,15,1
1699404780,11,8,2,533,15,0
1699404840,11,8,2,534,15,0
1699404900,11,8,2,535,15,0
1699404960,11,8,2,536,15,0
1699405020,11,8,2,537,15,0
1699405080,11,8,2,538,15,2
1699405140,11,8,2,539,15,2
1699405260,11,8,2,541,15,1
1699405320,11,8,2,542,15,3
1699405380,11,8,2,543,15,2
1699405440,11,8,2,544,15,2
1699405500,11,8,2,545,15,4
1699405560,11,8,2,546,15,4
1699405620,11,8,2,547,15,3
1699405680,11,8,2,548,15,4
1699405740,11,8,2,549,15,3
1699405800,11,8,2,550,15,0
1699405860,11,8,2,551,15,0
1699405920,11,8,2,552,15,0
1699405980,11,8,2,553,15,0
1699406040,11,8,2,554,15,0
1699406100,11,8,2,555,15,1
1699406160,11,8,2,556,15,1
1699406220,11,8,2,557,15,1
1699406280,11,8,2,558,15,3
1699406340,11,8,2,559,15,3
1699406460,11,8,2,561,15,3
1699406520,11,8,2,562,15,4
1699406580,11,8,2,563,15,4
1699406640,11,8,2,564,15,4
1699406700,11,8,2,565,15,5
1699406760,11,8,2,566,15,5
1699406820,11,8,2,567,15,5
1699406880,11,8,2,568,15,6
1699406940,11,8,2,569,15,5
1699407060,11,8,2,571,15,4
1699407120,11,8,2,572,15,4
1699407180,11,8,2,573,15,3
1699407240,11,8,2,574,15,3
1699407300,11,8,2,575,15,1
1699407360,11,8,2,576,15,3
1699407420,11,8,2,577,15,2
1699407480,11,8,2,578,15,2
1699407540,11,8,2,579,15,1
1699407600,11,8,2,580,15,1
1699407660,11,8,2,581,15,1
1699407720,11,8,2,582,15,1
1699407780,11,8,2,583,15,2
1699407840,11,8,2,584,15,0
1699407900,11,8,2,585,15,0
1699407960,11,8,2,586,15,0
1699408020,11,8,2,587,15,0
1699408080,11,8,2,588,15,0
1699408140,11,8,2,589,15,0
1699408200,11,8,2,590,15,0
1699408260,11,8,2,591,15,0
1699408320,11,8,2,592,15,1
1699408380,11,8,2,593,15,2
1699408440,11,8,2,594,15,1
1699408500,11,8,2,595,15,1
1699408560,11,8,2,596,15,1
1699408620,11,8,2,597,15,0
1699408680,11,8,2,598,15,0
1699408740,11,8,2,599,15,0
1699408860,11,8,2,601,15,0
1699408920,11,8,2,602,15,0
1699408980,11,8,2,603,15,0
1699409040,11,8,2,604,15,0
1699409100,11,8,2,605,15,0
1699409160,11,8,2,606,15,1
1699409220,11,8,2,607,15,1
1699409280,11,8,2,608,15,0
1699409340,11,8,2,609,15,0
1699409400,11,8,2,610,15,2
1699409460,11,8,2,611,15,1
1699409520,11,8,2,612,15,1
1699409580,11,8,2,613,15,1
1699409640,11,8,2,614,15,1
1699409700,11,8,2,615,15,1
1699409760,11,8,2,616,15,1
1699409820,11,8,2,617,15,1
1699409880,11,8,2,618,15,1
1699409940,11,8,2,619,15,1
1699410060,11,8,2,621,15,0
1699410120,11,8,2,622,15,0
1699410180,11,8,2,623,15,0
1699410240,11,8,2,624,15,0
1699410300,11,8,2,625,15,0
1699410360,11,8,2,626,15,0
1699410420,11,8,2,627,15,0
1699410480,11,8,2,628,15,0
1699410540,11,8,2,629,15,0
1699410660,11,8,2,631,15,0
1699410720,11,8,2,632,15,1
1699410780,11,8,2,633,15,0
1699410840,11,8,2,634,15,0
1699410900,11,8,2,635,15,1
1699410960,11,8,2,636,15,1
1699411020,11,8,2,637,15,0
1699411080,11,8,2,638,15,0
1699411140,11,8,2,639,15,1
1699411200,11,8,2,640,15,0
1699411260,11,8,2,641,15,0
1699411320,11,8,2,642,15,0
1699411380,11,8,2,643,15,0
1699411440,11,8,2,644,15,0
1699411500,11,8,2,645,15,0
1699411560,11,8,2,646,15,0
1699411620,11,8,2,647,15,0
1699411680,11,8,2,648,15,0
1699411740,11,8,2,649,15,0
1699411800,11,8,2,650,15,0
1699411860,11,8,2,651,15,0
1699411920,11,8,2,652,15,0
1699411980,11,8,2,653,15,0
1699412040,11,8,2,654,15,0
1699412100,11,8,2,655,15,0
1699412160,11,8,2,656,15,1
1699412220,11,8,2,657,15,1
1699412280,11,8,2,658,15,1
1699412340,11,8,2,659,15,0
1699412460,11,8,2,661,15,0
1699412520,11,8,2,662,15,0
1699412580,11,8,2,663,15,0
1699412640,11,8,2,664,15,0
1699412700,11,8,2,665,15,1
1699412760,11,8,2,666,15,1
1699412820,11,8,2,667,15,1
1699412880,11,8,2,668,15,1
1699412940,11,8,2,669,15,1
1699413000,11,8,2,670,15,0
1699413060,11,8,2,671,15,0
1699413120,11,8,2,672,15,0
1699413180,11,8,2,673,15,0
1699413240,11,8,2,674,15,0
1699413300,11,8,2,675,15,0
1699413360,11,8,2,676,15,0
1699413420,11,8,2,677,15,0
1699413480,11,8,2,678,15,0
1699413540,11,8,2,679,15,0
1699413660,11,8,2,681,15,0
1699413720,11,8,2,682,15,0
1699413780,11,8,2,683,15,0
1699413840,11,8,2,684,15,0
1699413900,11,8,2,685,15,0
1699413960,11,8,2,686,15,0
1699414020,11,8,2,687,15,0
1699414080,11,8,2,688,15,0
1699414140,11,8,2,689,15,3
1699414200,11,8,2,690,15,3
1699414260,11,8,2,691,15,3
1699414320,11,8,2,692,15,4
1699414380,11,8,2,693,15,4
1699414440,11,8,2,694,15,4
1699414500,11,8,2,695,15,3
1699414560,11,8,2,696,15,3
1699414620,11,8,2,697,15,2
1699414680,11,8,2,698,15,1
1699414740,11,8,2,699,15,1
1699414800,11,8,2,700,15,0
1699414860,11,8,2,701,15,0
1699414920,11,8,2,702,15,0
1699414980,11,8,2,703,15,0
1699415040,11,8,2,704,15,0
1699415100,11,8,2,705,15,0
1699415160,11,8,2,706,15,0
1699415220,11,8,2,707,15,0
1699415280,11,8,2,708,15,0
1699415340,11,8,2,709,15,0
1699415400,11,8,2,710,15,0
1699415460,11,8,2,711,15,0
1699415520,11,8,2,712,15,0
1699415580,11,8,2,713,15,0
1699415640,11,8,2,714,15,0
1699415700,11,8,2,715,15,0
1699415760,11,8,2,716,15,0
1699415820,11,8,2,717,15,0
1699415880,11,8,2,718,15,0
1699415940,11,8,2,719,15,0
1699416060,11,8,2,721,15,0
1699416120,11,8,2,722,15,0
1699416180,11,8,2,723,15,0
1699416240,11,8,2,724,15,0
1699416300,11,8,2,725,15,2
1699416360,11,8,2,726,15,2
1699416420,11,8,2,727,15,2
1699416480,11,8,2,728,15,0
1699416540,11,8,2,729,15,1
1699416600,11,8,2,730,15,0
1699416660,11,8,2,731,15,0
1699416720,11,8,2,732,15,0
1699416780,11,8,2,733,15,0
1699416840,11,8,2,734,15,0
1699416900,11,8,2,735,15,0
1699416960,11,8,2,736,15,0
1699417020,11,8,2,737,15,0
1699417140,11,8,2,739,15,0
1699417260,11,8,2,741,15,1
1699417320,11,8,2,742,15,1
1699417380,11,8,2,743,15,1
1699417440,11,8,2,744,15,1
1699417560,11,8,2,746,15,0
1699417620,11,8,2,747,15,0
1699417680,11,8,2,748,15,0
1699417740,11,8,2,749,15,0
1699417860,11,8,2,751,15,0
1699417920,11,8,2,752,15,1
1699417980,11,8,2,753,15,1
1699418040,11,8,2,754,15,1
1699418100,11,8,2,755,15,1
1699418160,11,8,2,756,15,1
1699418220,11,8,2,757,15,1
1699418280,11,8,2,758,15,1
1699418340,11,8,2,759,15,1
1699418400,11,8,2,760,15,1
1699418460,11,8,2,761,15,1
1699418520,11,8,2,762,15,1
1699418580,11,8,2,763,15,1
1699418640,11,8,2,764,15,1
1699418700,11,8,2,765,15,1
1699418760,11,8,2,766,15,0
1699418820,11,8,2,767,15,0
1699418880,11,8,2,768,15,0
1699418940,11,8,2,769,15,1
1699419000,11,8,2,770,15,0
1699419060,11,8,2,771,15,0
1699419120,11,8,2,772,15,0
1699419180,11,8,2,773,15,0
1699419240,11,8,2,774,15,0
1699419300,11,8,2,775,15,0
1699419360,11,8,2,776,15,0
1699419420,11,8,2,777,15,0
1699419480,11,8,2,778,15,0
1699419540,11,8,2,779,15,1
1699419660,11,8,2,781,15,0
1699419720,11,8,2,782,15,0
1699419780,11,8,2,783,15,0
1699419840,11,8,2,784,15,0
1699419900,11,8,2,785,15,0
1699419960,11,8,2,786,15,0
1699420020,11,8,2,787,15,0
1699420080,11,8,2,788,15,0
1699420140,11,8,2,789,15,0
1699420200,11,8,2,790,15,1
1699420260,11,8,2,791,15,0
1699420320,11,8,2,792,15,0
1699420380,11,8,2,793,15,0
1699420440,11,8,2,794,15,0
1699420500,11,8,2,795,15,1
1699420560,11,8,2,796,15,1
1699420620,11,8,2,797,15,1
1699420680,11,8,2,798,15,1
1699420740,11,8,2,799,15,1
1699420860,11,8,2,801,15,1
1699420920,11,8,2,802,15,1
1699420980,11,8,2,803,15,1
1699421040,11,8,2,804,15,1
1699421100,11,8,2,805,15,1
1699421160,11,8,2,806,15,1
1699421220,11,8,2,807,15,1
1699421280,11,8,2,808,15,1
1699421340,11,8,2,809,15,1
1699421460,11,8,2,811,15,0
1699421520,11,8,2,812,15,0
1699421580,11,8,2,813,15,1
1699421640,11,8,2,814,15,1
1699421700,11,8,2,815,15,1
1699421760,11,8,2,816,15,1
1699421820,11,8,2,817,15,1
1699421880,11,8,2,818,15,1
1699421940,11,8,2,819,15,1
1699422000,11,8,2,820,15,1
1699422060,11,8,2,821,15,1
1699422120,11,8,2,822,15,1
1699422180,11,8,2,823,15,1
1699422240,11,8,2,824,15,1
1699422300,11,8,2,825,15,0
1699422360,11,8,2,826,15,0
1699422420,11,8,2,827,15,0
1699422480,11,8,2,828,15,0
1699422540,11,8,2,829,15,0
1699422600,11,8,2,830,15,0
1699422660,11,8,2,831,15,0
1699422720,11,8,2,832,15,0
1699422780,11,8,2,833,15,0
1699422840,11,8,2,834,15,1
1699422900,11,8,2,835,15,1
1699422960,11,8,2,836,15,0
1699423020,11,8,2,837,15,0
1699423080,11,8,2,838,15,0
1699423140,11,8,2,839,15,0
1699423260,11,8,2,841,15,1
1699423320,11,8,2,842,15,1
1699423380,11,8,2,843,15,0
1699423440,11,8,2,844,15,0
1699423500,11,8,2,845,15,0
1699423560,11,8,2,846,15,0
1699423620,11,8,2,847,15,2
1699423680,11,8,2,848,15,2
1699423740,11,8,2,849,15,2
1699423800,11,8,2,850,15,1
1699423860,11,8,2,851,15,0
1699423920,11,8,2,852,15,0
1699423980,11,8,2,853,15,0
1699424040,11,8,2,854,15,0
1699424160,11,8,2,856,15,0
1699424220,11,8,2,857,15,0
1699424280,11,8,2,858,15,1
1699424340,11,8,2,859,15,0
1699424460,11,8,2,861,15,0
1699424520,11,8,2,862,15,0
1699424580,11,8,2,863,15,0
1699424640,11,8,2,864,15,0
1699424700,11,8,2,865,15,0
1699424760,11,8,2,866,15,0
1699424820,11,8,2,867,15,0
1699424880,11,8,2,868,15,0
1699424940,11,8,2,869,15,0
1699425060,11,8,2,871,15,0
1699425120,11,8,2,872,15,0
1699425180,11,8,2,873,15,0
1699425240,11,8,2,874,15,0
1699425300,11,8,2,875,15,0
1699425360,11,8,2,876,15,0
1699425420,11,8,2,877,15,0
1699425480,11,8,2,878,15,0
1699425540,11,8,2,879,15,1
1699425600,11,8,2,880,15,1
1699425660,11,8,2,881,15,1
1699425720,11,8,2,882,15,1
1699425780,11,8,2,883,15,1
1699425840,11,8,2,884,15,1
1699425900,11,8,2,885,15,2
1699425960,11,8,2,886,15,1
1699426020,11,8,2,887,15,0
1699426080,11,8,2,888,15,0
1699426140,11,8,2,889,15,0
1699426200,11,8,2,890,15,1
1699426260,11,8,2,891,15,1
1699426320,11,8,2,892,15,1
1699426380,11,8,2,893,15,1
1699426440,11,8,2,894,15,1
1699426500,11,8,2,895,15,1
1699426560,11,8,2,896,15,0
1699426620,11,8,2,897,15,0
1699426680,11,8,2,898,15,0
1699426740,11,8,2,899,15,0
1699426860,11,8,2,901,15,0
1699426920,11,8,2,902,15,3
1699427040,11,8,2,904,15,1
1699427100,11,8,2,905,15,1
1699427160,11,8,2,906,15,1
1699427220,11,8,2,907,15,1
1699427280,11,8,2,908,15,0
1699427340,11,8,2,909,15,0
1699427400,11,8,2,910,15,1
1699427460,11,8,2,911,15,1
1699427520,11,8,2,912,15,1
1699427580,11,8,2,913,15,1
1699427640,11,8,2,914,15,1
1699427700,11,8,2,915,15,1
1699427760,11,8,2,916,15,1
1699427820,11,8,2,917,15,0
1699427880,11,8,2,918,15,1
1699427940,11,8,2,919,15,1
1699428060,11,8,2,921,15,0
1699428120,11,8,2,922,15,1
1699428180,11,8,2,923,15,1
1699428240,11,8,2,924,15,1
1699428300,11,8,2,925,15,0
1699428360,11,8,2,926,15,1
1699428420,11,8,2,927,15,0
1699428480,11,8,2,928,15,0
1699428540,11,8,2,929,15,0
1699428660,11,8,2,931,15,0
1699428720,11,8,2,932,15,0
1699428780,11,8,2,933,15,0
1699428840,11,8,2,934,15,0
1699428900,11,8,2,935,15,0
1699428960,11,8,2,936,15,0
1699429020,11,8,2,937,15,0
1699429080,11,8,2,938,15,1
1699429140,11,8,2,939,15,1
1699429200,11,8,2,940,15,1
1699429260,11,8,2,941,15,1
1699429320,11,8,2,942,15,2
1699429380,11,8,2,943,15,2
1699429440,11,8,2,944,15,2
1699429500,11,8,2,945,15,2
1699429560,11,8,2,946,15,2
1699429620,11,8,2,947,15,2
1699429680,11,8,2,948,15,1
1699429740,11,8,2,949,15,1
1699429800,11,8,2,950,15,0
1699429860,11,8,2,951,15,0
1699429920,11,8,2,952,15,0
1699429980,11,8,2,953,15,0
1699430040,11,8,2,954,15,1
1699430100,11,8,2,955,15,1
1699430160,11,8,2,956,15,1
1699430220,11,8,2,957,15,0
1699430280,11,8,2,958,15,2
1699430340,11,8,2,959,15,1
1699430460,11,8,2,961,15,1
1699430520,11,8,2,962,15,1
1699430580,11,8,2,963,15,1
1699430640,11,8,2,964,15,2
1699430700,11,8,2,965,15,2
1699430760,11,8,2,966,15,1
1699430820,11,8,2,967,15,1
1699430880,11,8,2,968,15,1
1699430940,11,8,2,969,15,1
1699431000,11,8,2,970,15,2
1699431060,11,8,2,971,15,2
1699431120,11,8,2,972,15,2
1699431180,11,8,2,973,15,2
1699431240,11,8,2,974,15,3
1699431300,11,8,2,975,15,3
1699431360,11,8,2,976,15,3
1699431420,11,8,2,977,15,3
1699431480,11,8,2,978,15,5
1699431540,11,8,2,979,15,5
1699431660,11,8,2,981,15,2
1699431720,11,8,2,982,15,1
1699431780,11,8,2,983,15,1
1699431840,11,8,2,984,15,1
1699431900,11,8,2,985,15,1
1699431960,11,8,2,986,15,2
1699432020,11,8,2,987,15,2
1699432080,11,8,2,988,15,2
1699432140,11,8,2,989,15,1
1699432260,11,8,2,991,15,2
1699432320,11,8,2,992,15,2
1699432380,11,8,2,993,15,2
1699432440,11,8,2,994,15,2
1699432500,11,8,2,995,15,2
1699432560,11,8,2,996,15,2
1699432620,11,8,2,997,15,2
1699432680,11,8,2,998,15,2
1699432740,11,8,2,999,15,2
1699432800,11,8,2,1000,15,2
1699432860,11,8,2,1001,15,2
1699432920,11,8,2,1002,15,2
1699432980,11,8,2,1003,15,2
1699433040,11,8,2,1004,15,2
1699433100,11,8,2,1005,15,2
1699433160,11,8,2,1006,15,2
1699433220,11,8,2,1007,15,2
1699433280,11,8,2,1008,15,2
1699433340,11,8,2,1009,15,3
1699433400,11,8,2,1010,15,1
1699433460,11,8,2,1011,15,1
1699433520,11,8,2,1012,15,1
1699433580,11,8,2,1013,15,1
1699433640,11,8,2,1014,15,1
1699433700,11,8,2,1015,15,1
1699433760,11,8,2,1016,15,1
1699433820,11,8,2,1017,15,1
1699433880,11,8,2,1018,15,2
1699433940,11,8,2,1019,15,1
1699434060,11,8,2,1021,15,0
1699434120,11,8,2,1022,15,0
1699434180,11,8,2,1023,15,0
1699434240,11,8,2,1024,15,0
1699434300,11,8,2,1025,15,0
1699434360,11,8,2,1026,15,0
1699434420,11,8,2,1027,15,0
1699434480,11,8,2,1028,15,0
1699434540,11,8,2,1029,15,1
1699434600,11,8,2,1030,15,1
1699434660,11,8,2,1031,15,0
1699434720,11,8,2,1032,15,0
1699434780,11,8,2,1033,15,0
1699434840,11,8,2,1034,15,0
1699434900,11,8,2,1035,15,0
1699434960,11,8,2,1036,15,1
1699435020,11,8,2,1037,15,2
1699435080,11,8,2,1038,15,1
1699435140,11,8,2,1039,15,2
1699435260,11,8,2,1041,15,1
1699435320,11,8,2,1042,15,1
1699435380,11,8,2,1043,15,1
1699435440,11,8,2,1044,15,1
1699435500,11,8,2,1045,15,1
1699435560,11,8,2,1046,15,0
1699435620,11,8,2,1047,15,0
1699435680,11,8,2,1048,15,0
1699435740,11,8,2,1049,15,0
1699435860,11,8,2,1051,15,0
1699435920,11,8,2,1052,15,0
1699435980,11,8,2,1053,15,0
1699436040,11,8,2,1054,15,0
1699436100,11,8,2,1055,15,0
1699436160,11,8,2,1056,15,0
1699436220,11,8,2,1057,15,0
1699436280,11,8,2,1058,15,0
1699436340,11,8,2,1059,15,0
1699436400,11,8,2,1060,15,0
1699436460,11,8,2,1061,15,1
1699436520,11,8,2,1062,15,0
1699436580,11,8,2,1063,15,0
1699436640,11,8,2,1064,15,0
1699436700,11,8,2,1065,15,1
1699436760,11,8,2,1066,15,2
1699436820,11,8,2,1067,15,0
1699436880,11,8,2,1068,15,0
1699436940,11,8,2,1069,15,0
1699437000,11,8,2,1070,15,0
1699437060,11,8,2,1071,15,0
1699437120,11,8,2,1072,15,0
1699437180,11,8,2,1073,15,1
1699437240,11,8,2,1074,15,1
1699437300,11,8,2,1075,15,1
1699437360,11,8,2,1076,15,0
1699437420,11,8,2,1077,15,1
1699437480,11,8,2,1078,15,0
1699437540,11,8,2,1079,15,0
1699437660,11,8,2,1081,15,1
1699437720,11,8,2,1082,15,0
1699437780,11,8,2,1083,15,0
1699437840,11,8,2,1084,15,0
1699437900,11,8,2,1085,15,0
1699437960,11,8,2,1086,15,0
1699438020,11,8,2,1087,15,0
1699438080,11,8,2,1088,15,0
1699438140,11,8,2,1089,15,0
1699438200,11,8,2,1090,15,0
1699438260,11,8,2,1091,15,0
1699438320,11,8,2,1092,15,0
1699438380,11,8,2,1093,15,0
1699438440,11,8,2,1094,15,0
1699438500,11,8,2,1095,15,0
1699438560,11,8,2,1096,15,0
1699438620,11,8,2,1097,15,0
1699438680,11,8,2,1098,15,0
1699438740,11,8,2,1099,15,0
1699438860,11,8,2,1101,15,0
1699438920,11,8,2,1102,15,0
1699438980,11,8,2,1103,15,0
1699439040,11,8,2,1104,15,0
1699439100,11,8,2,1105,15,0
1699439160,11,8,2,1106,15,0
1699439220,11,8,2,1107,15,0
1699439280,11,8,2,1108,15,0
1699439340,11,8,2,1109,15,1
1699439460,11,8,2,1111,15,0
1699439520,11,8,2,1112,15,0
1699439580,11,8,2,1113,15,0
1699439640,11,8,2,1114,15,1
1699439700,11,8,2,1115,15,1
1699439760,11,8,2,1116,15,0
1699439820,11,8,2,1117,15,0
1699439880,11,8,2,1118,15,0
1699439940,11,8,2,1119,15,0
1699440000,11,8,2,1120,15,0
1699440060,11,8,2,1121,15,2
1699440120,11,8,2,1122,15,1
1699440180,11,8,2,1123,15,0
1699440240,11,8,2,1124,15,0
1699440300,11,8,2,1125,15,1
1699440360,11,8,2,1126,15,0
1699440420,11,8,2,1127,15,0
1699440480,11,8,2,1128,15,0
1699440540,11,8,2,1129,15,0
1699440600,11,8,2,1130,15,0
1699440660,11,8,2,1131,15,0
1699440720,11,8,2,1132,15,0
1699440780,11,8,2,1133,15,0
1699440840,11,8,2,1134,15,0
1699440900,11,8,2,1135,15,0
1699440960,11,8,2,1136,15,0
1699441020,11,8,2,1137,15,1
1699441080,11,8,2,1138,15,1
1699441140,11,8,2,1139,15,1
1699441260,11,8,2,1141,15,0
1699441320,11,8,2,1142,15,0
1699441380,11,8,2,1143,15,0
1699441440,11,8,2,1144,15,0
1699441500,11,8,2,1145,15,0
1699441560,11,8,2,1146,15,0
1699441620,11,8,2,1147,15,0
1699441680,11,8,2,1148,15,0
1699441740,11,8,2,1149,15,2
1699441800,11,8,2,1150,15,0
1699441860,11,8,2,1151,15,0
1699441980,11,8,2,1153,15,1
1699442040,11,8,2,1154,15,1
1699442100,11,8,2,1155,15,1
1699442160,11,8,2,1156,15,1
1699442220,11,8,2,1157,15,0
1699442280,11,8,2,1158,15,0
1699442340,11,8,2,1159,15,0
1699442460,11,8,2,1161,15,0
1699442520,11,8,2,1162,15,0
1699442580,11,8,2,1163,15,0
1699442640,11,8,2,1164,15,0
1699442700,11,8,2,1165,15,0
1699442760,11,8,2,1166,15,2
1699442820,11,8,2,1167,15,2
1699442880,11,8,2,1168,15,2
1699442940,11,8,2,1169,15,2
1699443060,11,8,2,1171,15,2
1699443120,11,8,2,1172,15,2
1699443180,11,8,2,1173,15,2
1699443240,11,8,2,1174,15,2
1699443300,11,8,2,1175,15,2
1699443360,11,8,2,1176,15,2
1699443420,11,8,2,1177,15,2
1699443480,11,8,2,1178,15,1
1699443540,11,8,2,1179,15,1
1699443600,11,8,2,1180,15,1
1699443660,11,8,2,1181,15,1
1699443720,11,8,2,1182,15,0
1699443780,11,8,2,1183,15,0
1699443840,11,8,2,1184,15,0
1699443900,11,8,2,1185,15,0
1699443960,11,8,2,1186,15,0
1699444020,11,8,2,1187,15,0
1699444080,11,8,2,1188,15,0
1699444140,11,8,2,1189,15,0
1699444200,11,8,2,1190,15,0
1699444260,11,8,2,1191,15,0
1699444320,11,8,2,1192,15,0
1699444380,11,8,2,1193,15,0
1699444440,11,8,2,1194,15,0
1699444500,11,8,2,1195,15,0
1699444560,11,8,2,1196,15,0
1699444620,11,8,2,1197,15,0
1699444680,11,8,2,1198,15,1
1699444740,11,8,2,1199,15,1
1699444860,11,8,2,1201,15,2
1699444920,11,8,2,1202,15,1
1699444980,11,8,2,1203,15,1
1699445040,11,8,2,1204,15,1
1699445100,11,8,2,1205,15,0
1699445160,11,8,2,1206,15,1
1699445220,11,8,2,1207,15,1
1699445280,11,8,2,1208,15,1
1699445340,11,8,2,1209,15,1
1699445400,11,8,2,1210,15,1
1699445460,11,8,2,1211,15,1
1699445520,11,8,2,1212,15,1
1699445580,11,8,2,1213,15,1
1699445640,11,8,2,1214,15,1
1699445700,11,8,2,1215,15,1
1699445760,11,8,2,1216,15,1
1699445820,11,8,2,1217,15,1
1699445880,11,8,2,1218,15,1
1699445940,11,8,2,1219,15,1
1699446060,11,8,2,1221,15,0
1699446120,11,8,2,1222,15,0
1699446180,11,8,2,1223,15,0
1699446240,11,8,2,1224,15,0
1699446300,11,8,2,1225,15,0
1699446360,11,8,2,1226,15,1
1699446420,11,8,2,1227,15,1
1699446480,11,8,2,1228,15,1
1699446540,11,8,2,1229,15,1
1699446660,11,8,2,1231,15,1
1699446720,11,8,2,1232,15,1
1699446780,11,8,2,1233,15,1
1699446840,11,8,2,1234,15,3
1699446900,11,8,2,1235,15,3
1699446960,11,8,2,1236,15,2
1699447020,11,8,2,1237,15,2
1699447080,11,8,2,1238,15,3
1699447140,11,8,2,1239,15,4
1699447200,11,8,2,1240,15,3
1699447260,11,8,2,1241,15,3
1699447320,11,8,2,1242,15,5
1699447380,11,8,2,1243,15,5
1699447440,11,8,2,1244,15,4
1699447500,11,8,2,1245,15,4
1699447560,11,8,2,1246,15,4
1699447620,11,8,2,1247,15,4
1699447680,11,8,2,1248,15,4
1699447740,11,8,2,1249,15,4
1699447800,11,8,2,1250,15,5
1699447860,11,8,2,1251,15,5
1699447920,11,8,2,1252,15,5
1699447980,11,8,2,1253,15,4
1699448040,11,8,2,1254,15,4
1699448100,11,8,2,1255,15,4
1699448160,11,8,2,1256,15,4
1699448220,11,8,2,1257,15,3
1699448280,11,8,2,1258,15,3
1699448340,11,8,2,1259,15,3
1699448460,11,8,2,1261,15,3
1699448520,11,8,2,1262,15,3
1699448580,11,8,2,1263,15,3
1699448640,11,8,2,1264,15,3
1699448700,11,8,2,1265,15,4
1699448760,11,8,2,1266,15,4
1699448820,11,8,2,1267,15,4
1699448880,11,8,2,1268,15,4
1699448940,11,8,2,1269,15,4
1699449000,11,8,2,1270,15,4
1699449060,11,8,2,1271,15,4
1699449120,11,8,2,1272,15,4
1699449180,11,8,2,1273,15,4
1699449240,11,8,2,1274,15,4
1699449300,11,8,2,1275,15,4
1699449360,11,8,2,1276,15,4
1699449420,11,8,2,1277,15,4
1699449480,11,8,2,1278,15,5
1699449540,11,8,2,1279,15,5
1699449660,11,8,2,1281,15,6
1699449720,11,8,2,1282,15,6
1699449780,11,8,2,1283,15,6
1699449840,11,8,2,1284,15,6
1699449900,11,8,2,1285,15,6
1699449960,11,8,2,1286,15,6
1699450020,11,8,2,1287,15,6
1699450080,11,8,2,1288,15,6
1699450140,11,8,2,1289,15,6
1699450260,11,8,2,1291,15,6
1699450320,11,8,2,1292,15,6
1699450380,11,8,2,1293,15,6
1699450440,11,8,2,1294,15,7
1699450500,11,8,2,1295,15,6
1699450560,11,8,2,1296,15,6
1699450620,11,8,2,1297,15,6
1699450680,11,8,2,1298,15,8
1699450740,11,8,2,1299,15,7
1699450800,11,8,2,1300,15,7
1699450860,11,8,2,1301,15,7
1699450920,11,8,2,1302,15,6
1699450980,11,8,2,1303,15,6
1699451040,11,8,2,1304,15,6
1699451100,11,8,2,1305,15,6
1699451160,11,8,2,1306,15,5
1699451280,11,8,2,1308,15,5
1699451340,11,8,2,1309,15,5
1699451400,11,8,2,1310,15,7
1699451460,11,8,2,1311,15,7
1699451520,11,8,2,1312,15,7
1699451580,11,8,2,1313,15,7
1699451640,11,8,2,1314,15,8
1699451700,11,8,2,1315,15,8
1699451760,11,8,2,1316,15,7
1699451820,11,8,2,1317,15,7
1699451880,11,8,2,1318,15,9
1699451940,11,8,2,1319,15,9
1699452060,11,8,2,1321,15,8
1699452120,11,8,2,1322,15,8
1699452180,11,8,2,1323,15,8
1699452240,11,8,2,1324,15,8
1699452300,11,8,2,1325,15,8
1699452360,11,8,2,1326,15,8
1699452420,11,8,2,1327,15,7
1699452480,11,8,2,1328,15,7
1699452540,11,8,2,1329,15,7
1699452600,11,8,2,1330,15,7
1699452660,11,8,2,1331,15,7
1699452720,11,8,2,1332,15,7
1699452780,11,8,2,1333,15,7
1699452840,11,8,2,1334,15,7
1699452900,11,8,2,1335,15,7
1699452960,11,8,2,1336,15,7
1699453020,11,8,2,1337,15,6
1699453080,11,8,2,1338,15,6
1699453140,11,8,2,1339,15,6
1699453260,11,8,2,1341,15,6
1699453320,11,8,2,1342,15,6
1699453380,11,8,2,1343,15,6
1699453440,11,8,2,1344,15,6
1699453500,11,8,2,1345,15,6
1699453560,11,8,2,1346,15,7
1699453620,11,8,2,1347,15,7
1699453680,11,8,2,1348,15,6
1699453740,11,8,2,1349,15,6
1699453800,11,8,2,1350,15,6
1699453860,11,8,2,1351,15,8
1699453920,11,8,2,1352,15,8
1699453980,11,8,2,1353,15,8
1699454040,11,8,2,1354,15,8
1699454100,11,8,2,1355,15,8
1699454160,11,8,2,1356,15,8
1699454220,11,8,2,1357,15,7
1699454280,11,8,2,1358,15,7
1699454340,11,8,2,1359,15,6
1699454400,11,8,2,1360,15,6
1699454460,11,8,2,1361,15,6
1699454520,11,8,2,1362,15,5
1699454580,11,8,2,1363,15,5
1699454640,11,8,2,1364,15,5
1699454700,11,8,2,1365,15,5
1699454760,11,8,2,1366,15,5
1699454820,11,8,2,1367,15,5
1699454880,11,8,2,1368,15,5
1699454940,11,8,2,1369,15,4
1699455000,11,8,2,1370,15,4
1699455060,11,8,2,1371,15,4
1699455120,11,8,2,1372,15,4
1699455180,11,8,2,1373,15,4
1699455240,11,8,2,1374,15,5
1699455300,11,8,2,1375,15,5
1699455360,11,8,2,1376,15,5
1699455420,11,8,2,1377,15,4
1699455480,11,8,2,1378,15,5
1699455540,11,8,2,1379,15,5
1699455660,11,8,2,1381,15,5
1699455720,11,8,2,1382,15,4
1699455780,11,8,2,1383,15,4
1699455840,11,8,2,1384,15,4
1699455900,11,8,2,1385,15,4
1699455960,11,8,2,1386,15,4
1699456020,11,8,2,1387,15,4
1699456140,11,8,2,1389,15,4
1699456260,11,8,2,1391,15,3
1699456320,11,8,2,1392,15,3
1699456380,11,8,2,1393,15,2
1699456440,11,8,2,1394,15,1
1699456500,11,8,2,1395,15,2
1699456560,11,8,2,1396,15,2
1699456620,11,8,2,1397,15,2
1699456680,11,8,2,1398,15,2
1699456740,11,8,2,1399,15,3
1699456860,11,8,2,1401,15,3
1699456920,11,8,2,1402,15,3
1699456980,11,8,2,1403,15,3
1699457040,11,8,2,1404,15,3
1699457100,11,8,2,1405,15,3
1699457160,11,8,2,1406,15,3
1699457220,11,8,2,1407,15,3
1699457280,11,8,2,1408,15,3
1699457340,11,8,2,1409,15,3
1699457400,11,8,2,1410,15,3
1699457460,11,8,2,1411,15,3
1699457520,11,8,2,1412,15,2
1699457580,11,8,2,1413,15,3
1699457640,11,8,2,1414,15,3
1699457700,11,8,2,1415,15,4
1699457760,11,8,2,1416,15,4
1699457820,11,8,2,1417,15,4
1699457880,11,8,2,1418,15,4
1699457940,11,8,2,1419,15,4
1699458000,11,8,2,1420,15,4
1699458060,11,8,2,1421,15,4
1699458120,11,8,2,1422,15,4
1699458180,11,8,2,1423,15,4
1699458240,11,8,2,1424,15,4
1699458300,11,8,2,1425,15,4
1699458360,11,8,2,1426,15,4
1699458420,11,8,2,1427,15,4
1699458480,11,8,2,1428,15,4
1699458540,11,8,2,1429,15,4
1699458600,11,8,2,1430,15,4
1699458660,11,8,2,1431,15,3
1699458720,11,8,2,1432,15,3
1699458780,11,8,2,1433,15,3
1699458840,11,8,2,1434,15,3
1699458900,11,8,2,1435,15,3
1699458960,11,8,2,1436,15,3
1699459020,11,8,2,1437,15,3
1699459080,11,8,2,1438,15,3
1699459140,11,8,2,1439,15,3
1699459260,11,9,3,1,15,3
1699459320,11,9,3,2,15,2
1699459380,11,9,3,3,15,2
1699459440,11,9,3,4,15,2
1699459500,11,9,3,5,15,2
1699459560,11,9,3,6,15,1
1699459620,11,9,3,7,15,1
1699459680,11,9,3,8,15,1
1699459740,11,9,3,9,15,1
1699459800,11,9,3,10,15,1
1699459860,11,9,3,11,15,1
1699459920,11,9,3,12,15,1
1699459980,11,9,3,13,15,1
1699460040,11,9,3,14,15,1
1699460100,11,9,3,15,15,2
1699460160,11,9,3,16,15,2
1699460220,11,9,3,17,15,2
1699460280,11,9,3,18,15,2
1699460340,11,9,3,19,15,3
1699460460,11,9,3,21,15,3
1699460520,11,9,3,22,15,3
1699460640,11,9,3,24,15,3
1699460700,11,9,3,25,15,2
1699460760,11,9,3,26,15,2
1699460820,11,9,3,27,15,3
1699460880,11,9,3,28,15,3
1699460940,11,9,3,29,15,3
1699461060,11,9,3,31,15,4
1699461120,11,9,3,32,15,4
1699461180,11,9,3,33,15,4
1699461240,11,9,3,34,15,5
1699461300,11,9,3,35,15,5
1699461360,11,9,3,36,15,5
1699461420,11,9,3,37,15,5
1699461540,11,9,3,39,15,6
1699461660,11,9,3,41,15,6
1699461720,11,9,3,42,15,4
1699461780,11,9,3,43,15,4
1699461840,11,9,3,44,15,4
1699461900,11,9,3,45,15,4
1699461960,11,9,3,46,15,4
1699462020,11,9,3,47,15,4
1699462080,11,9,3,48,15,4
1699462140,11,9,3,49,15,4
1699462260,11,9,3,51,15,4
1699462320,11,9,3,52,15,3
1699462380,11,9,3,53,15,3
1699462440,11,9,3,54,15,3
1699462500,11,9,3,55,15,3
1699462560,11,9,3,56,15,3
1699462680,11,9,3,58,15,3
1699462740,11,9,3,59,15,3
1699462860,11,9,3,61,15,3
1699462920,11,9,3,62,15,1
1699462980,11,9,3,63,15,1
1699463040,11,9,3,64,15,1
1699463100,11,9,3,65,15,1
1699463160,11,9,3,66,15,1
1699463220,11,9,3,67,15,1
1699463280,11,9,3,68,15,1
1699463340,11,9,3,69,15,1
1699463460,11,9,3,71,15,1
1699463520,11,9,3,72,15,1
1699463580,11,9,3,73,15,1
1699463640,11,9,3,74,15,1
1699463700,11,9,3,75,15,1
1699463760,11,9,3,76,15,1
1699463820,11,9,3,77,15,1
1699463880,11,9,3,78,15,1
1699463940,11,9,3,79,15,1
1699464060,11,9,3,81,15,1
1699464120,11,9,3,82,15,1
1699464240,11,9,3,84,15,1
1699464300,11,9,3,85,15,1
1699464360,11,9,3,86,15,1
1699464420,11,9,3,87,15,1
1699464480,11,9,3,88,15,1
1699464540,11,9,3,89,15,1
1699464660,11,9,3,91,15,1
1699464720,11,9,3,92,15,1
1699464780,11,9,3,93,15,2
1699464840,11,9,3,94,15,2
1699464900,11,9,3,95,15,2
1699464960,11,9,3,96,15,2
1699465020,11,9,3,97,15,2
1699465080,11,9,3,98,15,2
1699465140,11,9,3,99,15,2
1699465260,11,9,3,101,15,2
1699465320,11,9,3,102,15,2
1699465380,11,9,3,103,15,2
1699465440,11,9,3,104,15,2
1699465500,11,9,3,105,15,2
1699465560,11,9,3,106,15,2
1699465620,11,9,3,107,15,2
1699465680,11,9,3,108,15,2
1699465740,11,9,3,109,15,2
1699465860,11,9,3,111,15,2
1699465920,11,9,3,112,15,2
1699465980,11,9,3,113,15,3
1699466040,11,9,3,114,15,3
1699466100,11,9,3,115,15,3
1699466160,11,9,3,116,15,4
1699466220,11,9,3,117,15,4
1699466280,11,9,3,118,15,4
1699466340,11,9,3,119,15,4
1699466460,11,9,3,121,15,4
1699466520,11,9,3,122,15,4
1699466580,11,9,3,123,15,4
1699466640,11,9,3,124,15,4
1699466700,11,9,3,125,15,4
1699466760,11,9,3,126,15,4
1699466820,11,9,3,127,15,4
1699466880,11,9,3,128,15,4
1699466940,11,9,3,129,15,4
1699467000,11,9,3,130,15,4
1699467060,11,9,3,131,15,4
1699467120,11,9,3,132,15,3
1699467180,11,9,3,133,15,3
1699467240,11,9,3,134,15,3
1699467300,11,9,3,135,15,3
1699467360,11,9,3,136,15,3
1699467420,11,9,3,137,15,3
1699467480,11,9,3,138,15,3
1699467540,11,9,3,139,15,3
1699467660,11,9,3,141,15,3
1699467720,11,9,3,142,15,3
1699467780,11,9,3,143,15,3
1699467840,11,9,3,144,15,3
1699467900,11,9,3,145,15,3
1699467960,11,9,3,146,15,3
1699468020,11,9,3,147,15,3
1699468080,11,9,3,148,15,3
1699468140,11,9,3,149,15,3
1699468200,11,9,3,150,15,3
1699468260,11,9,3,151,15,3
1699468320,11,9,3,152,15,3
1699468380,11,9,3,153,15,3
1699468440,11,9,3,154,15,3
1699468500,11,9,3,155,15,3
1699468560,11,9,3,156,15,3
1699468620,11,9,3,157,15,3
1699468680,11,9,3,158,15,3
1699468740,11,9,3,159,15,3
1699468800,11,9,3,160,15,3
1699468860,11,9,3,161,15,3
1699468920,11,9,3,162,15,3
1699468980,11,9,3,163,15,3
1699469040,11,9,3,164,15,3
1699469100,11,9,3,165,15,3
1699469160,11,9,3,166,15,3
1699469220,11,9,3,167,15,3
1699469280,11,9,3,168,15,3
1699469340,11,9,3,169,15,3
1699469400,11,9,3,170,15,3
1699469460,11,9,3,171,15,3
1699469520,11,9,3,172,15,3
1699469580,11,9,3,173,15,2
1699469640,11,9,3,174,15,2
1699469700,11,9,3,175,15,2
1699469760,11,9,3,176,15,2
1699469820,11,9,3,177,15,2
1699469880,11,9,3,178,15,2
1699469940,11,9,3,179,15,2
1699470000,11,9,3,180,15,2
1699470060,11,9,3,181,15,3
1699470120,11,9,3,182,15,2
1699470180,11,9,3,183,15,2
1699470240,11,9,3,184,15,2
1699470300,11,9,3,185,15,2
1699470360,11,9,3,186,15,2
1699470420,11,9,3,187,15,2
1699470480,11,9,3,188,15,2
1699470540,11,9,3,189,15,2
1699470600,11,9,3,190,15,2
1699470660,11,9,3,191,15,2
1699470720,11,9,3,192,15,2
1699470780,11,9,3,193,15,2
1699470840,11,9,3,194,15,2
1699470900,11,9,3,195,15,2
1699470960,11,9,3,196,15,2
1699471020,11,9,3,197,15,3
1699471080,11,9,3,198,15,3
1699471140,11,9,3,199,15,3
1699471260,11,9,3,201,15,4
1699471320,11,9,3,202,15,4
1699471380,11,9,3,203,15,4
1699471440,11,9,3,204,15,4
1699471500,11,9,3,205,15,4
1699471560,11,9,3,206,15,4
1699471620,11,9,3,207,15,4
1699471680,11,9,3,208,15,4
1699471740,11,9,3,209,15,4
1699471800,11,9,3,210,15,3
1699471860,11,9,3,211,15,3
1699471920,11,9,3,212,15,3
1699471980,11,9,3,213,15,3
1699472040,11,9,3,214,15,3
1699472100,11,9,3,215,15,3
1699472160,11,9,3,216,15,3
1699472220,11,9,3,217,15,3
1699472280,11,9,3,218,15,3
1699472340,11,9,3,219,15,3
1699472400,11,9,3,220,15,3
1699472460,11,9,3,221,15,3
1699472520,11,9,3,222,15,3
1699472580,11,9,3,223,15,3
1699472640,11,9,3,224,15,3
1699472700,11,9,3,225,15,3
1699472760,11,9,3,226,15,3
1699472820,11,9,3,227,15,3
1699472880,11,9,3,228,15,3
1699472940,11,9,3,229,15,3
1699473000,11,9,3,230,15,3
1699473060,11,9,3,231,15,3
1699473120,11,9,3,232,15,3
1699473180,11,9,3,233,15,3
1699473240,11,9,3,234,15,3
1699473300,11,9,3,235,15,3
1699473360,11,9,3,236,15,3
1699473420,11,9,3,237,15,3
1699473480,11,9,3,238,15,3
1699473540,11,9,3,239,15,3
1699473660,11,9,3,241,15,2
1699473720,11,9,3,242,15,2
1699473780,11,9,3,243,15,3
1699473840,11,9,3,244,15,3
1699473900,11,9,3,245,15,3
1699473960,11,9,3,246,15,3
1699474020,11,9,3,247,15,3
1699474080,11,9,3,248,15,3
1699474140,11,9,3,249,15,3
1699474200,11,9,3,250,15,3
1699474260,11,9,3,251,15,3
1699474320,11,9,3,252,15,3
1699474380,11,9,3,253,15,3
1699474440,11,9,3,254,15,3
1699474500,11,9,3,255,15,3
1699474560,11,9,3,256,15,3
1699474620,11,9,3,257,15,3
1699474680,11,9,3,258,15,3
1699474740,11,9,3,259,15,3
1699474860,11,9,3,261,15,3
1699474920,11,9,3,262,15,3
1699474980,11,9,3,263,15,3
1699475040,11,9,3,264,15,3
1699475100,11,9,3,265,15,3
1699475160,11,9,3,266,15,3
1699475220,11,9,3,267,15,3
1699475280,11,9,3,268,15,3
1699475340,11,9,3,269,15,3
1699475400,11,9,3,270,15,3
1699475460,11,9,3,271,15,3
1699475520,11,9,3,272,15,3
1699475580,11,9,3,273,15,3
1699475640,11,9,3,274,15,3
1699475700,11,9,3,275,15,3
1699475820,11,9,3,277,15,3
1699475880,11,9,3,278,15,3
1699475940,11,9,3,279,15,3
1699476060,11,9,3,281,15,3
1699476120,11,9,3,282,15,3
1699476180,11,9,3,283,15,3
1699476240,11,9,3,284,15,3
1699476300,11,9,3,285,15,3
1699476360,11,9,3,286,15,3
1699476420,11,9,3,287,15,3
1699476480,11,9,3,288,15,3
1699476540,11,9,3,289,15,3
1699476660,11,9,3,291,15,3
1699476720,11,9,3,292,15,3
1699476780,11,9,3,293,15,3
1699476840,11,9,3,294,15,3
1699476900,11,9,3,295,15,3
1699476960,11,9,3,296,15,3
1699477020,11,9,3,297,15,3
1699477080,11,9,3,298,15,3
1699477140,11,9,3,299,15,3
1699477260,11,9,3,301,15,3
1699477320,11,9,3,302,15,3
1699477380,11,9,3,303,15,3
1699477440,11,9,3,304,15,3
1699477500,11,9,3,305,15,3
1699477560,11,9,3,306,15,3
1699477620,11,9,3,307,15,3
1699477680,11,9,3,308,15,3
1699477740,11,9,3,309,15,3
1699477860,11,9,3,311,15,3
1699477920,11,9,3,312,15,3
1699477980,11,9,3,313,15,3
1699478040,11,9,3,314,15,3
1699478100,11,9,3,315,15,3
1699478160,11,9,3,316,15,3
1699478220,11,9,3,317,15,3
1699478280,11,9,3,318,15,3
1699478340,11,9,3,319,15,3
1699478460,11,9,3,321,15,2
1699478520,11,9,3,322,15,2
1699478580,11,9,3,323,15,2
1699478640,11,9,3,324,15,2
1699478700,11,9,3,325,15,2
1699478760,11,9,3,326,15,2
1699478820,11,9,3,327,15,2
1699478880,11,9,3,328,15,2
1699478940,11,9,3,329,15,2
1699479060,11,9,3,331,15,2
1699479120,11,9,3,332,15,2
1699479180,11,9,3,333,15,2
1699479240,11,9,3,334,15,2
1699479300,11,9,3,335,15,2
1699479360,11,9,3,336,15,2
1699479420,11,9,3,337,15,2
1699479480,11,9,3,338,15,3
1699479540,11,9,3,339,15,3
1699479660,11,9,3,341,15,3
1699479720,11,9,3,342,15,3
1699479780,11,9,3,343,15,3
1699479840,11,9,3,344,15,3
1699479900,11,9,3,345,15,3
1699479960,11,9,3,346,15,3
1699480020,11,9,3,347,15,3
1699480080,11,9,3,348,15,3
1699480140,11,9,3,349,15,3
1699480260,11,9,3,351,15,4
1699480320,11,9,3,352,15,4
1699480380,11,9,3,353,15,4
1699480440,11,9,3,354,15,4
1699480500,11,9,3,355,15,4
1699480560,11,9,3,356,15,4
1699480620,11,9,3,357,15,4
1699480680,11,9,3,358,15,4
1699480740,11,9,3,359,15,4
1699480860,11,9,3,361,15,4
1699480920,11,9,3,362,15,4
1699480980,11,9,3,363,15,4
1699481040,11,9,3,364,15,4
1699481100,11,9,3,365,15,4
1699481160,11,9,3,366,15,4
1699481220,11,9,3,367,15,4
1699481280,11,9,3,368,15,4
1699481340,11,9,3,369,15,4
1699481460,11,9,3,371,15,5
1699481520,11,9,3,372,15,5
1699481580,11,9,3,373,15,5
1699481640,11,9,3,374,15,5
1699481700,11,9,3,375,15,5
1699481760,11,9,3,376,15,5
1699481820,11,9,3,377,15,5
1699481880,11,9,3,378,15,5
1699481940,11,9,3,379,15,5
1699482060,11,9,3,381,15,5
1699482120,11,9,3,382,15,5
1699482180,11,9,3,383,15,5
1699482240,11,9,3,384,15,5
1699482300,11,9,3,385,15,5
1699482360,11,9,3,386,15,5
1699482420,11,9,3,387,15,5
1699482480,11,9,3,388,15,5
1699482540,11,9,3,389,15,5
1699482600,11,9,3,390,15,5
1699482660,11,9,3,391,15,7
1699482720,11,9,3,392,15,7
1699482780,11,9,3,393,15,7
1699482840,11,9,3,394,15,7
1699482900,11,9,3,395,15,7
1699482960,11,9,3,396,15,7
1699483020,11,9,3,397,15,6
1699483080,11,9,3,398,15,6
1699483140,11,9,3,399,15,6
1699483200,11,9,3,400,15,6
1699483260,11,9,3,401,15,6
1699483320,11,9,3,402,15,6
1699483380,11,9,3,403,15,6
1699483440,11,9,3,404,15,6
1699483500,11,9,3,405,15,6
1699483560,11,9,3,406,15,6
1699483620,11,9,3,407,15,6
1699483680,11,9,3,408,15,7
1699483740,11,9,3,409,15,7
1699483800,11,9,3,410,15,7
1699483860,11,9,3,411,15,7
1699483920,11,9,3,412,15,7
1699483980,11,9,3,413,15,7
1699484040,11,9,3,414,15,7
1699484100,11,9,3,415,15,7
1699484160,11,9,3,416,15,6
1699484220,11,9,3,417,15,5
1699484280,11,9,3,418,15,5
1699484340,11,9,3,419,15,5
1699484460,11,9,3,421,15,5
1699484520,11,9,3,422,15,5
1699484580,11,9,3,423,15,5
1699484640,11,9,3,424,15,5
1699484700,11,9,3,425,15,5
1699484760,11,9,3,426,15,5
1699484820,11,9,3,427,15,5
1699484880,11,9,3,428,15,5
1699484940,11,9,3,429,15,5
1699485000,11,9,3,430,15,4
1699485060,11,9,3,431,15,4
1699485120,11,9,3,432,15,4
1699485180,11,9,3,433,15,4
1699485240,11,9,3,434,15,4
1699485300,11,9,3,435,15,3
1699485360,11,9,3,436,15,3
1699485420,11,9,3,437,15,3
1699485480,11,9,3,438,15,2
1699485540,11,9,3,439,15,2
1699485660,11,9,3,441,15,1
1699485720,11,9,3,442,15,2
1699485780,11,9,3,443,15,2
1699485840,11,9,3,444,15,2
1699485900,11,9,3,445,15,2
1699485960,11,9,3,446,15,3
1699486020,11,9,3,447,15,3
1699486080,11,9,3,448,15,3
1699486140,11,9,3,449,15,1
1699486260,11,9,3,451,15,2
1699486320,11,9,3,452,15,2
1699486380,11,9,3,453,15,2
1699486440,11,9,3,454,15,2
1699486500,11,9,3,455,15,2
1699486560,11,9,3,456,15,2
1699486620,11,9,3,457,15,2
1699486680,11,9,3,458,15,2
1699486740,11,9,3,459,15,2
1699486800,11,9,3,460,15,3
1699486860,11,9,3,461,15,3
1699486920,11,9,3,462,15,3
1699486980,11,9,3,463,15,3
1699487040,11,9,3,464,15,3
1699487100,11,9,3,465,15,3
1699487160,11,9,3,466,15,3
1699487220,11,9,3,467,15,2
1699487280,11,9,3,468,15,3
1699487340,11,9,3,469,15,3
1699487400,11,9,3,470,15,3
1699487460,11,9,3,471,15,3
1699487520,11,9,3,472,15,5
1699487580,11,9,3,473,15,5
1699487640,11,9,3,474,15,5
1699487700,11,9,3,475,15,5
1699487760,11,9,3,476,15,4
1699487820,11,9,3,477,15,4
1699487880,11,9,3,478,15,2
1699487940,11,9,3,479,15,2
1699488060,11,9,3,481,15,2
1699488120,11,9,3,482,15,2
1699488180,11,9,3,483,15,2
1699488240,11,9,3,484,15,1
1699488300,11,9,3,485,15,2
1699488360,11,9,3,486,15,0
1699488420,11,9,3,487,15,0
1699488480,11,9,3,488,15,0
1699488540,11,9,3,489,15,0
1699488600,11,9,3,490,15,0
1699488660,11,9,3,491,15,0
1699488720,11,9,3,492,15,1
1699488780,11,9,3,493,15,2
1699488840,11,9,3,494,15,3
1699488900,11,9,3,495,15,3
1699488960,11,9,3,496,15,3
1699489020,11,9,3,497,15,0
1699489080,11,9,3,498,15,0
1699489140,11,9,3,499,15,0
1699489260,11,9,3,501,15,0
1699489320,11,9,3,502,15,0
1699489380,11,9,3,503,15,0
1699489440,11,9,3,504,15,0
1699489500,11,9,3,505,15,0
1699489560,11,9,3,506,15,0
1699489620,11,9,3,507,15,0
1699489680,11,9,3,508,15,0
1699489740,11,9,3,509,15,0
1699489860,11,9,3,511,15,0
1699489920,11,9,3,512,15,0
1699489980,11,9,3,513,15,0
1699490040,11,9,3,514,15,0
1699490100,11,9,3,515,15,0
1699490160,11,9,3,516,15,0
1699490220,11,9,3,517,15,0
1699490280,11,9,3,518,15,0
1699490340,11,9,3,519,15,0
1699490400,11,9,3,520,15,0
1699490460,11,9,3,521,15,0
1699490520,11,9,3,522,15,2
1699490580,11,9,3,523,15,2
1699490640,11,9,3,524,15,2
1699490700,11,9,3,525,15,1
1699490760,11,9,3,526,15,0
1699490820,11,9,3,527,15,0
1699490880,11,9,3,528,15,0
1699490940,11,9,3,529,15,0
1699491000,11,9,3,530,15,0
1699491060,11,9,3,531,15,0
1699491120,11,9,3,532,15,0
1699491180,11,9,3,533,15,0
1699491240,11,9,3,534,15,0
1699491300,11,9,3,535,15,0
1699491360,11,9,3,536,15,1
1699491480,11,9,3,538,15,0
1699491540,11,9,3,539,15,0
1699491660,11,9,3,541,15,0
1699491720,11,9,3,542,15,1
1699491780,11,9,3,543,15,1
1699491840,11,9,3,544,15,1
1699491900,11,9,3,545,15,3
1699491960,11,9,3,546,15,2
1699492020,11,9,3,547,15,2
1699492080,11,9,3,548,15,0
1699492140,11,9,3,549,15,0
1699492260,11,9,3,551,15,0
1699492320,11,9,3,552,15,0
1699492380,11,9,3,553,15,0
1699492440,11,9,3,554,15,0
1699492500,11,9,3,555,15,0
1699492560,11,9,3,556,15,0
1699492620,11,9,3,557,15,0
1699492680,11,9,3,558,15,1
1699492740,11,9,3,559,15,2
1699492860,11,9,3,561,15,0
1699492920,11,9,3,562,15,2
1699492980,11,9,3,563,15,2
1699493040,11,9,3,564,15,1
1699493100,11,9,3,565,15,1
1699493160,11,9,3,566,15,1
1699493220,11,9,3,567,15,0
1699493280,11,9,3,568,15,0
1699493340,11,9,3,569,15,0
1699493460,11,9,3,571,15,0
1699493520,11,9,3,572,15,0
1699493640,11,9,3,574,15,0
1699493700,11,9,3,575,15,0
1699493760,11,9,3,576,15,1
1699493820,11,9,3,577,15,1
1699493880,11,9,3,578,15,1
1699493940,11,9,3,579,15,2
1699494060,11,9,3,581,15,2
1699494120,11,9,3,582,15,1
1699494180,11,9,3,583,15,1
1699494240,11,9,3,584,15,0
1699494300,11,9,3,585,15,0
1699494360,11,9,3,586,15,0
1699494420,11,9,3,587,15,0
1699494480,11,9,3,588,15,0
1699494540,11,9,3,589,15,0
1699494660,11,9,3,591,15,0
1699494720,11,9,3,592,15,2
1699494780,11,9,3,593,15,2
1699494840,11,9,3,594,15,2
1699494900,11,9,3,595,15,2
1699494960,11,9,3,596,15,0
1699495020,11,9,3,597,15,0
1699495080,11,9,3,598,15,0
1699495140,11,9,3,599,15,0
1699495260,11,9,3,601,15,2
1699495320,11,9,3,602,15,0
1699495380,11,9,3,603,15,0
1699495440,11,9,3,604,15,0
1699495500,11,9,3,605,15,0
1699495560,11,9,3,606,15,0
1699495620,11,9,3,607,15,0
1699495680,11,9,3,608,15,1
1699495740,11,9,3,609,15,0
1699495860,11,9,3,611,15,0
1699495920,11,9,3,612,15,1
1699495980,11,9,3,613,15,1
1699496040,11,9,3,614,15,0
1699496100,11,9,3,615,15,0
1699496160,11,9,3,616,15,0
1699496220,11,9,3,617,15,0
1699496280,11,9,3,618,15,0
1699496340,11,9,3,619,15,0
1699496460,11,9,3,621,15,0
1699496520,11,9,3,622,15,1
1699496580,11,9,3,623,15,1
1699496640,11,9,3,624,15,2
1699496700,11,9,3,625,15,0
1699496760,11,9,3,626,15,0
1699496820,11,9,3,627,15,0
1699496880,11,9,3,628,15,0
1699496940,11,9,3,629,15,0
1699497060,11,9,3,631,15,0
1699497120,11,9,3,632,15,0
1699497180,11,9,3,633,15,0
1699497240,11,9,3,634,15,0
1699497300,11,9,3,635,15,0
1699497360,11,9,3,636,15,0
1699497480,11,9,3,638,15,0
1699497540,11,9,3,639,15,0
1699497660,11,9,3,641,15,0
1699497720,11,9,3,642,15,0
1699497780,11,9,3,643,15,0
1699497840,11,9,3,644,15,0
1699497900,11,9,3,645,15,0
1699497960,11,9,3,646,15,0
1699498020,11,9,3,647,15,0
1699498080,11,9,3,648,15,0
1699498140,11,9,3,649,15,0
1699498260,11,9,3,651,15,0
1699498320,11,9,3,652,15,0
1699498380,11,9,3,653,15,0
1699498440,11,9,3,654,15,0
1699498500,11,9,3,655,15,0
1699498560,11,9,3,656,15,0
1699498620,11,9,3,657,15,0
1699498680,11,9,3,658,15,1
1699498740,11,9,3,659,15,1
1699498860,11,9,3,661,15,0
1699498920,11,9,3,662,15,0
1699498980,11,9,3,663,15,0
1699499040,11,9,3,664,15,0
1699499100,11,9,3,665,15,0
1699499160,11,9,3,666,15,0
1699499220,11,9,3,667,15,0
1699499280,11,9,3,668,15,0
1699499340,11,9,3,669,15,1
1699499400,11,9,3,670,15,1
1699499460,11,9,3,671,15,0
1699499520,11,9,3,672,15,0
1699499580,11,9,3,673,15,0
1699499640,11,9,3,674,15,0
1699499700,11,9,3,675,15,0
1699499760,11,9,3,676,15,0
1699499820,11,9,3,677,15,0
1699499880,11,9,3,678,15,0
1699499940,11,9,3,679,15,1
1699500060,11,9,3,681,15,2
1699500120,11,9,3,682,15,2
1699500180,11,9,3,683,15,2
1699500240,11,9,3,684,15,2
1699500300,11,9,3,685,15,1
1699500360,11,9,3,686,15,1
1699500420,11,9,3,687,15,1
1699500480,11,9,3,688,15,1
1699500540,11,9,3,689,15,1
1699500600,11,9,3,690,15,1
1699500660,11,9,3,691,15,0
1699500720,11,9,3,692,15,0
1699500780,11,9,3,693,15,0
1699500840,11,9,3,694,15,0
1699500900,11,9,3,695,15,0
1699500960,11,9,3,696,15,0
1699501020,11,9,3,697,15,0
1699501080,11,9,3,698,15,0
1699501140,11,9,3,699,15,0
1699501200,11,9,3,700,15,0
1699501260,11,9,3,701,15,0
1699501320,11,9,3,702,15,0
1699501380,11,9,3,703,15,0
1699501440,11,9,3,704,15,0
1699501500,11,9,3,705,15,0
1699501560,11,9,3,706,15,0
1699501620,11,9,3,707,15,0
1699501680,11,9,3,708,15,0
1699501740,11,9,3,709,15,0
1699501800,11,9,3,710,15,0
1699501860,11,9,3,711,15,0
1699501920,11,9,3,712,15,0
1699501980,11,9,3,713,15,0
1699502040,11,9,3,714,15,0
1699502100,11,9,3,715,15,0
1699502160,11,9,3,716,15,1
1699502220,11,9,3,717,15,1
1699502280,11,9,3,718,15,1
1699502340,11,9,3,719,15,0
1699502460,11,9,3,721,15,0
1699502520,11,9,3,722,15,1
1699502580,11,9,3,723,15,1
1699502640,11,9,3,724,15,0
1699502700,11,9,3,725,15,1
1699502760,11,9,3,726,15,1
1699502820,11,9,3,727,15,1
1699502880,11,9,3,728,15,1
1699502940,11,9,3,729,15,1
1699503000,11,9,3,730,15,0
1699503060,11,9,3,731,15,0
1699503120,11,9,3,732,15,1
1699503180,11,9,3,733,15,1
1699503240,11,9,3,734,15,0
1699503300,11,9,3,735,15,0
1699503360,11,9,3,736,15,1
1699503420,11,9,3,737,15,1
1699503480,11,9,3,738,15,1
1699503540,11,9,3,739,15,1
1699503660,11,9,3,741,15,1
1699503720,11,9,3,742,15,3
1699503780,11,9,3,743,15,2
1699503840,11,9,3,744,15,2
1699503900,11,9,3,745,15,3
1699503960,11,9,3,746,15,3
1699504020,11,9,3,747,15,3
1699504080,11,9,3,748,15,3
1699504140,11,9,3,749,15,4
1699504260,11,9,3,751,15,5
1699504320,11,9,3,752,15,4
1699504380,11,9,3,753,15,4
1699504440,11,9,3,754,15,4
1699504500,11,9,3,755,15,2
1699504560,11,9,3,756,15,2
1699504620,11,9,3,757,15,2
1699504680,11,9,3,758,15,2
1699504740,11,9,3,759,15,1
1699504800,11,9,3,760,15,1
1699504860,11,9,3,761,15,1
1699504920,11,9,3,762,15,0
1699504980,11,9,3,763,15,0
1699505040,11,9,3,764,15,0
1699505100,11,9,3,765,15,0
1699505160,11,9,3,766,15,0
1699505220,11,9,3,767,15,0
1699505280,11,9,3,768,15,0
1699505340,11,9,3,769,15,0
1699505400,11,9,3,770,15,0
1699505460,11,9,3,771,15,0
1699505520,11,9,3,772,15,0
1699505580,11,9,3,773,15,0
1699505640,11,9,3,774,15,0
1699505700,11,9,3,775,15,0
1699505760,11,9,3,776,15,0
1699505820,11,9,3,777,15,0
1699505880,11,9,3,778,15,0
1699505940,11,9,3,779,15,1
1699506060,11,9,3,781,15,2
1699506120,11,9,3,782,15,2
1699506180,11,9,3,783,15,2
1699506240,11,9,3,784,15,2
1699506300,11,9,3,785,15,1
1699506360,11,9,3,786,15,1
1699506420,11,9,3,787,15,1
1699506480,11,9,3,788,15,1
1699506540,11,9,3,789,15,1
1699506600,11,9,3,790,15,1
1699506660,11,9,3,791,15,1
1699506720,11,9,3,792,15,0
1699506780,11,9,3,793,15,0
1699506840,11,9,3,794,15,0
1699506900,11,9,3,795,15,0
1699506960,11,9,3,796,15,0
1699507020,11,9,3,797,15,0
1699507080,11,9,3,798,15,0
1699507140,11,9,3,799,15,0
1699507260,11,9,3,801,15,0
1699507320,11,9,3,802,15,0
1699507380,11,9,3,803,15,0
1699507440,11,9,3,804,15,0
1699507500,11,9,3,805,15,0
1699507560,11,9,3,806,15,1
1699507620,11,9,3,807,15,1
1699507740,11,9,3,809,15,1
1699507860,11,9,3,811,15,2
1699507920,11,9,3,812,15,0
1699507980,11,9,3,813,15,0
1699508040,11,9,3,814,15,0
1699508100,11,9,3,815,15,0
1699508160,11,9,3,816,15,0
1699508220,11,9,3,817,15,0
1699508280,11,9,3,818,15,0
1699508340,11,9,3,819,15,0
1699508460,11,9,3,821,15,0
1699508520,11,9,3,822,15,1
1699508580,11,9,3,823,15,1
1699508640,11,9,3,824,15,0
1699508700,11,9,3,825,15,0
1699508760,11,9,3,826,15,0
1699508820,11,9,3,827,15,0
1699508880,11,9,3,828,15,0
1699508940,11,9,3,829,15,0
1699509060,11,9,3,831,15,0
1699509120,11,9,3,832,15,0
1699509180,11,9,3,833,15,0
1699509240,11,9,3,834,15,0
1699509300,11,9,3,835,15,0
1699509360,11,9,3,836,15,0
1699509420,11,9,3,837,15,0
1699509480,11,9,3,838,15,0
1699509540,11,9,3,839,15,0
1699509660,11,9,3,841,15,0
1699509720,11,9,3,842,15,0
1699509780,11,9,3,843,15,0
1699509840,11,9,3,844,15,0
1699509900,11,9,3,845,15,0
1699509960,11,9,3,846,15,0
1699510020,11,9,3,847,15,0
1699510080,11,9,3,848,15,0
1699510140,11,9,3,849,15,0
1699510260,11,9,3,851,15,0
1699510320,11,9,3,852,15,0
1699510380,11,9,3,853,15,0
1699510440,11,9,3,854,15,0
1699510500,11,9,3,855,15,0
1699510560,11,9,3,856,15,0
1699510620,11,9,3,857,15,0
1699510680,11,9,3,858,15,0
1699510740,11,9,3,859,15,0
1699510860,11,9,3,861,15,0
1699510920,11,9,3,862,15,0
1699510980,11,9,3,863,15,0
1699511040,11,9,3,864,15,0
1699511100,11,9,3,865,15,0
1699511160,11,9,3,866,15,1
1699511220,11,9,3,867,15,0
1699511280,11,9,3,868,15,0
1699511340,11,9,3,869,15,0
1699511460,11,9,3,871,15,0
1699511520,11,9,3,872,15,0
1699511580,11,9,3,873,15,0
1699511640,11,9,3,874,15,0
1699511700,11,9,3,875,15,0
1699511760,11,9,3,876,15,0
1699511820,11,9,3,877,15,0
1699511880,11,9,3,878,15,1
1699511940,11,9,3,879,15,1
1699512060,11,9,3,881,15,1
1699512120,11,9,3,882,15,1
1699512180,11,9,3,883,15,0
1699512240,11,9,3,884,15,0
1699512300,11,9,3,885,15,0
1699512360,11,9,3,886,15,0
1699512420,11,9,3,887,15,0
1699512480,11,9,3,888,15,0
1699512540,11,9,3,889,15,0
1699512660,11,9,3,891,15,0
1699512720,11,9,3,892,15,0
1699512780,11,9,3,893,15,0
1699512900,11,9,3,895,15,0
1699512960,11,9,3,896,15,0
1699513020,11,9,3,897,15,0
1699513080,11,9,3,898,15,1
1699513140,11,9,3,899,15,1
1699513260,11,9,3,901,15,1
1699513320,11,9,3,902,15,3
1699513380,11,9,3,903,15,3
1699513440,11,9,3,904,15,3
1699513500,11,9,3,905,15,3
1699513560,11,9,3,906,15,4
1699513620,11,9,3,907,15,4
1699513680,11,9,3,908,15,4
1699513740,11,9,3,909,15,4
1699513860,11,9,3,911,15,5
1699513920,11,9,3,912,15,5
1699513980,11,9,3,913,15,5
1699514040,11,9,3,914,15,5
1699514100,11,9,3,915,15,5
1699514160,11,9,3,916,15,4
1699514220,11,9,3,917,15,4
1699514280,11,9,3,918,15,4
1699514340,11,9,3,919,15,4
1699514460,11,9,3,921,15,4
1699514520,11,9,3,922,15,4
1699514580,11,9,3,923,15,2
1699514640,11,9,3,924,15,2
1699514700,11,9,3,925,15,2
1699514760,11,9,3,926,15,2
1699514820,11,9,3,927,15,2
1699514880,11,9,3,928,15,2
1699514940,11,9,3,929,15,2
1699515060,11,9,3,931,15,2
1699515120,11,9,3,932,15,2
1699515180,11,9,3,933,15,1
1699515240,11,9,3,934,15,3
1699515300,11,9,3,935,15,3
1699515360,11,9,3,936,15,1
1699515420,11,9,3,937,15,1
1699515480,11,9,3,938,15,1
1699515540,11,9,3,939,15,1
1699515600,11,9,3,940,15,1
1699515660,11,9,3,941,15,1
1699515720,11,9,3,942,15,1
1699515780,11,9,3,943,15,1
1699515840,11,9,3,944,15,1
1699515900,11,9,3,945,15,1
1699515960,11,9,3,946,15,3
1699516020,11,9,3,947,15,3
1699516080,11,9,3,948,15,3
1699516140,11,9,3,949,15,3
1699516200,11,9,3,950,15,3
1699516260,11,9,3,951,15,3
1699516320,11,9,3,952,15,3
1699516380,11,9,3,953,15,3
1699516440,11,9,3,954,15,3
1699516500,11,9,3,955,15,3
1699516560,11,9,3,956,15,3
1699516620,11,9,3,957,15,3
1699516680,11,9,3,958,15,3
1699516740,11,9,3,959,15,3
1699516860,11,9,3,961,15,3
1699516920,11,9,3,962,15,3
1699516980,11,9,3,963,15,2
1699517040,11,9,3,964,15,2
1699517100,11,9,3,965,15,2
1699517160,11,9,3,966,15,1
1699517220,11,9,3,967,15,1
1699517280,11,9,3,968,15,1
1699517340,11,9,3,969,15,1
1699517400,11,9,3,970,15,1
1699517460,11,9,3,971,15,1
1699517520,11,9,3,972,15,0
1699517580,11,9,3,973,15,0
1699517640,11,9,3,974,15,1
1699517700,11,9,3,975,15,0
1699517760,11,9,3,976,15,0
1699517820,11,9,3,977,15,0
1699517880,11,9,3,978,15,0
1699517940,11,9,3,979,15,0
1699518060,11,9,3,981,15,0
1699518120,11,9,3,982,15,0
1699518180,11,9,3,983,15,0
1699518240,11,9,3,984,15,0
1699518300,11,9,3,985,15,0
1699518360,11,9,3,986,15,1
1699518420,11,9,3,987,15,1
1699518480,11,9,3,988,15,0
1699518540,11,9,3,989,15,0
1699518660,11,9,3,991,15,0
1699518720,11,9,3,992,15,0
1699518780,11,9,3,993,15,0
1699518840,11,9,3,994,15,0
1699518900,11,9,3,995,15,0
1699518960,11,9,3,996,15,0
1699519020,11,9,3,997,15,1
1699519080,11,9,3,998,15,0
1699519140,11,9,3,999,15,0
1699519200,11,9,3,1000,15,0
1699519260,11,9,3,1001,15,1
1699519320,11,9,3,1002,15,0
1699519380,11,9,3,1003,15,0
1699519440,11,9,3,1004,15,0
1699519500,11,9,3,1005,15,0
1699519560,11,9,3,1006,15,0
1699519620,11,9,3,1007,15,0
1699519680,11,9,3,1008,15,0
1699519740,11,9,3,1009,15,0
1699519800,11,9,3,1010,15,0
1699519860,11,9,3,1011,15,0
1699519920,11,9,3,1012,15,0
1699519980,11,9,3,1013,15,0
1699520040,11,9,3,1014,15,0
1699520100,11,9,3,1015,15,0
1699520160,11,9,3,1016,15,0
1699520220,11,9,3,1017,15,3
1699520280,11,9,3,1018,15,3
1699520340,11,9,3,1019,15,3
1699520460,11,9,3,1021,15,3
1699520520,11,9,3,1022,15,6
1699520580,11,9,3,1023,15,5
1699520640,11,9,3,1024,15,5
1699520700,11,9,3,1025,15,6
1699520760,11,9,3,1026,15,6
1699520820,11,9,3,1027,15,6
1699520880,11,9,3,1028,15,7
1699520940,11,9,3,1029,15,8
1699521000,11,9,3,1030,15,8
1699521060,11,9,3,1031,15,8
1699521120,11,9,3,1032,15,8
1699521180,11,9,3,1033,15,8
1699521240,11,9,3,1034,15,8
1699521300,11,9,3,1035,15,8
1699521360,11,9,3,1036,15,8
1699521420,11,9,3,1037,15,8
1699521480,11,9,3,1038,15,8
1699521540,11,9,3,1039,15,8
1699521660,11,9,3,1041,15,8
1699521720,11,9,3,1042,15,8
1699521780,11,9,3,1043,15,8
1699521840,11,9,3,1044,15,8
1699521900,11,9,3,1045,15,8
1699521960,11,9,3,1046,15,8
1699522020,11,9,3,1047,15,7
1699522080,11,9,3,1048,15,4
1699522140,11,9,3,1049,15,3
1699522260,11,9,3,1051,15,3
1699522320,11,9,3,1052,15,0
1699522380,11,9,3,1053,15,0
1699522440,11,9,3,1054,15,0
1699522500,11,9,3,1055,15,0
1699522620,11,9,3,1057,15,0
1699522680,11,9,3,1058,15,0
1699522740,11,9,3,1059,15,0
1699522800,11,9,3,1060,15,0
1699522860,11,9,3,1061,15,0
1699522980,11,9,3,1063,15,0
1699523040,11,9,3,1064,15,0
1699523100,11,9,3,1065,15,0
1699523160,11,9,3,1066,15,0
1699523220,11,9,3,1067,15,0
1699523280,11,9,3,1068,15,0
1699523340,11,9,3,1069,15,0
1699523460,11,9,3,1071,15,0
1699523520,11,9,3,1072,15,0
1699523580,11,9,3,1073,15,0
1699523640,11,9,3,1074,15,0
1699523700,11,9,3,1075,15,0
1699523760,11,9,3,1076,15,0
1699523820,11,9,3,1077,15,0
1699523880,11,9,3,1078,15,0
1699523940,11,9,3,1079,15,0
1699524060,11,9,3,1081,15,0
1699524120,11,9,3,1082,15,0
1699524180,11,9,3,1083,15,0
1699524240,11,9,3,1084,15,0
1699524300,11,9,3,1085,15,2
1699524360,11,9,3,1086,15,2
1699524420,11,9,3,1087,15,2
1699524480,11,9,3,1088,15,1
1699524540,11,9,3,1089,15,1
1699524660,11,9,3,1091,15,0
1699524720,11,9,3,1092,15,0
1699524780,11,9,3,1093,15,0
1699524840,11,9,3,1094,15,0
1699524900,11,9,3,1095,15,0
1699524960,11,9,3,1096,15,0
1699525020,11,9,3,1097,15,1
1699525080,11,9,3,1098,15,0
1699525140,11,9,3,1099,15,0
1699525260,11,9,3,1101,15,1
1699525320,11,9,3,1102,15,2
1699525380,11,9,3,1103,15,0
1699525440,11,9,3,1104,15,0
1699525560,11,9,3,1106,15,0
1699525620,11,9,3,1107,15,0
1699525680,11,9,3,1108,15,0
1699525740,11,9,3,1109,15,0
1699525860,11,9,3,1111,15,0
1699525920,11,9,3,1112,15,0
1699525980,11,9,3,1113,15,1
1699526040,11,9,3,1114,15,1
1699526100,11,9,3,1115,15,1
1699526160,11,9,3,1116,15,0
1699526220,11,9,3,1117,15,0
1699526280,11,9,3,1118,15,0
1699526340,11,9,3,1119,15,0
1699526460,11,9,3,1121,15,0
1699526520,11,9,3,1122,15,0
1699526580,11,9,3,1123,15,0
1699526640,11,9,3,1124,15,0
1699526700,11,9,3,1125,15,0
1699526760,11,9,3,1126,15,0
1699526820,11,9,3,1127,15,0
1699526880,11,9,3,1128,15,0
1699526940,11,9,3,1129,15,2
1699527060,11,9,3,1131,15,2
1699527120,11,9,3,1132,15,0
1699527180,11,9,3,1133,15,0
1699527240,11,9,3,1134,15,0
1699527300,11,9,3,1135,15,0
1699527360,11,9,3,1136,15,0
1699527420,11,9,3,1137,15,0
1699527480,11,9,3,1138,15,0
1699527540,11,9,3,1139,15,0
1699527660,11,9,3,1141,15,0
1699527780,11,9,3,1143,15,0
1699527840,11,9,3,1144,15,0
1699527900,11,9,3,1145,15,0
1699527960,11,9,3,1146,15,0
1699528080,11,9,3,1148,15,0
1699528140,11,9,3,1149,15,0
1699528620,11,9,3,1157,15,0
1699529100,11,9,3,1165,15,1
1699529160,11,9,3,1166,15,1
1699529280,11,9,3,1168,15,0
1699529340,11,9,3,1169,15,1
1699529460,11,9,3,1171,15,1
1699529520,11,9,3,1172,15,1
1699529580,11,9,3,1173,15,0
1699529640,11,9,3,1174,15,0
1699529700,11,9,3,1175,15,0
1699529760,11,9,3,1176,15,0
1699529820,11,9,3,1177,15,0
1699529880,11,9,3,1178,15,0
1699529940,11,9,3,1179,15,0
1699530000,11,9,3,1180,15,0
1699530060,11,9,3,1181,15,0
1699530120,11,9,3,1182,15,0
1699530180,11,9,3,1183,15,0
1699530240,11,9,3,1184,15,0
1699530300,11,9,3,1185,15,0
1699530360,11,9,3,1186,15,0
1699530420,11,9,3,1187,15,0
1699530480,11,9,3,1188,15,0
1699530540,11,9,3,1189,15,0
1699530600,11,9,3,1190,15,0
1699530660,11,9,3,1191,15,0
1699530720,11,9,3,1192,15,0
1699530780,11,9,3,1193,15,0
1699530840,11,9,3,1194,15,1
1699530900,11,9,3,1195,15,1
1699530960,11,9,3,1196,15,1
1699531020,11,9,3,1197,15,0
1699531080,11,9,3,1198,15,0
1699531140,11,9,3,1199,15,0
1699531260,11,9,3,1201,15,0
1699531320,11,9,3,1202,15,1
1699531380,11,9,3,1203,15,1
1699531440,11,9,3,1204,15,1
1699531500,11,9,3,1205,15,2
1699531560,11,9,3,1206,15,2
1699531620,11,9,3,1207,15,2
1699531680,11,9,3,1208,15,0
1699531740,11,9,3,1209,15,1
1699531800,11,9,3,1210,15,1
1699531860,11,9,3,1211,15,1
1699531920,11,9,3,1212,15,1
1699531980,11,9,3,1213,15,1
1699532040,11,9,3,1214,15,2
1699532100,11,9,3,1215,15,2
1699532160,11,9,3,1216,15,2
1699532220,11,9,3,1217,15,3
1699532280,11,9,3,1218,15,3
1699532340,11,9,3,1219,15,3
1699532460,11,9,3,1221,15,2
1699532520,11,9,3,1222,15,2
1699532580,11,9,3,1223,15,2
1699532640,11,9,3,1224,15,0
1699532700,11,9,3,1225,15,0
1699532760,11,9,3,1226,15,1
1699532820,11,9,3,1227,15,1
1699532880,11,9,3,1228,15,1
1699532940,11,9,3,1229,15,1
1699533060,11,9,3,1231,15,1
1699533120,11,9,3,1232,15,1
1699533180,11,9,3,1233,15,1
1699533240,11,9,3,1234,15,1
1699533300,11,9,3,1235,15,1
1699533360,11,9,3,1236,15,1
1699533420,11,9,3,1237,15,0
1699533480,11,9,3,1238,15,0
1699533540,11,9,3,1239,15,0
1699533600,11,9,3,1240,15,0
1699533660,11,9,3,1241,15,0
1699533720,11,9,3,1242,15,0
1699533780,11,9,3,1243,15,0
1699533840,11,9,3,1244,15,0
1699533900,11,9,3,1245,15,0
1699533960,11,9,3,1246,15,0
1699534020,11,9,3,1247,15,0
1699534080,11,9,3,1248,15,0
1699534140,11,9,3,1249,15,0
1699534200,11,9,3,1250,15,2
1699534260,11,9,3,1251,15,2
1699534320,11,9,3,1252,15,2
1699534380,11,9,3,1253,15,1
1699534440,11,9,3,1254,15,1
1699534500,11,9,3,1255,15,1
1699534560,11,9,3,1256,15,1
1699534620,11,9,3,1257,15,1
1699534680,11,9,3,1258,15,3
1699534740,11,9,3,1259,15,3
1699534860,11,9,3,1261,15,3
1699534920,11,9,3,1262,15,3
1699534980,11,9,3,1263,15,3
1699535040,11,9,3,1264,15,3
1699535100,11,9,3,1265,15,3
1699535160,11,9,3,1266,15,2
1699535220,11,9,3,1267,15,2
1699535280,11,9,3,1268,15,2
1699535340,11,9,3,1269,15,2
1699535400,11,9,3,1270,15,1
1699535460,11,9,3,1271,15,1
1699535520,11,9,3,1272,15,1
1699535580,11,9,3,1273,15,1
1699535640,11,9,3,1274,15,1
1699535700,11,9,3,1275,15,1
1699535760,11,9,3,1276,15,1
1699535820,11,9,3,1277,15,1
1699535880,11,9,3,1278,15,1
1699535940,11,9,3,1279,15,1
1699536060,11,9,3,1281,15,1
1699536120,11,9,3,1282,15,0
1699536180,11,9,3,1283,15,0
1699536240,11,9,3,1284,15,0
1699536300,11,9,3,1285,15,0
1699536360,11,9,3,1286,15,0
1699536420,11,9,3,1287,15,0
1699536480,11,9,3,1288,15,0
1699536540,11,9,3,1289,15,0
1699536660,11,9,3,1291,15,0
1699536720,11,9,3,1292,15,0
1699536780,11,9,3,1293,15,0
1699536840,11,9,3,1294,15,0
1699536900,11,9,3,1295,15,0
1699536960,11,9,3,1296,15,0
1699537020,11,9,3,1297,15,0
1699537080,11,9,3,1298,15,0
1699537140,11,9,3,1299,15,0
1699537200,11,9,3,1300,15,0
1699537260,11,9,3,1301,15,0
1699537320,11,9,3,1302,15,1
1699537380,11,9,3,1303,15,1
1699537440,11,9,3,1304,15,1
1699537500,11,9,3,1305,15,1
1699537560,11,9,3,1306,15,1
1699537620,11,9,3,1307,15,1
1699537680,11,9,3,1308,15,1
1699537740,11,9,3,1309,15,1
1699537800,11,9,3,1310,15,0
1699537860,11,9,3,1311,15,0
1699537920,11,9,3,1312,15,0
1699537980,11,9,3,1313,15,0
1699538040,11,9,3,1314,15,0
1699538100,11,9,3,1315,15,0
1699538160,11,9,3,1316,15,0
1699538220,11,9,3,1317,15,0
1699538280,11,9,3,1318,15,1
1699538340,11,9,3,1319,15,0
1699538460,11,9,3,1321,15,0
1699538520,11,9,3,1322,15,1
1699538580,11,9,3,1323,15,0
1699538640,11,9,3,1324,15,0
1699538700,11,9,3,1325,15,0
1699538760,11,9,3,1326,15,1
1699538820,11,9,3,1327,15,1
1699538880,11,9,3,1328,15,0
1699538940,11,9,3,1329,15,0
1699539000,11,9,3,1330,15,0
1699539060,11,9,3,1331,15,0
1699539120,11,9,3,1332,15,0
1699539180,11,9,3,1333,15,0
1699539240,11,9,3,1334,15,1
1699539300,11,9,3,1335,15,1
1699539360,11,9,3,1336,15,1
1699539420,11,9,3,1337,15,1
1699539480,11,9,3,1338,15,2
1699539540,11,9,3,1339,15,2
1699539660,11,9,3,1341,15,2
1699539720,11,9,3,1342,15,2
1699539780,11,9,3,1343,15,2
1699539840,11,9,3,1344,15,2
1699539900,11,9,3,1345,15,2
1699539960,11,9,3,1346,15,4
1699540020,11,9,3,1347,15,4
1699540080,11,9,3,1348,15,4
1699540140,11,9,3,1349,15,3
1699540260,11,9,3,1351,15,2
1699540320,11,9,3,1352,15,2
1699540380,11,9,3,1353,15,2
1699540440,11,9,3,1354,15,4
1699540500,11,9,3,1355,15,4
1699540560,11,9,3,1356,15,4
1699540620,11,9,3,1357,15,4
1699540680,11,9,3,1358,15,5
1699540740,11,9,3,1359,15,5
1699540800,11,9,3,1360,15,4
1699540860,11,9,3,1361,15,3
1699540920,11,9,3,1362,15,3
1699540980,11,9,3,1363,15,3
1699541040,11,9,3,1364,15,3
1699541100,11,9,3,1365,15,3
1699541160,11,9,3,1366,15,5
1699541220,11,9,3,1367,15,5
1699541280,11,9,3,1368,15,5
1699541340,11,9,3,1369,15,5
1699541400,11,9,3,1370,15,6
1699541460,11,9,3,1371,15,5
1699541520,11,9,3,1372,15,5
1699541580,11,9,3,1373,15,5
1699541640,11,9,3,1374,15,5
1699541700,11,9,3,1375,15,5
1699541760,11,9,3,1376,15,6
1699541820,11,9,3,1377,15,6
1699541880,11,9,3,1378,15,7
1699541940,11,9,3,1379,15,7
1699542060,11,9,3,1381,15,7
1699542120,11,9,3,1382,15,7
1699542180,11,9,3,1383,15,7
1699542240,11,9,3,1384,15,6
1699542300,11,9,3,1385,15,6
1699542360,11,9,3,1386,15,6
1699542420,11,9,3,1387,15,6
1699542480,11,9,3,1388,15,6
1699542540,11,9,3,1389,15,6
1699542600,11,9,3,1390,15,6
1699542660,11,9,3,1391,15,6
1699542720,11,9,3,1392,15,6
1699542780,11,9,3,1393,15,6
1699542840,11,9,3,1394,15,6
1699542900,11,9,3,1395,15,6
1699542960,11,9,3,1396,15,6
1699543020,11,9,3,1397,15,6
1699543080,11,9,3,1398,15,6
1699543140,11,9,3,1399,15,6
1699543260,11,9,3,1401,15,6
1699543320,11,9,3,1402,15,6
1699543380,11,9,3,1403,15,6
1699543440,11,9,3,1404,15,10
1699543500,11,9,3,1405,15,10
1699543560,11,9,3,1406,15,10
1699543620,11,9,3,1407,15,10
1699543680,11,9,3,1408,15,10
1699543740,11,9,3,1409,15,10
1699543800,11,9,3,1410,15,10
1699543860,11,9,3,1411,15,10
1699543920,11,9,3,1412,15,10
1699543980,11,9,3,1413,15,10
1699544040,11,9,3,1414,15,10
1699544100,11,9,3,1415,15,11
1699544160,11,9,3,1416,15,11
1699544220,11,9,3,1417,15,11
1699544280,11,9,3,1418,15,10
1699544340,11,9,3,1419,15,10
1699544400,11,9,3,1420,15,10
1699544460,11,9,3,1421,15,10
1699544520,11,9,3,1422,15,10
1699544580,11,9,3,1423,15,10
1699544640,11,9,3,1424,15,10
1699544760,11,9,3,1426,15,10
1699544820,11,9,3,1427,15,10
1699544880,11,9,3,1428,15,10
1699544940,11,9,3,1429,15,10
1699545000,11,9,3,1430,15,10
1699545060,11,9,3,1431,15,10
1699545120,11,9,3,1432,15,10
1699545180,11,9,3,1433,15,10
1699545240,11,9,3,1434,15,10
1699545300,11,9,3,1435,15,10
1699545360,11,9,3,1436,15,11
1699545420,11,9,3,1437,15,11
1699545480,11,9,3,1438,15,12
1699545540,11,9,3,1439,15,12
1699545660,11,10,4,1,15,12
1699545720,11,10,4,2,15,12
1699545780,11,10,4,3,15,12
1699545840,11,10,4,4,15,12
1699545900,11,10,4,5,15,12
1699545960,11,10,4,6,15,12
1699546020,11,10,4,7,15,12
1699546080,11,10,4,8,15,12
1699546140,11,10,4,9,15,12
1699546200,11,10,4,10,15,12
1699546260,11,10,4,11,15,12
1699546320,11,10,4,12,15,12
1699546380,11,10,4,13,15,12
1699546440,11,10,4,14,15,12
1699546500,11,10,4,15,15,12
1699546560,11,10,4,16,15,12
1699546620,11,10,4,17,15,12
1699546680,11,10,4,18,15,12
1699546740,11,10,4,19,15,12
1699546860,11,10,4,21,15,12
1699546920,11,10,4,22,15,12
1699546980,11,10,4,23,15,12
1699547040,11,10,4,24,15,12
1699547100,11,10,4,25,15,12
1699547160,11,10,4,26,15,13
1699547220,11,10,4,27,15,13
1699547280,11,10,4,28,15,13
1699547340,11,10,4,29,15,9
1699547400,11,10,4,30,15,9
1699547460,11,10,4,31,15,9
1699547520,11,10,4,32,15,8
1699547580,11,10,4,33,15,8
1699547640,11,10,4,34,15,8
1699547700,11,10,4,35,15,9
1699547760,11,10,4,36,15,9
1699547820,11,10,4,37,15,9
1699547880,11,10,4,38,15,9
1699547940,11,10,4,39,15,10
1699548000,11,10,4,40,15,10
1699548060,11,10,4,41,15,10
1699548120,11,10,4,42,15,10
1699548180,11,10,4,43,15,10
1699548240,11,10,4,44,15,10
1699548300,11,10,4,45,15,10
1699548360,11,10,4,46,15,10
1699548420,11,10,4,47,15,10
1699548480,11,10,4,48,15,10
1699548540,11,10,4,49,15,10
1699548600,11,10,4,50,15,10
1699548660,11,10,4,51,15,10
1699548720,11,10,4,52,15,10
1699548780,11,10,4,53,15,10
1699548840,11,10,4,54,15,10
1699548900,11,10,4,55,15,10
1699548960,11,10,4,56,15,10
1699549020,11,10,4,57,15,10
1699549080,11,10,4,58,15,10
1699549140,11,10,4,59,15,10
1699549200,11,10,4,60,15,10
1699549260,11,10,4,61,15,10
1699549320,11,10,4,62,15,10
1699549380,11,10,4,63,15,10
1699549440,11,10,4,64,15,10
1699549500,11,10,4,65,15,10
1699549560,11,10,4,66,15,10
1699549620,11,10,4,67,15,10
1699549680,11,10,4,68,15,10
1699549740,11,10,4,69,15,10
1699549800,11,10,4,70,15,10
1699549860,11,10,4,71,15,10
1699549920,11,10,4,72,15,10
1699549980,11,10,4,73,15,10
1699550040,11,10,4,74,15,10
1699550100,11,10,4,75,15,10
1699550160,11,10,4,76,15,10
1699550220,11,10,4,77,15,10
1699550280,11,10,4,78,15,10
1699550340,11,10,4,79,15,10
1699550460,11,10,4,81,15,11
1699550520,11,10,4,82,15,11
1699550580,11,10,4,83,15,11
1699550640,11,10,4,84,15,11
1699550700,11,10,4,85,15,11
1699550760,11,10,4,86,15,11
1699550820,11,10,4,87,15,11
1699550880,11,10,4,88,15,11
1699550940,11,10,4,89,15,11
1699551000,11,10,4,90,15,11
1699551060,11,10,4,91,15,11
1699551120,11,10,4,92,15,11
1699551180,11,10,4,93,15,11
1699551240,11,10,4,94,15,11
1699551300,11,10,4,95,15,11
1699551360,11,10,4,96,15,11
1699551420,11,10,4,97,15,11
1699551480,11,10,4,98,15,11
1699551540,11,10,4,99,15,11
1699551600,11,10,4,100,15,11
1699551660,11,10,4,101,15,11
1699551720,11,10,4,102,15,11
1699551780,11,10,4,103,15,11
1699551840,11,10,4,104,15,11
1699551960,11,10,4,106,15,11
1699552020,11,10,4,107,15,11
1699552080,11,10,4,108,15,11
1699552140,11,10,4,109,15,11
1699552200,11,10,4,110,15,11
1699552260,11,10,4,111,15,11
1699552320,11,10,4,112,15,11
1699552440,11,10,4,114,15,12
1699552500,11,10,4,115,15,12
1699552560,11,10,4,116,15,12
1699552680,11,10,4,118,15,12
1699552740,11,10,4,119,15,12
1699552860,11,10,4,121,15,12
1699552920,11,10,4,122,15,13
1699552980,11,10,4,123,15,12
1699553040,11,10,4,124,15,12
1699553100,11,10,4,125,15,12
1699553160,11,10,4,126,15,12
1699553220,11,10,4,127,15,12
1699553280,11,10,4,128,15,12
1699553340,11,10,4,129,15,12
1699553400,11,10,4,130,15,12
1699553460,11,10,4,131,15,12
1699553520,11,10,4,132,15,12
1699553580,11,10,4,133,15,12
1699553640,11,10,4,134,15,12
1699553700,11,10,4,135,15,12
1699553760,11,10,4,136,15,12
1699553820,11,10,4,137,15,12
1699553880,11,10,4,138,15,12
1699553940,11,10,4,139,15,12
1699554060,11,10,4,141,15,12
1699554120,11,10,4,142,15,11
1699554180,11,10,4,143,15,11
1699554240,11,10,4,144,15,11
1699554300,11,10,4,145,15,11
1699554360,11,10,4,146,15,11
1699554420,11,10,4,147,15,11
1699554480,11,10,4,148,15,11
1699554540,11,10,4,149,15,11
1699554600,11,10,4,150,15,11
1699554660,11,10,4,151,15,11
1699554720,11,10,4,152,15,11
1699554780,11,10,4,153,15,11
1699554840,11,10,4,154,15,11
1699554900,11,10,4,155,15,11
1699554960,11,10,4,156,15,11
1699555020,11,10,4,157,15,11
1699555080,11,10,4,158,15,11
1699555140,11,10,4,159,15,11
1699555200,11,10,4,160,15,11
1699555260,11,10,4,161,15,11
1699555320,11,10,4,162,15,11
1699555380,11,10,4,163,15,11
1699555440,11,10,4,164,15,11
1699555500,11,10,4,165,15,11
1699555560,11,10,4,166,15,11
1699555620,11,10,4,167,15,11
1699555680,11,10,4,168,15,11
1699555740,11,10,4,169,15,11
1699555800,11,10,4,170,15,11
1699555860,11,10,4,171,15,10
1699555920,11,10,4,172,15,10
1699555980,11,10,4,173,15,10
1699556040,11,10,4,174,15,10
1699556100,11,10,4,175,15,10
1699556160,11,10,4,176,15,10
1699556220,11,10,4,177,15,10
1699556280,11,10,4,178,15,10
1699556340,11,10,4,179,15,10
1699556400,11,10,4,180,15,10
1699556460,11,10,4,181,15,10
1699556520,11,10,4,182,15,10
1699556580,11,10,4,183,15,10
1699556640,11,10,4,184,15,10
1699556700,11,10,4,185,15,10
1699556760,11,10,4,186,15,10
1699556820,11,10,4,187,15,10
1699556880,11,10,4,188,15,10
1699556940,11,10,4,189,15,10
1699557000,11,10,4,190,15,10
1699557060,11,10,4,191,15,10
1699557120,11,10,4,192,15,10
1699557180,11,10,4,193,15,10
1699557240,11,10,4,194,15,10
1699557300,11,10,4,195,15,10
1699557360,11,10,4,196,15,10
1699557420,11,10,4,197,15,10
1699557480,11,10,4,198,15,10
1699557540,11,10,4,199,15,10
1699557660,11,10,4,201,15,10
1699557720,11,10,4,202,15,10
1699557780,11,10,4,203,15,10
1699557840,11,10,4,204,15,10
1699557900,11,10,4,205,15,10
1699557960,11,10,4,206,15,10
1699558020,11,10,4,207,15,10
1699558080,11,10,4,208,15,10
1699558140,11,10,4,209,15,10
1699558200,11,10,4,210,15,10
1699558260,11,10,4,211,15,10
1699558320,11,10,4,212,15,10
1699558380,11,10,4,213,15,10
1699558440,11,10,4,214,15,10
1699558500,11,10,4,215,15,10
1699558560,11,10,4,216,15,10
1699558620,11,10,4,217,15,10
1699558680,11,10,4,218,15,10
1699558740,11,10,4,219,15,10
1699558800,11,10,4,220,15,10
1699558860,11,10,4,221,15,10
1699558920,11,10,4,222,15,10
1699558980,11,10,4,223,15,10
1699559040,11,10,4,224,15,10
1699559100,11,10,4,225,15,10
1699559160,11,10,4,226,15,10
1699559220,11,10,4,227,15,10
1699559280,11,10,4,228,15,10
1699559340,11,10,4,229,15,10
1699559400,11,10,4,230,15,10
1699559460,11,10,4,231,15,10
1699559520,11,10,4,232,15,10
1699559580,11,10,4,233,15,10
1699559640,11,10,4,234,15,10
1699559700,11,10,4,235,15,11
1699559760,11,10,4,236,15,11
1699559820,11,10,4,237,15,11
1699559880,11,10,4,238,15,11
1699560000,11,10,4,240,15,11
1699560060,11,10,4,241,15,11
1699560120,11,10,4,242,15,11
1699560180,11,10,4,243,15,11
1699560240,11,10,4,244,15,11
1699560300,11,10,4,245,15,11
1699560360,11,10,4,246,15,11
1699560420,11,10,4,247,15,11
1699560480,11,10,4,248,15,11
1699560540,11,10,4,249,15,11
1699560600,11,10,4,250,15,11
1699560660,11,10,4,251,15,11
1699560720,11,10,4,252,15,11
1699560780,11,10,4,253,15,11
1699560840,11,10,4,254,15,11
1699560900,11,10,4,255,15,11
1699560960,11,10,4,256,15,11
1699561020,11,10,4,257,15,11
1699561080,11,10,4,258,15,11
1699561140,11,10,4,259,15,11
1699561260,11,10,4,261,15,11
1699561320,11,10,4,262,15,11
1699561380,11,10,4,263,15,11
1699561440,11,10,4,264,15,11
1699561500,11,10,4,265,15,11
1699561560,11,10,4,266,15,11
1699561620,11,10,4,267,15,11
1699561680,11,10,4,268,15,11
1699561740,11,10,4,269,15,11
1699561800,11,10,4,270,15,11
1699561860,11,10,4,271,15,11
1699561920,11,10,4,272,15,11
1699561980,11,10,4,273,15,11
1699562040,11,10,4,274,15,11
1699562100,11,10,4,275,15,11
1699562160,11,10,4,276,15,11
1699562220,11,10,4,277,15,11
1699562280,11,10,4,278,15,11
1699562340,11,10,4,279,15,11
1699562400,11,10,4,280,15,10
1699562460,11,10,4,281,15,10
1699562520,11,10,4,282,15,10
1699562580,11,10,4,283,15,10
1699562640,11,10,4,284,15,10
1699562700,11,10,4,285,15,10
1699562760,11,10,4,286,15,10
1699562820,11,10,4,287,15,10
1699562880,11,10,4,288,15,10
1699562940,11,10,4,289,15,10
1699563000,11,10,4,290,15,10
1699563060,11,10,4,291,15,10
1699563120,11,10,4,292,15,10
1699563180,11,10,4,293,15,10
1699563240,11,10,4,294,15,10
1699563300,11,10,4,295,15,10
1699563360,11,10,4,296,15,10
1699563420,11,10,4,297,15,10
1699563480,11,10,4,298,15,10
1699563540,11,10,4,299,15,10
1699563600,11,10,4,300,15,9
1699563660,11,10,4,301,15,9
1699563720,11,10,4,302,15,9
1699563780,11,10,4,303,15,9
1699563840,11,10,4,304,15,9
1699563900,11,10,4,305,15,9
1699563960,11,10,4,306,15,9
1699564020,11,10,4,307,15,9
1699564080,11,10,4,308,15,9
1699564140,11,10,4,309,15,9
1699564200,11,10,4,310,15,9
1699564260,11,10,4,311,15,9
1699564320,11,10,4,312,15,9
1699564380,11,10,4,313,15,9
1699564440,11,10,4,314,15,9
1699564500,11,10,4,315,15,9
1699564560,11,10,4,316,15,9
1699564620,11,10,4,317,15,9
1699564680,11,10,4,318,15,9
1699564740,11,10,4,319,15,9
1699564860,11,10,4,321,15,9
1699564920,11,10,4,322,15,9
1699564980,11,10,4,323,15,9
1699565040,11,10,4,324,15,9
1699565100,11,10,4,325,15,9
1699565160,11,10,4,326,15,9
1699565220,11,10,4,327,15,9
1699565280,11,10,4,328,15,9
1699565340,11,10,4,329,15,9
1699565400,11,10,4,330,15,9
1699565460,11,10,4,331,15,9
1699565520,11,10,4,332,15,9
1699565580,11,10,4,333,15,9
1699565640,11,10,4,334,15,9
1699565700,11,10,4,335,15,9
1699565760,11,10,4,336,15,9
1699565820,11,10,4,337,15,9
1699565880,11,10,4,338,15,9
1699565940,11,10,4,339,15,9
1699566000,11,10,4,340,15,9
1699566060,11,10,4,341,15,10
1699566120,11,10,4,342,15,10
1699566180,11,10,4,343,15,10
1699566240,11,10,4,344,15,10
1699566300,11,10,4,345,15,10
1699566360,11,10,4,346,15,10
1699566420,11,10,4,347,15,10
1699566480,11,10,4,348,15,10
1699566540,11,10,4,349,15,11
1699566600,11,10,4,350,15,11
1699566660,11,10,4,351,15,11
1699566720,11,10,4,352,15,11
1699566780,11,10,4,353,15,11
1699566840,11,10,4,354,15,11
1699566900,11,10,4,355,15,11
1699566960,11,10,4,356,15,11
1699567020,11,10,4,357,15,11
1699567080,11,10,4,358,15,11
1699567140,11,10,4,359,15,11
1699567200,11,10,4,360,15,11
1699567260,11,10,4,361,15,11
1699567320,11,10,4,362,15,11
1699567380,11,10,4,363,15,11
1699567440,11,10,4,364,15,11
1699567500,11,10,4,365,15,11
1699567560,11,10,4,366,15,12
1699567620,11,10,4,367,15,12
1699567680,11,10,4,368,15,12
1699567740,11,10,4,369,15,12
1699567800,11,10,4,370,15,12
1699567860,11,10,4,371,15,12
1699567920,11,10,4,372,15,12
1699567980,11,10,4,373,15,12
1699568040,11,10,4,374,15,12
1699568100,11,10,4,375,15,12
1699568160,11,10,4,376,15,12
1699568220,11,10,4,377,15,12
1699568280,11,10,4,378,15,12
1699568340,11,10,4,379,15,12
1699568460,11,10,4,381,15,12
1699568520,11,10,4,382,15,12
1699568580,11,10,4,383,15,12
1699568640,11,10,4,384,15,12
1699568700,11,10,4,385,15,12
1699568760,11,10,4,386,15,12
1699568820,11,10,4,387,15,12
1699568880,11,10,4,388,15,12
1699568940,11,10,4,389,15,12
1699569000,11,10,4,390,15,11
1699569060,11,10,4,391,15,12
1699569120,11,10,4,392,15,12
1699569180,11,10,4,393,15,13
1699569240,11,10,4,394,15,13
1699569300,11,10,4,395,15,13
1699569360,11,10,4,396,15,13
1699569420,11,10,4,397,15,13
1699569480,11,10,4,398,15,13
1699569540,11,10,4,399,15,13
1699569600,11,10,4,400,15,13
1699569660,11,10,4,401,15,13
1699569720,11,10,4,402,15,13
1699569780,11,10,4,403,15,13
1699569840,11,10,4,404,15,13
1699569900,11,10,4,405,15,14
1699569960,11,10,4,406,15,14
1699570020,11,10,4,407,15,14
1699570080,11,10,4,408,15,14
1699570140,11,10,4,409,15,14
1699570200,11,10,4,410,15,14
1699570260,11,10,4,411,15,14
1699570320,11,10,4,412,15,14
1699570380,11,10,4,413,15,14
1699570440,11,10,4,414,15,14
1699570500,11,10,4,415,15,14
1699570560,11,10,4,416,15,14
1699570620,11,10,4,417,15,15
1699570680,11,10,4,418,15,15
1699570740,11,10,4,419,15,15
1699570860,11,10,4,421,15,15
1699570920,11,10,4,422,15,15
1699570980,11,10,4,423,15,15
1699571040,11,10,4,424,15,15
1699571100,11,10,4,425,15,15
1699571160,11,10,4,426,15,15
1699571220,11,10,4,427,15,15
1699571280,11,10,4,428,15,15
1699571340,11,10,4,429,15,15
1699571400,11,10,4,430,15,15
1699571460,11,10,4,431,15,15
1699571520,11,10,4,432,15,15
1699571580,11,10,4,433,15,15
1699571640,11,10,4,434,15,15
1699571700,11,10,4,435,15,15
1699571760,11,10,4,436,15,15
1699571820,11,10,4,437,15,14
1699571880,11,10,4,438,15,14
1699571940,11,10,4,439,15,14
1699572060,11,10,4,441,15,14
1699572120,11,10,4,442,15,13
1699572180,11,10,4,443,15,13
1699572240,11,10,4,444,15,13
1699572300,11,10,4,445,15,13
1699572360,11,10,4,446,15,13
1699572420,11,10,4,447,15,13
1699572480,11,10,4,448,15,12
1699572540,11,10,4,449,15,12
1699572660,11,10,4,451,15,13
1699572720,11,10,4,452,15,12
1699572780,11,10,4,453,15,11
1699572840,11,10,4,454,15,10
1699572900,11,10,4,455,15,10
1699572960,11,10,4,456,15,10
1699573020,11,10,4,457,15,10
1699573080,11,10,4,458,15,10
1699573140,11,10,4,459,15,10
1699573200,11,10,4,460,15,10
1699573260,11,10,4,461,15,9
1699573320,11,10,4,462,15,9
1699573380,11,10,4,463,15,9
1699573440,11,10,4,464,15,9
1699573500,11,10,4,465,15,11
1699573560,11,10,4,466,15,11
1699573620,11,10,4,467,15,11
1699573680,11,10,4,468,15,11
1699573740,11,10,4,469,15,11
1699573800,11,10,4,470,15,11
1699573920,11,10,4,472,15,11
1699573980,11,10,4,473,15,11
1699574040,11,10,4,474,15,11
1699574100,11,10,4,475,15,11
1699574160,11,10,4,476,15,11
1699574220,11,10,4,477,15,11
1699574280,11,10,4,478,15,11
1699574340,11,10,4,479,15,12
1699574460,11,10,4,481,15,12
1699574520,11,10,4,482,15,12
1699574580,11,10,4,483,15,11
1699574640,11,10,4,484,15,11
1699574700,11,10,4,485,15,11
1699574760,11,10,4,486,15,11
1699574820,11,10,4,487,15,11
1699574880,11,10,4,488,15,12
1699574940,11,10,4,489,15,12
1699575000,11,10,4,490,15,14
1699575060,11,10,4,491,15,13
1699575120,11,10,4,492,15,13
1699575180,11,10,4,493,15,12
1699575240,11,10,4,494,15,12
1699575300,11,10,4,495,15,12
1699575360,11,10,4,496,15,12
1699575420,11,10,4,497,15,12
1699575480,11,10,4,498,15,12
1699575540,11,10,4,499,15,12
1699575660,11,10,4,501,15,12
1699575720,11,10,4,502,15,12
1699575780,11,10,4,503,15,13
1699575840,11,10,4,504,15,12
1699575900,11,10,4,505,15,13
1699575960,11,10,4,506,15,13
1699576020,11,10,4,507,15,13
1699576080,11,10,4,508,15,13
1699576140,11,10,4,509,15,13
1699576260,11,10,4,511,15,13
1699576320,11,10,4,512,15,12
1699576380,11,10,4,513,15,12
1699576440,11,10,4,514,15,12
1699576500,11,10,4,515,15,12
1699576560,11,10,4,516,15,12
1699576620,11,10,4,517,15,12
1699576680,11,10,4,518,15,11
1699576740,11,10,4,519,15,12
1699576800,11,10,4,520,15,12
1699576860,11,10,4,521,15,12
1699576920,11,10,4,522,15,14
1699576980,11,10,4,523,15,14
1699577040,11,10,4,524,15,13
1699577100,11,10,4,525,15,14
1699577160,11,10,4,526,15,13
1699577220,11,10,4,527,15,13
1699577280,11,10,4,528,15,12
1699577340,11,10,4,529,15,13
1699577400,11,10,4,530,15,11
1699577460,11,10,4,531,15,11
1699577520,11,10,4,532,15,9
1699577580,11,10,4,533,15,9
1699577640,11,10,4,534,15,8
1699577700,11,10,4,535,15,8
1699577760,11,10,4,536,15,4
1699577820,11,10,4,537,15,2
1699577880,11,10,4,538,15,1
1699577940,11,10,4,539,15,2
1699578060,11,10,4,541,15,1
1699578120,11,10,4,542,15,1
1699578180,11,10,4,543,15,0
1699578240,11,10,4,544,15,0
1699578300,11,10,4,545,15,1
1699578360,11,10,4,546,15,1
1699578420,11,10,4,547,15,0
1699578480,11,10,4,548,15,0
1699578540,11,10,4,549,15,0
1699578600,11,10,4,550,15,0
1699578660,11,10,4,551,15,0
1699578720,11,10,4,552,15,0
1699578780,11,10,4,553,15,1
1699578840,11,10,4,554,15,1
1699578900,11,10,4,555,15,1
1699578960,11,10,4,556,15,1
1699579020,11,10,4,557,15,0
1699579080,11,10,4,558,15,0
1699579140,11,10,4,559,15,0
1699579260,11,10,4,561,15,0
1699579320,11,10,4,562,15,0
1699579380,11,10,4,563,15,0
1699579440,11,10,4,564,15,0
1699579500,11,10,4,565,15,0
1699579560,11,10,4,566,15,0
1699579620,11,10,4,567,15,0
1699579680,11,10,4,568,15,0
1699579740,11,10,4,569,15,1
1699579860,11,10,4,571,15,0
1699579920,11,10,4,572,15,0
1699579980,11,10,4,573,15,0
1699580040,11,10,4,574,15,0
1699580100,11,10,4,575,15,0
1699580160,11,10,4,576,15,0
1699580220,11,10,4,577,15,0
1699580280,11,10,4,578,15,0
1699580340,11,10,4,579,15,2
1699580400,11,10,4,580,15,2
1699580460,11,10,4,581,15,2
1699580520,11,10,4,582,15,2
1699580580,11,10,4,583,15,2
1699580640,11,10,4,584,15,2
1699580700,11,10,4,585,15,4
1699580760,11,10,4,586,15,2
1699580820,11,10,4,587,15,2
1699580880,11,10,4,588,15,2
1699580940,11,10,4,589,15,1
1699581000,11,10,4,590,15,1
1699581060,11,10,4,591,15,1
1699581120,11,10,4,592,15,1
1699581180,11,10,4,593,15,1
1699581240,11,10,4,594,15,0
1699581300,11,10,4,595,15,0
1699581360,11,10,4,596,15,0
1699581420,11,10,4,597,15,1
1699581480,11,10,4,598,15,0
1699581540,11,10,4,599,15,0
1699581660,11,10,4,601,15,0
1699581720,11,10,4,602,15,1
1699581780,11,10,4,603,15,0
1699581840,11,10,4,604,15,0
1699581900,11,10,4,605,15,0
1699581960,11,10,4,606,15,0
1699582020,11,10,4,607,15,0
1699582080,11,10,4,608,15,0
1699582140,11,10,4,609,15,0
1699582200,11,10,4,610,15,0
1699582260,11,10,4,611,15,0
1699582320,11,10,4,612,15,1
1699582380,11,10,4,613,15,0
1699582440,11,10,4,614,15,0
1699582500,11,10,4,615,15,0
1699582560,11,10,4,616,15,0
1699582620,11,10,4,617,15,0
1699582680,11,10,4,618,15,0
1699582740,11,10,4,619,15,0
1699582860,11,10,4,621,15,0
1699582920,11,10,4,622,15,0
1699582980,11,10,4,623,15,0
1699583040,11,10,4,624,15,0
1699583100,11,10,4,625,15,0
1699583160,11,10,4,626,15,0
1699583220,11,10,4,627,15,0
1699583280,11,10,4,628,15,0
1699583340,11,10,4,629,15,0
1699583460,11,10,4,631,15,0
1699583520,11,10,4,632,15,0
1699583580,11,10,4,633,15,0
1699583640,11,10,4,634,15,0
1699583700,11,10,4,635,15,1
1699583760,11,10,4,636,15,1
1699583820,11,10,4,637,15,1
1699583880,11,10,4,638,15,1
1699583940,11,10,4,639,15,1
1699584000,11,10,4,640,15,1
1699584060,11,10,4,641,15,1
1699584120,11,10,4,642,15,1
1699584180,11,10,4,643,15,1
1699584240,11,10,4,644,15,1
1699584300,11,10,4,645,15,1
1699584360,11,10,4,646,15,1
1699584420,11,10,4,647,15,1
1699584480,11,10,4,648,15,1
1699584540,11,10,4,649,15,2
1699584600,11,10,4,650,15,2
1699584660,11,10,4,651,15,2
1699584720,11,10,4,652,15,2
1699584780,11,10,4,653,15,1
1699584840,11,10,4,654,15,1
1699584900,11,10,4,655,15,1
1699584960,11,10,4,656,15,0
1699585020,11,10,4,657,15,0
1699585080,11,10,4,658,15,0
1699585140,11,10,4,659,15,1
1699585260,11,10,4,661,15,1
1699585320,11,10,4,662,15,1
1699585380,11,10,4,663,15,1
1699585440,11,10,4,664,15,1
1699585500,11,10,4,665,15,1
1699585560,11,10,4,666,15,1
1699585620,11,10,4,667,15,1
1699585680,11,10,4,668,15,1
1699585740,11,10,4,669,15,2
1699585800,11,10,4,670,15,2
1699585860,11,10,4,671,15,2
1699585920,11,10,4,672,15,2
1699585980,11,10,4,673,15,2
1699586040,11,10,4,674,15,0
1699586100,11,10,4,675,15,0
1699586160,11,10,4,676,15,0
1699586220,11,10,4,677,15,0
1699586280,11,10,4,678,15,0
1699586340,11,10,4,679,15,0
1699586460,11,10,4,681,15,0
1699586520,11,10,4,682,15,0
1699586580,11,10,4,683,15,1
1699586640,11,10,4,684,15,1
1699586700,11,10,4,685,15,0
1699586760,11,10,4,686,15,0
1699586820,11,10,4,687,15,0
1699586880,11,10,4,688,15,0
1699586940,11,10,4,689,15,0
1699587000,11,10,4,690,15,0
1699587060,11,10,4,691,15,0
1699587120,11,10,4,692,15,2
1699587180,11,10,4,693,15,2
1699587240,11,10,4,694,15,1
1699587300,11,10,4,695,15,0
1699587360,11,10,4,696,15,0
1699587420,11,10,4,697,15,0
1699587480,11,10,4,698,15,0
1699587540,11,10,4,699,15,0
1699587600,11,10,4,700,15,0
1699587660,11,10,4,701,15,0
1699587720,11,10,4,702,15,0
1699587780,11,10,4,703,15,0
1699587840,11,10,4,704,15,0
1699587900,11,10,4,705,15,0
1699587960,11,10,4,706,15,0
1699588020,11,10,4,707,15,0
1699588080,11,10,4,708,15,0
1699588140,11,10,4,709,15,0
1699588200,11,10,4,710,15,0
1699588260,11,10,4,711,15,0
1699588380,11,10,4,713,15,0
1699588440,11,10,4,714,15,0
1699588500,11,10,4,715,15,0
1699588560,11,10,4,716,15,0
1699588620,11,10,4,717,15,0
1699588680,11,10,4,718,15,0
1699588740,11,10,4,719,15,1
1699588860,11,10,4,721,15,0
1699588920,11,10,4,722,15,0
1699588980,11,10,4,723,15,0
1699589040,11,10,4,724,15,0
1699589100,11,10,4,725,15,0
1699589160,11,10,4,726,15,0
1699589220,11,10,4,727,15,0
1699589280,11,10,4,728,15,0
1699589340,11,10,4,729,15,0
1699589400,11,10,4,730,15,0
1699589460,11,10,4,731,15,0
1699589520,11,10,4,732,15,1
1699589580,11,10,4,733,15,1
1699589640,11,10,4,734,15,1
1699589700,11,10,4,735,15,0
1699589760,11,10,4,736,15,0
1699589820,11,10,4,737,15,0
1699589880,11,10,4,738,15,0
1699589940,11,10,4,739,15,1
1699590060,11,10,4,741,15,0
1699590120,11,10,4,742,15,0
1699590180,11,10,4,743,15,1
1699590240,11,10,4,744,15,0
1699590300,11,10,4,745,15,1
1699590360,11,10,4,746,15,1
1699590420,11,10,4,747,15,1
1699590480,11,10,4,748,15,1
1699590540,11,10,4,749,15,1
1699590660,11,10,4,751,15,1
1699590720,11,10,4,752,15,3
1699590780,11,10,4,753,15,4
1699590840,11,10,4,754,15,3
1699590900,11,10,4,755,15,3
1699591020,11,10,4,757,15,3
1699591080,11,10,4,758,15,3
1699591140,11,10,4,759,15,3
1699591200,11,10,4,760,15,2
1699591260,11,10,4,761,15,2
1699591320,11,10,4,762,15,1
1699591380,11,10,4,763,15,1
1699591440,11,10,4,764,15,1
1699591500,11,10,4,765,15,1
1699591560,11,10,4,766,15,1
1699591620,11,10,4,767,15,1
1699591680,11,10,4,768,15,1
1699591740,11,10,4,769,15,1
1699591800,11,10,4,770,15,1
1699591860,11,10,4,771,15,1
1699591920,11,10,4,772,15,2
1699591980,11,10,4,773,15,2
1699592040,11,10,4,774,15,1
1699592100,11,10,4,775,15,1
1699592160,11,10,4,776,15,1
1699592220,11,10,4,777,15,1
1699592280,11,10,4,778,15,1
1699592340,11,10,4,779,15,1
1699592460,11,10,4,781,15,1
1699592520,11,10,4,782,15,1
1699592580,11,10,4,783,15,1
1699592640,11,10,4,784,15,1
1699592700,11,10,4,785,15,1
1699592760,11,10,4,786,15,2
1699592820,11,10,4,787,15,2
1699592880,11,10,4,788,15,3
1699592940,11,10,4,789,15,2
1699593000,11,10,4,790,15,5
1699593060,11,10,4,791,15,5
1699593120,11,10,4,792,15,5
1699593180,11,10,4,793,15,4
1699593240,11,10,4,794,15,4
1699593300,11,10,4,795,15,3
1699593360,11,10,4,796,15,2
1699593420,11,10,4,797,15,2
1699593480,11,10,4,798,15,2
1699593540,11,10,4,799,15,1
1699593660,11,10,4,801,15,1
1699593720,11,10,4,802,15,1
1699593780,11,10,4,803,15,1
1699593840,11,10,4,804,15,1
1699593900,11,10,4,805,15,1
1699593960,11,10,4,806,15,1
1699594020,11,10,4,807,15,2
1699594080,11,10,4,808,15,2
1699594140,11,10,4,809,15,2
1699594260,11,10,4,811,15,1
1699594320,11,10,4,812,15,1
1699594380,11,10,4,813,15,1
1699594440,11,10,4,814,15,1
1699594500,11,10,4,815,15,1
1699594560,11,10,4,816,15,1
1699594620,11,10,4,817,15,1
1699594680,11,10,4,818,15,1
1699594740,11,10,4,819,15,2
1699594800,11,10,4,820,15,2
1699594860,11,10,4,821,15,1
1699594920,11,10,4,822,15,2
1699594980,11,10,4,823,15,2
1699595040,11,10,4,824,15,2
1699595100,11,10,4,825,15,2
1699595160,11,10,4,826,15,2
1699595220,11,10,4,827,15,2
1699595280,11,10,4,828,15,1
1699595340,11,10,4,829,15,2
1699595400,11,10,4,830,15,3
1699595460,11,10,4,831,15,3
1699595520,11,10,4,832,15,3
1699595580,11,10,4,833,15,2
1699595640,11,10,4,834,15,2
1699595700,11,10,4,835,15,2
1699595760,11,10,4,836,15,2
1699595820,11,10,4,837,15,2
1699595880,11,10,4,838,15,3
1699595940,11,10,4,839,15,2
1699596060,11,10,4,841,15,2
1699596120,11,10,4,842,15,2
1699596180,11,10,4,843,15,3
1699596240,11,10,4,844,15,1
1699596300,11,10,4,845,15,1
1699596360,11,10,4,846,15,2
1699596420,11,10,4,847,15,1
1699596480,11,10,4,848,15,1
1699596540,11,10,4,849,15,1
1699596600,11,10,4,850,15,1
1699596660,11,10,4,851,15,1
1699596720,11,10,4,852,15,1
1699596780,11,10,4,853,15,1
1699596840,11,10,4,854,15,1
1699596900,11,10,4,855,15,1
1699596960,11,10,4,856,15,1
1699597020,11,10,4,857,15,1
1699597080,11,10,4,858,15,1
1699597140,11,10,4,859,15,1
1699597260,11,10,4,861,15,1
1699597320,11,10,4,862,15,1
1699597380,11,10,4,863,15,1
1699597440,11,10,4,864,15,1
1699597500,11,10,4,865,15,1
1699597560,11,10,4,866,15,1
1699597620,11,10,4,867,15,1
1699597680,11,10,4,868,15,1
1699597740,11,10,4,869,15,2
1699597860,11,10,4,871,15,3
1699597920,11,10,4,872,15,3
1699597980,11,10,4,873,15,3
1699598040,11,10,4,874,15,1
1699598100,11,10,4,875,15,1
1699598160,11,10,4,876,15,1
1699598220,11,10,4,877,15,1
1699598280,11,10,4,878,15,3
1699598340,11,10,4,879,15,3
1699598400,11,10,4,880,15,3
1699598460,11,10,4,881,15,3
1699598520,11,10,4,882,15,3
1699598580,11,10,4,883,15,3
1699598640,11,10,4,884,15,3
1699598700,11,10,4,885,15,3
1699598760,11,10,4,886,15,4
1699598820,11,10,4,887,15,2
1699598880,11,10,4,888,15,2
1699598940,11,10,4,889,15,1
1699599000,11,10,4,890,15,1
1699599060,11,10,4,891,15,1
1699599120,11,10,4,892,15,1
1699599180,11,10,4,893,15,1
1699599240,11,10,4,894,15,1
1699599300,11,10,4,895,15,1
1699599360,11,10,4,896,15,1
1699599420,11,10,4,897,15,1
1699599480,11,10,4,898,15,2
1699599540,11,10,4,899,15,2
1699599660,11,10,4,901,15,2
1699599720,11,10,4,902,15,2
1699599780,11,10,4,903,15,2
1699599840,11,10,4,904,15,2
1699599900,11,10,4,905,15,1
1699599960,11,10,4,906,15,1
1699600020,11,10,4,907,15,1
1699600080,11,10,4,908,15,1
1699600140,11,10,4,909,15,1
1699600200,11,10,4,910,15,1
1699600260,11,10,4,911,15,1
1699600320,11,10,4,912,15,1
1699600380,11,10,4,913,15,1
1699600440,11,10,4,914,15,1
1699600500,11,10,4,915,15,2
1699600560,11,10,4,916,15,2
1699600620,11,10,4,917,15,3
1699600680,11,10,4,918,15,4
1699600740,11,10,4,919,15,4
1699600860,11,10,4,921,15,3
1699600920,11,10,4,922,15,4
1699600980,11,10,4,923,15,4
1699601040,11,10,4,924,15,4
1699601100,11,10,4,925,15,4
1699601160,11,10,4,926,15,4
1699601220,11,10,4,927,15,5
1699601280,11,10,4,928,15,5
1699601340,11,10,4,929,15,5
1699601460,11,10,4,931,15,4
1699601520,11,10,4,932,15,4
1699601580,11,10,4,933,15,4
1699601640,11,10,4,934,15,6
1699601700,11,10,4,935,15,6
1699601760,11,10,4,936,15,6
1699601820,11,10,4,937,15,6
1699601880,11,10,4,938,15,6
1699601940,11,10,4,939,15,5
1699602000,11,10,4,940,15,5
1699602060,11,10,4,941,15,5
1699602120,11,10,4,942,15,5
1699602180,11,10,4,943,15,5
1699602240,11,10,4,944,15,5
1699602300,11,10,4,945,15,4
1699602360,11,10,4,946,15,4
1699602420,11,10,4,947,15,4
1699602480,11,10,4,948,15,4
1699602540,11,10,4,949,15,4
1699602600,11,10,4,950,15,7
1699602660,11,10,4,951,15,7
1699602720,11,10,4,952,15,7
1699602780,11,10,4,953,15,6
1699602840,11,10,4,954,15,6
1699602900,11,10,4,955,15,6
1699602960,11,10,4,956,15,7
1699603020,11,10,4,957,15,6
1699603080,11,10,4,958,15,6
1699603140,11,10,4,959,15,6
1699603260,11,10,4,961,15,6
1699603380,11,10,4,963,15,6
1699603440,11,10,4,964,15,6
1699603500,11,10,4,965,15,6
1699603560,11,10,4,966,15,5
1699603620,11,10,4,967,15,5
1699603680,11,10,4,968,15,5
1699603740,11,10,4,969,15,5
1699603800,11,10,4,970,15,7
1699603860,11,10,4,971,15,7
1699603920,11,10,4,972,15,6
1699603980,11,10,4,973,15,6
1699604040,11,10,4,974,15,6
1699604100,11,10,4,975,15,6
1699604160,11,10,4,976,15,6
1699604220,11,10,4,977,15,6
1699604280,11,10,4,978,15,8
1699604340,11,10,4,979,15,8
1699604460,11,10,4,981,15,8
1699604520,11,10,4,982,15,8
1699604580,11,10,4,983,15,8
1699604640,11,10,4,984,15,8
1699604700,11,10,4,985,15,7
1699604760,11,10,4,986,15,10
1699604820,11,10,4,987,15,10
1699604880,11,10,4,988,15,10
1699604940,11,10,4,989,15,10
1699605060,11,10,4,991,15,10
1699605120,11,10,4,992,15,10
1699605180,11,10,4,993,15,9
1699605240,11,10,4,994,15,9
1699605300,11,10,4,995,15,8
1699605360,11,10,4,996,15,8
1699605420,11,10,4,997,15,9
1699605480,11,10,4,998,15,9
1699605540,11,10,4,999,15,9
1699605600,11,10,4,1000,15,9
1699605660,11,10,4,1001,15,8
1699605720,11,10,4,1002,15,7
1699605780,11,10,4,1003,15,7
1699605840,11,10,4,1004,15,7
1699605900,11,10,4,1005,15,8
1699605960,11,10,4,1006,15,7
1699606020,11,10,4,1007,15,7
1699606080,11,10,4,1008,15,7
1699606140,11,10,4,1009,15,7
1699606200,11,10,4,1010,15,7
1699606260,11,10,4,1011,15,7
1699606320,11,10,4,1012,15,7
1699606380,11,10,4,1013,15,8
1699606440,11,10,4,1014,15,8
1699606500,11,10,4,1015,15,8
1699606560,11,10,4,1016,15,7
1699606620,11,10,4,1017,15,7
1699606680,11,10,4,1018,15,7
1699606740,11,10,4,1019,15,7
1699606860,11,10,4,1021,15,6
1699606920,11,10,4,1022,15,6
1699606980,11,10,4,1023,15,6
1699607040,11,10,4,1024,15,7
1699607100,11,10,4,1025,15,7
1699607160,11,10,4,1026,15,7
1699607220,11,10,4,1027,15,7
1699607280,11,10,4,1028,15,7
1699607340,11,10,4,1029,15,8
1699607400,11,10,4,1030,15,5
1699607460,11,10,4,1031,15,4
1699607520,11,10,4,1032,15,4
1699607580,11,10,4,1033,15,4
1699607640,11,10,4,1034,15,3
1699607700,11,10,4,1035,15,3
1699607760,11,10,4,1036,15,2
1699607820,11,10,4,1037,15,2
1699607880,11,10,4,1038,15,2
1699607940,11,10,4,1039,15,2
1699608060,11,10,4,1041,15,2
1699608120,11,10,4,1042,15,2
1699608180,11,10,4,1043,15,1
1699608240,11,10,4,1044,15,1
1699608300,11,10,4,1045,15,1
1699608360,11,10,4,1046,15,1
1699608420,11,10,4,1047,15,1
1699608480,11,10,4,1048,15,1
1699608540,11,10,4,1049,15,1
1699608660,11,10,4,1051,15,1
1699608720,11,10,4,1052,15,1
1699608780,11,10,4,1053,15,0
1699608840,11,10,4,1054,15,0
1699608900,11,10,4,1055,15,0
1699608960,11,10,4,1056,15,0
1699609020,11,10,4,1057,15,0
1699609080,11,10,4,1058,15,0
1699609140,11,10,4,1059,15,0
1699609200,11,10,4,1060,15,0
1699609260,11,10,4,1061,15,2
1699609320,11,10,4,1062,15,0
1699609380,11,10,4,1063,15,0
1699609440,11,10,4,1064,15,0
1699609500,11,10,4,1065,15,0
1699609560,11,10,4,1066,15,0
1699609620,11,10,4,1067,15,0
1699609680,11,10,4,1068,15,0
1699609740,11,10,4,1069,15,2
1699609800,11,10,4,1070,15,0
1699609860,11,10,4,1071,15,0
1699609920,11,10,4,1072,15,0
1699609980,11,10,4,1073,15,0
1699610040,11,10,4,1074,15,0
1699610100,11,10,4,1075,15,0
1699610160,11,10,4,1076,15,0
1699610220,11,10,4,1077,15,0
1699610280,11,10,4,1078,15,0
1699610340,11,10,4,1079,15,0
1699610460,11,10,4,1081,15,0
1699610580,11,10,4,1083,15,0
1699610640,11,10,4,1084,15,0
1699610700,11,10,4,1085,15,1
1699610760,11,10,4,1086,15,0
1699610820,11,10,4,1087,15,0
1699610880,11,10,4,1088,15,0
1699610940,11,10,4,1089,15,0
1699611000,11,10,4,1090,15,0
1699611060,11,10,4,1091,15,0
1699611120,11,10,4,1092,15,0
1699611180,11,10,4,1093,15,0
1699611240,11,10,4,1094,15,0
1699611300,11,10,4,1095,15,0
1699611360,11,10,4,1096,15,0
1699611420,11,10,4,1097,15,1
1699611480,11,10,4,1098,15,0
1699611540,11,10,4,1099,15,0
1699611660,11,10,4,1101,15,1
1699611720,11,10,4,1102,15,0
1699611780,11,10,4,1103,15,0
1699611840,11,10,4,1104,15,0
1699611900,11,10,4,1105,15,0
1699611960,11,10,4,1106,15,1
1699612020,11,10,4,1107,15,0
1699612080,11,10,4,1108,15,0
1699612140,11,10,4,1109,15,0
1699612260,11,10,4,1111,15,0
1699612320,11,10,4,1112,15,0
1699612380,11,10,4,1113,15,1
1699612440,11,10,4,1114,15,0
1699612500,11,10,4,1115,15,0
1699612560,11,10,4,1116,15,0
1699612620,11,10,4,1117,15,0
1699612680,11,10,4,1118,15,0
1699612740,11,10,4,1119,15,0
1699612800,11,10,4,1120,15,0
1699612860,11,10,4,1121,15,1
1699612920,11,10,4,1122,15,0
1699612980,11,10,4,1123,15,0
1699613040,11,10,4,1124,15,0
1699613100,11,10,4,1125,15,0
1699613160,11,10,4,1126,15,0
1699613220,11,10,4,1127,15,0
1699613280,11,10,4,1128,15,0
1699613340,11,10,4,1129,15,0
1699613400,11,10,4,1130,15,0
1699613460,11,10,4,1131,15,0
1699613520,11,10,4,1132,15,0
1699613580,11,10,4,1133,15,0
1699613640,11,10,4,1134,15,0
1699613700,11,10,4,1135,15,0
1699613760,11,10,4,1136,15,0
1699613820,11,10,4,1137,15,0
1699613880,11,10,4,1138,15,0
1699613940,11,10,4,1139,15,0
1699614060,11,10,4,1141,15,0
1699614120,11,10,4,1142,15,0
1699614180,11,10,4,1143,15,0
1699614240,11,10,4,1144,15,0
1699614300,11,10,4,1145,15,0
1699614360,11,10,4,1146,15,0
1699614420,11,10,4,1147,15,0
1699614480,11,10,4,1148,15,0
1699614540,11,10,4,1149,15,0
1699614600,11,10,4,1150,15,0
1699614660,11,10,4,1151,15,0
1699614720,11,10,4,1152,15,0
1699614780,11,10,4,1153,15,0
1699614840,11,10,4,1154,15,0
1699614900,11,10,4,1155,15,0
1699614960,11,10,4,1156,15,0
1699615020,11,10,4,1157,15,1
1699615080,11,10,4,1158,15,1
1699615140,11,10,4,1159,15,0
1699615260,11,10,4,1161,15,1
1699615320,11,10,4,1162,15,1
1699615380,11,10,4,1163,15,1
1699615440,11,10,4,1164,15,0
1699615500,11,10,4,1165,15,2
1699615560,11,10,4,1166,15,0
1699615620,11,10,4,1167,15,0
1699615680,11,10,4,1168,15,0
1699615740,11,10,4,1169,15,1
1699615800,11,10,4,1170,15,1
1699615920,11,10,4,1172,15,1
1699615980,11,10,4,1173,15,1
1699616040,11,10,4,1174,15,0
1699616100,11,10,4,1175,15,0
1699616160,11,10,4,1176,15,0
1699616220,11,10,4,1177,15,0
1699616280,11,10,4,1178,15,0
1699616340,11,10,4,1179,15,0
1699616400,11,10,4,1180,15,0
1699616460,11,10,4,1181,15,0
1699616520,11,10,4,1182,15,1
1699616580,11,10,4,1183,15,0
1699616640,11,10,4,1184,15,0
1699616700,11,10,4,1185,15,0
1699616760,11,10,4,1186,15,0
1699616820,11,10,4,1187,15,0
1699616880,11,10,4,1188,15,0
1699616940,11,10,4,1189,15,0
1699617000,11,10,4,1190,15,1
1699617060,11,10,4,1191,15,1
1699617120,11,10,4,1192,15,1
1699617180,11,10,4,1193,15,1
1699617240,11,10,4,1194,15,2
1699617300,11,10,4,1195,15,2
1699617360,11,10,4,1196,15,2
1699617420,11,10,4,1197,15,2
1699617480,11,10,4,1198,15,2
1699617540,11,10,4,1199,15,1
1699617660,11,10,4,1201,15,1
1699617720,11,10,4,1202,15,1
1699617780,11,10,4,1203,15,1
1699617840,11,10,4,1204,15,1
1699617900,11,10,4,1205,15,1
1699617960,11,10,4,1206,15,3
1699618020,11,10,4,1207,15,3
1699618080,11,10,4,1208,15,3
1699618140,11,10,4,1209,15,3
1699618200,11,10,4,1210,15,2
1699618260,11,10,4,1211,15,0
1699618320,11,10,4,1212,15,0
1699618380,11,10,4,1213,15,0
1699618440,11,10,4,1214,15,0
1699618500,11,10,4,1215,15,0
1699618560,11,10,4,1216,15,0
1699618620,11,10,4,1217,15,0
1699618680,11,10,4,1218,15,0
1699618740,11,10,4,1219,15,0
1699618860,11,10,4,1221,15,0
1699618920,11,10,4,1222,15,0
1699618980,11,10,4,1223,15,0
1699619040,11,10,4,1224,15,0
1699619100,11,10,4,1225,15,0
1699619160,11,10,4,1226,15,1
1699619220,11,10,4,1227,15,1
1699619280,11,10,4,1228,15,1
1699619340,11,10,4,1229,15,1
1699619460,11,10,4,1231,15,0
1699619520,11,10,4,1232,15,0
1699619580,11,10,4,1233,15,0
1699619640,11,10,4,1234,15,0
1699619700,11,10,4,1235,15,0
1699619760,11,10,4,1236,15,0
1699619820,11,10,4,1237,15,0
1699619880,11,10,4,1238,15,1
1699619940,11,10,4,1239,15,1
1699620000,11,10,4,1240,15,1
1699620060,11,10,4,1241,15,0
1699620120,11,10,4,1242,15,0
1699620180,11,10,4,1243,15,0
1699620240,11,10,4,1244,15,0
1699620300,11,10,4,1245,15,0
1699620360,11,10,4,1246,15,0
1699620420,11,10,4,1247,15,0
1699620480,11,10,4,1248,15,0
1699620540,11,10,4,1249,15,0
1699620600,11,10,4,1250,15,0
1699620660,11,10,4,1251,15,0
1699620720,11,10,4,1252,15,0
1699620780,11,10,4,1253,15,0
1699620840,11,10,4,1254,15,0
1699620900,11,10,4,1255,15,0
1699620960,11,10,4,1256,15,0
1699621020,11,10,4,1257,15,0
1699621080,11,10,4,1258,15,0
1699621140,11,10,4,1259,15,0
1699621260,11,10,4,1261,15,0
1699621320,11,10,4,1262,15,0
1699621380,11,10,4,1263,15,0
1699621440,11,10,4,1264,15,0
1699621500,11,10,4,1265,15,0
1699621560,11,10,4,1266,15,1
1699621620,11,10,4,1267,15,1
1699621680,11,10,4,1268,15,0
1699621740,11,10,4,1269,15,0
1699621800,11,10,4,1270,15,0
1699621860,11,10,4,1271,15,0
1699621920,11,10,4,1272,15,0
1699621980,11,10,4,1273,15,0
1699622040,11,10,4,1274,15,0
1699622100,11,10,4,1275,15,0
1699622160,11,10,4,1276,15,0
1699622220,11,10,4,1277,15,0
1699622280,11,10,4,1278,15,1
1699622340,11,10,4,1279,15,1
1699622460,11,10,4,1281,15,1
1699622520,11,10,4,1282,15,1
1699622580,11,10,4,1283,15,1
1699622640,11,10,4,1284,15,1
1699622700,11,10,4,1285,15,1
1699622760,11,10,4,1286,15,2
1699622820,11,10,4,1287,15,2
1699622880,11,10,4,1288,15,2
1699622940,11,10,4,1289,15,2
1699623000,11,10,4,1290,15,2
1699623060,11,10,4,1291,15,1
1699623120,11,10,4,1292,15,1
1699623180,11,10,4,1293,15,1
1699623240,11,10,4,1294,15,0
1699623300,11,10,4,1295,15,0
1699623360,11,10,4,1296,15,0
1699623420,11,10,4,1297,15,0
1699623480,11,10,4,1298,15,0
1699623540,11,10,4,1299,15,0
1699623600,11,10,4,1300,15,0
1699623660,11,10,4,1301,15,0
1699623720,11,10,4,1302,15,0
1699623780,11,10,4,1303,15,0
1699623840,11,10,4,1304,15,0
1699623900,11,10,4,1305,15,0
1699623960,11,10,4,1306,15,1
1699624020,11,10,4,1307,15,1
1699624080,11,10,4,1308,15,1
1699624140,11,10,4,1309,15,1
1699624200,11,10,4,1310,15,2
1699624260,11,10,4,1311,15,2
1699624320,11,10,4,1312,15,2
1699624380,11,10,4,1313,15,2
1699624440,11,10,4,1314,15,2
1699624500,11,10,4,1315,15,2
1699624560,11,10,4,1316,15,2
1699624620,11,10,4,1317,15,2
1699624680,11,10,4,1318,15,2
1699624740,11,10,4,1319,15,2
1699624860,11,10,4,1321,15,3
1699624920,11,10,4,1322,15,3
1699624980,11,10,4,1323,15,3
1699625040,11,10,4,1324,15,3
1699625100,11,10,4,1325,15,3
1699625160,11,10,4,1326,15,3
1699625220,11,10,4,1327,15,3
1699625280,11,10,4,1328,15,3
1699625340,11,10,4,1329,15,3
1699625400,11,10,4,1330,15,4
1699625460,11,10,4,1331,15,4
1699625520,11,10,4,1332,15,4
1699625580,11,10,4,1333,15,3
1699625640,11,10,4,1334,15,4
1699625700,11,10,4,1335,15,4
1699625760,11,10,4,1336,15,4
1699625820,11,10,4,1337,15,5
1699625880,11,10,4,1338,15,6
1699625940,11,10,4,1339,15,6
1699626060,11,10,4,1341,15,6
1699626120,11,10,4,1342,15,7
1699626180,11,10,4,1343,15,7
1699626240,11,10,4,1344,15,7
1699626300,11,10,4,1345,15,7
1699626360,11,10,4,1346,15,6
1699626420,11,10,4,1347,15,6
1699626480,11,10,4,1348,15,6
1699626540,11,10,4,1349,15,6
1699626600,11,10,4,1350,15,6
1699626660,11,10,4,1351,15,6
1699626720,11,10,4,1352,15,6
1699626780,11,10,4,1353,15,6
1699626840,11,10,4,1354,15,6
1699626900,11,10,4,1355,15,7
1699626960,11,10,4,1356,15,7
1699627020,11,10,4,1357,15,7
1699627080,11,10,4,1358,15,7
1699627140,11,10,4,1359,15,7
1699627200,11,10,4,1360,15,7
1699627260,11,10,4,1361,15,7
1699627320,11,10,4,1362,15,8
1699627380,11,10,4,1363,15,8
1699627440,11,10,4,1364,15,8
1699627500,11,10,4,1365,15,8
1699627560,11,10,4,1366,15,8
1699627620,11,10,4,1367,15,8
1699627680,11,10,4,1368,15,8
1699627740,11,10,4,1369,15,8
1699627800,11,10,4,1370,15,10
1699627860,11,10,4,1371,15,10
1699627920,11,10,4,1372,15,10
1699627980,11,10,4,1373,15,9
1699628040,11,10,4,1374,15,9
1699628100,11,10,4,1375,15,10
1699628160,11,10,4,1376,15,10
1699628220,11,10,4,1377,15,10
1699628280,11,10,4,1378,15,10
1699628340,11,10,4,1379,15,10
1699628460,11,10,4,1381,15,10
1699628520,11,10,4,1382,15,10
1699628580,11,10,4,1383,15,11
1699628640,11,10,4,1384,15,11
1699628700,11,10,4,1385,15,11
1699628760,11,10,4,1386,15,11
1699628820,11,10,4,1387,15,11
1699628880,11,10,4,1388,15,11
1699628940,11,10,4,1389,15,11
1699629000,11,10,4,1390,15,11
1699629060,11,10,4,1391,15,12
1699629120,11,10,4,1392,15,12
1699629180,11,10,4,1393,15,13
1699629240,11,10,4,1394,15,13
1699629300,11,10,4,1395,15,13
1699629360,11,10,4,1396,15,13
1699629420,11,10,4,1397,15,13
1699629480,11,10,4,1398,15,13
1699629540,11,10,4,1399,15,13
1699629660,11,10,4,1401,15,14
1699629720,11,10,4,1402,15,14
1699629780,11,10,4,1403,15,14
1699629840,11,10,4,1404,15,14
1699629900,11,10,4,1405,15,13
1699629960,11,10,4,1406,15,15
1699630020,11,10,4,1407,15,15
1699630080,11,10,4,1408,15,15
1699630140,11,10,4,1409,15,15
1699630200,11,10,4,1410,15,15
1699630260,11,10,4,1411,15,15
1699630320,11,10,4,1412,15,15
1699630380,11,10,4,1413,15,15
1699630440,11,10,4,1414,15,15
1699630500,11,10,4,1415,15,15
1699630560,11,10,4,1416,15,15
1699630620,11,10,4,1417,15,15
1699630680,11,10,4,1418,15,15
1699630740,11,10,4,1419,15,15
1699630800,11,10,4,1420,15,15
1699630860,11,10,4,1421,15,15
1699630920,11,10,4,1422,15,15
1699630980,11,10,4,1423,15,15
1699631040,11,10,4,1424,15,15
1699631100,11,10,4,1425,15,15
1699631160,11,10,4,1426,15,15
1699631220,11,10,4,1427,15,15
1699631280,11,10,4,1428,15,15
1699631340,11,10,4,1429,15,15
1699631400,11,10,4,1430,15,15
1699631460,11,10,4,1431,15,15
1699631520,11,10,4,1432,15,15
1699631580,11,10,4,1433,15,15
1699631640,11,10,4,1434,15,14
1699631700,11,10,4,1435,15,14
1699631760,11,10,4,1436,15,15
1699631820,11,10,4,1437,15,15
1699631880,11,10,4,1438,15,15
1699631940,11,10,4,1439,15,14
1699632060,11,11,5,1,15,14
1699632120,11,11,5,2,15,14
1699632180,11,11,5,3,15,14
1699632240,11,11,5,4,15,14
1699632300,11,11,5,5,15,15
1699632360,11,11,5,6,15,15
1699632420,11,11,5,7,15,15
1699632480,11,11,5,8,15,15
1699632540,11,11,5,9,15,15
1699632600,11,11,5,10,15,14
1699632660,11,11,5,11,15,14
1699632720,11,11,5,12,15,14
1699632780,11,11,5,13,15,14
1699632840,11,11,5,14,15,14
1699632900,11,11,5,15,15,14
1699632960,11,11,5,16,15,14
1699633020,11,11,5,17,15,14
1699633080,11,11,5,18,15,14
1699633140,11,11,5,19,15,14
1699633260,11,11,5,21,15,14
1699633320,11,11,5,22,15,14
1699633380,11,11,5,23,15,15
1699633440,11,11,5,24,15,15
1699633500,11,11,5,25,15,15
1699633560,11,11,5,26,15,15
1699633620,11,11,5,27,15,15
1699633680,11,11,5,28,15,15
1699633740,11,11,5,29,15,15
1699633800,11,11,5,30,15,15
1699633860,11,11,5,31,15,15
1699633920,11,11,5,32,15,15
1699633980,11,11,5,33,15,15
1699634040,11,11,5,34,15,15
1699634100,11,11,5,35,15,15
1699634160,11,11,5,36,15,15
1699634220,11,11,5,37,15,15
1699634280,11,11,5,38,15,15
1699634340,11,11,5,39,15,15
1699634400,11,11,5,40,15,15
1699634460,11,11,5,41,15,15
1699634520,11,11,5,42,15,14
1699634580,11,11,5,43,15,14
1699634640,11,11,5,44,15,14
1699634700,11,11,5,45,15,14
1699634820,11,11,5,47,15,14
1699634880,11,11,5,48,15,14
1699634940,11,11,5,49,15,14
1699635000,11,11,5,50,15,14
1699635060,11,11,5,51,15,14
1699635120,11,11,5,52,15,14
1699635180,11,11,5,53,15,14
1699635240,11,11,5,54,15,14
1699635300,11,11,5,55,15,14
1699635360,11,11,5,56,15,14
1699635420,11,11,5,57,15,14
1699635480,11,11,5,58,15,14
1699635540,11,11,5,59,15,14
1699635660,11,11,5,61,15,14
1699635720,11,11,5,62,15,14
1699635780,11,11,5,63,15,14
1699635840,11,11,5,64,15,14
1699635900,11,11,5,65,15,14
1699635960,11,11,5,66,15,14
1699636020,11,11,5,67,15,15
1699636080,11,11,5,68,15,15
1699636140,11,11,5,69,15,15
1699636200,11,11,5,70,15,15
1699636260,11,11,5,71,15,15
1699636320,11,11,5,72,15,15
1699636380,11,11,5,73,15,15
1699636440,11,11,5,74,15,15
1699636500,11,11,5,75,15,15
1699636560,11,11,5,76,15,15
1699636620,11,11,5,77,15,15
1699636680,11,11,5,78,15,15
1699636740,11,11,5,79,15,15
1699636860,11,11,5,81,15,15
1699636920,11,11,5,82,15,15
1699636980,11,11,5,83,15,15
1699637040,11,11,5,84,15,15
1699637100,11,11,5,85,15,15
1699637160,11,11,5,86,15,15
1699637220,11,11,5,87,15,14
1699637280,11,11,5,88,15,14
1699637340,11,11,5,89,15,14
1699637400,11,11,5,90,15,14
1699637460,11,11,5,91,15,14
1699637520,11,11,5,92,15,14
1699637580,11,11,5,93,15,14
1699637640,11,11,5,94,15,14
1699637700,11,11,5,95,15,14
1699637760,11,11,5,96,15,14
1699637820,11,11,5,97,15,14
1699637880,11,11,5,98,15,14
1699637940,11,11,5,99,15,14
1699638000,11,11,5,100,15,14
1699638060,11,11,5,101,15,14
1699638120,11,11,5,102,15,14
1699638180,11,11,5,103,15,14
1699638240,11,11,5,104,15,14
1699638300,11,11,5,105,15,14
1699638360,11,11,5,106,15,14
1699638420,11,11,5,107,15,14
1699638480,11,11,5,108,15,14
1699638540,11,11,5,109,15,14
1699638600,11,11,5,110,15,14
1699638660,11,11,5,111,15,13
1699638720,11,11,5,112,15,13
1699638780,11,11,5,113,15,13
1699638840,11,11,5,114,15,13
1699638900,11,11,5,115,15,13
1699638960,11,11,5,116,15,13
1699639020,11,11,5,117,15,13
1699639080,11,11,5,118,15,13
1699639140,11,11,5,119,15,13
1699639260,11,11,5,121,15,13
1699639320,11,11,5,122,15,13
1699639380,11,11,5,123,15,13
1699639440,11,11,5,124,15,13
1699639500,11,11,5,125,15,13
1699639560,11,11,5,126,15,13
1699639620,11,11,5,127,15,13
1699639680,11,11,5,128,15,13
1699639740,11,11,5,129,15,13
1699639800,11,11,5,130,15,13
1699639860,11,11,5,131,15,13
1699639920,11,11,5,132,15,13
1699639980,11,11,5,133,15,13
1699640040,11,11,5,134,15,13
1699640100,11,11,5,135,15,13
1699640160,11,11,5,136,15,13
1699640220,11,11,5,137,15,13
1699640280,11,11,5,138,15,13
1699640340,11,11,5,139,15,13
1699640460,11,11,5,141,15,13
1699640520,11,11,5,142,15,13
1699640580,11,11,5,143,15,13
1699640640,11,11,5,144,15,13
1699640700,11,11,5,145,15,13
1699640760,11,11,5,146,15,13
1699640820,11,11,5,147,15,13
1699640880,11,11,5,148,15,13
1699640940,11,11,5,149,15,13
1699641000,11,11,5,150,15,13
1699641060,11,11,5,151,15,13
1699641120,11,11,5,152,15,13
1699641180,11,11,5,153,15,13
1699641240,11,11,5,154,15,13
1699641300,11,11,5,155,15,13
1699641360,11,11,5,156,15,13
1699641420,11,11,5,157,15,13
1699641480,11,11,5,158,15,13
1699641540,11,11,5,159,15,13
1699641600,11,11,5,160,15,13
1699641660,11,11,5,161,15,13
1699641720,11,11,5,162,15,13
1699641780,11,11,5,163,15,12
1699641840,11,11,5,164,15,12
1699641900,11,11,5,165,15,12
1699641960,11,11,5,166,15,12
1699642020,11,11,5,167,15,12
1699642080,11,11,5,168,15,12
1699642140,11,11,5,169,15,12
1699642200,11,11,5,170,15,12
1699642260,11,11,5,171,15,12
1699642320,11,11,5,172,15,12
1699642380,11,11,5,173,15,12
1699642440,11,11,5,174,15,13
1699642500,11,11,5,175,15,13
1699642560,11,11,5,176,15,13
1699642620,11,11,5,177,15,13
1699642680,11,11,5,178,15,13
1699642740,11,11,5,179,15,13
1699642800,11,11,5,180,15,13
1699642860,11,11,5,181,15,13
1699642920,11,11,5,182,15,13
1699642980,11,11,5,183,15,13
1699643040,11,11,5,184,15,13
1699643100,11,11,5,185,15,13
1699643160,11,11,5,186,15,13
1699643220,11,11,5,187,15,13
1699643280,11,11,5,188,15,13
1699643340,11,11,5,189,15,13
1699643400,11,11,5,190,15,13
1699643460,11,11,5,191,15,13
1699643520,11,11,5,192,15,13
1699643580,11,11,5,193,15,12
1699643640,11,11,5,194,15,12
1699643700,11,11,5,195,15,12
1699643760,11,11,5,196,15,12
1699643820,11,11,5,197,15,12
1699643880,11,11,5,198,15,12
1699643940,11,11,5,199,15,12
1699644060,11,11,5,201,15,12
1699644120,11,11,5,202,15,12
1699644180,11,11,5,203,15,12
1699644240,11,11,5,204,15,12
1699644300,11,11,5,205,15,12
1699644360,11,11,5,206,15,12
1699644420,11,11,5,207,15,12
1699644480,11,11,5,208,15,12
1699644540,11,11,5,209,15,12
1699644600,11,11,5,210,15,12
1699644660,11,11,5,211,15,12
1699644720,11,11,5,212,15,12
1699644780,11,11,5,213,15,12
1699644840,11,11,5,214,15,12
1699644900,11,11,5,215,15,12
1699644960,11,11,5,216,15,12
1699645020,11,11,5,217,15,12
1699645080,11,11,5,218,15,12
1699645140,11,11,5,219,15,12
1699645200,11,11,5,220,15,12
1699645260,11,11,5,221,15,12
1699645320,11,11,5,222,15,12
1699645380,11,11,5,223,15,12
1699645440,11,11,5,224,15,12
1699645500,11,11,5,225,15,12
1699645560,11,11,5,226,15,12
1699645620,11,11,5,227,15,12
1699645680,11,11,5,228,15,12
1699645740,11,11,5,229,15,12
1699645800,11,11,5,230,15,12
1699645860,11,11,5,231,15,12
1699645920,11,11,5,232,15,12
1699645980,11,11,5,233,15,12
1699646040,11,11,5,234,15,12
1699646100,11,11,5,235,15,12
1699646160,11,11,5,236,15,12
1699646220,11,11,5,237,15,12
1699646280,11,11,5,238,15,12
1699646340,11,11,5,239,15,12
1699646460,11,11,5,241,15,12
1699646520,11,11,5,242,15,12
1699646580,11,11,5,243,15,12
1699646640,11,11,5,244,15,12
1699646700,11,11,5,245,15,12
1699646760,11,11,5,246,15,12
1699646820,11,11,5,247,15,12
1699646880,11,11,5,248,15,12
1699646940,11,11,5,249,15,12
1699647000,11,11,5,250,15,10
1699647060,11,11,5,251,15,10
1699647120,11,11,5,252,15,10
1699647180,11,11,5,253,15,10
1699647240,11,11,5,254,15,10
1699647300,11,11,5,255,15,10
1699647360,11,11,5,256,15,10
1699647420,11,11,5,257,15,10
1699647480,11,11,5,258,15,11
1699647540,11,11,5,259,15,11
1699647660,11,11,5,261,15,11
1699647720,11,11,5,262,15,11
1699647780,11,11,5,263,15,11
1699647840,11,11,5,264,15,11
1699647900,11,11,5,265,15,11
1699647960,11,11,5,266,15,11
1699648020,11,11,5,267,15,12
1699648080,11,11,5,268,15,14
1699648140,11,11,5,269,15,14
1699648200,11,11,5,270,15,14
1699648260,11,11,5,271,15,14
1699648320,11,11,5,272,15,14
1699648380,11,11,5,273,15,14
1699648440,11,11,5,274,15,14
1699648500,11,11,5,275,15,14
1699648560,11,11,5,276,15,14
1699648620,11,11,5,277,15,14
1699648680,11,11,5,278,15,14
1699648740,11,11,5,279,15,14
1699648800,11,11,5,280,15,14
1699648860,11,11,5,281,15,14
1699648920,11,11,5,282,15,14
1699648980,11,11,5,283,15,14
1699649040,11,11,5,284,15,14
1699649100,11,11,5,285,15,14
1699649160,11,11,5,286,15,14
1699649220,11,11,5,287,15,14
1699649280,11,11,5,288,15,14
1699649340,11,11,5,289,15,14
1699649400,11,11,5,290,15,14
1699649460,11,11,5,291,15,14
1699649520,11,11,5,292,15,14
1699649580,11,11,5,293,15,14
1699649640,11,11,5,294,15,14
1699649700,11,11,5,295,15,14
1699649760,11,11,5,296,15,14
1699649820,11,11,5,297,15,14
1699649880,11,11,5,298,15,14
1699649940,11,11,5,299,15,14
1699650060,11,11,5,301,15,14
1699650120,11,11,5,302,15,14
1699650180,11,11,5,303,15,14
1699650240,11,11,5,304,15,14
1699650300,11,11,5,305,15,14
1699650360,11,11,5,306,15,14
1699650420,11,11,5,307,15,14
1699650480,11,11,5,308,15,14
1699650540,11,11,5,309,15,14
1699650600,11,11,5,310,15,14
1699650660,11,11,5,311,15,14
1699650720,11,11,5,312,15,14
1699650780,11,11,5,313,15,14
1699650840,11,11,5,314,15,14
1699650900,11,11,5,315,15,14
1699650960,11,11,5,316,15,14
1699651020,11,11,5,317,15,14
1699651080,11,11,5,318,15,14
1699651140,11,11,5,319,15,14
1699651260,11,11,5,321,15,14
1699651320,11,11,5,322,15,14
1699651380,11,11,5,323,15,14
1699651440,11,11,5,324,15,14
1699651500,11,11,5,325,15,14
1699651560,11,11,5,326,15,14
1699651620,11,11,5,327,15,14
1699651680,11,11,5,328,15,14
1699651740,11,11,5,329,15,14
1699651800,11,11,5,330,15,14
1699651860,11,11,5,331,15,14
1699651920,11,11,5,332,15,14
1699651980,11,11,5,333,15,14
1699652040,11,11,5,334,15,14
1699652100,11,11,5,335,15,14
1699652160,11,11,5,336,15,14
1699652220,11,11,5,337,15,14
1699652280,11,11,5,338,15,14
1699652340,11,11,5,339,15,14
1699652400,11,11,5,340,15,14
1699652460,11,11,5,341,15,14
1699652520,11,11,5,342,15,14
1699652580,11,11,5,343,15,14
1699652640,11,11,5,344,15,14
1699652700,11,11,5,345,15,14
1699652760,11,11,5,346,15,14
1699652820,11,11,5,347,15,14
1699652880,11,11,5,348,15,14
1699652940,11,11,5,349,15,14
1699653000,11,11,5,350,15,14
1699653060,11,11,5,351,15,14
1699653120,11,11,5,352,15,14
1699653180,11,11,5,353,15,14
1699653240,11,11,5,354,15,14
1699653300,11,11,5,355,15,14
1699653360,11,11,5,356,15,14
1699653420,11,11,5,357,15,14
1699653480,11,11,5,358,15,14
1699653540,11,11,5,359,15,14
1699653600,11,11,5,360,15,14
1699653660,11,11,5,361,15,14
1699653720,11,11,5,362,15,14
1699653780,11,11,5,363,15,14
1699653840,11,11,5,364,15,14
1699653900,11,11,5,365,15,14
1699653960,11,11,5,366,15,14
1699654020,11,11,5,367,15,14
1699654080,11,11,5,368,15,14
1699654140,11,11,5,369,15,14
1699654200,11,11,5,370,15,14
1699654260,11,11,5,371,15,14
1699654320,11,11,5,372,15,14
1699654380,11,11,5,373,15,14
1699654440,11,11,5,374,15,13
1699654500,11,11,5,375,15,11
1699654560,11,11,5,376,15,11
1699654620,11,11,5,377,15,11
1699654680,11,11,5,378,15,11
1699654740,11,11,5,379,15,11
1699654860,11,11,5,381,15,11
1699654920,11,11,5,382,15,11
1699654980,11,11,5,383,15,11
1699655040,11,11,5,384,15,11
1699655100,11,11,5,385,15,11
1699655160,11,11,5,386,15,11
1699655220,11,11,5,387,15,12
1699655280,11,11,5,388,15,12
1699655340,11,11,5,389,15,12
1699655400,11,11,5,390,15,12
1699655460,11,11,5,391,15,12
1699655520,11,11,5,392,15,12
1699655580,11,11,5,393,15,12
1699655640,11,11,5,394,15,12
1699655700,11,11,5,395,15,12
1699655760,11,11,5,396,15,12
1699655820,11,11,5,397,15,12
1699655880,11,11,5,398,15,12
1699655940,11,11,5,399,15,12
1699656000,11,11,5,400,15,12
1699656060,11,11,5,401,15,12
1699656120,11,11,5,402,15,12
1699656180,11,11,5,403,15,12
1699656240,11,11,5,404,15,12
1699656300,11,11,5,405,15,12
1699656360,11,11,5,406,15,12
1699656420,11,11,5,407,15,12
1699656480,11,11,5,408,15,12
1699656540,11,11,5,409,15,12
1699656600,11,11,5,410,15,12
1699656660,11,11,5,411,15,12
1699656720,11,11,5,412,15,12
1699656780,11,11,5,413,15,12
1699656840,11,11,5,414,15,12
1699656900,11,11,5,415,15,12
1699656960,11,11,5,416,15,12
1699657020,11,11,5,417,15,12
1699657080,11,11,5,418,15,12
1699657140,11,11,5,419,15,11
1699657260,11,11,5,421,15,11
1699657320,11,11,5,422,15,11
1699657380,11,11,5,423,15,11
1699657440,11,11,5,424,15,9
1699657500,11,11,5,425,15,9
1699657560,11,11,5,426,15,9
1699657620,11,11,5,427,15,9
1699657680,11,11,5,428,15,10
1699657740,11,11,5,429,15,10
1699657800,11,11,5,430,15,10
1699657860,11,11,5,431,15,10
1699657920,11,11,5,432,15,9
1699657980,11,11,5,433,15,9
1699658040,11,11,5,434,15,9
1699658100,11,11,5,435,15,9
1699658160,11,11,5,436,15,10
1699658220,11,11,5,437,15,10
1699658280,11,11,5,438,15,10
1699658340,11,11,5,439,15,10
1699658460,11,11,5,441,15,10
1699658520,11,11,5,442,15,10
1699658580,11,11,5,443,15,10
1699658640,11,11,5,444,15,10
1699658700,11,11,5,445,15,10
1699658760,11,11,5,446,15,10
1699658820,11,11,5,447,15,10
1699658880,11,11,5,448,15,10
1699658940,11,11,5,449,15,10
1699659060,11,11,5,451,15,10
1699659120,11,11,5,452,15,10
1699659180,11,11,5,453,15,10
1699659240,11,11,5,454,15,10
1699659300,11,11,5,455,15,10
1699659360,11,11,5,456,15,10
1699659420,11,11,5,457,15,10
1699659480,11,11,5,458,15,9
1699659540,11,11,5,459,15,9
1699659600,11,11,5,460,15,9
1699659660,11,11,5,461,15,9
1699659720,11,11,5,462,15,9
1699659780,11,11,5,463,15,9
1699659840,11,11,5,464,15,9
1699659900,11,11,5,465,15,9
1699659960,11,11,5,466,15,9
1699660020,11,11,5,467,15,9
1699660080,11,11,5,468,15,9
1699660140,11,11,5,469,15,9
1699660200,11,11,5,470,15,9
1699660260,11,11,5,471,15,9
1699660320,11,11,5,472,15,9
1699660380,11,11,5,473,15,9
1699660440,11,11,5,474,15,9
1699660500,11,11,5,475,15,9
1699660560,11,11,5,476,15,9
1699660620,11,11,5,477,15,9
1699660680,11,11,5,478,15,9
1699660740,11,11,5,479,15,9
1699660860,11,11,5,481,15,9
1699660920,11,11,5,482,15,8
1699660980,11,11,5,483,15,8
1699661040,11,11,5,484,15,8
1699661100,11,11,5,485,15,8
1699661160,11,11,5,486,15,8
1699661220,11,11,5,487,15,8
1699661280,11,11,5,488,15,8
1699661340,11,11,5,489,15,8
1699661400,11,11,5,490,15,8
1699661460,11,11,5,491,15,8
1699661520,11,11,5,492,15,8
1699661580,11,11,5,493,15,8
1699661640,11,11,5,494,15,8
1699661700,11,11,5,495,15,8
1699661760,11,11,5,496,15,7
1699661820,11,11,5,497,15,7
1699661880,11,11,5,498,15,7
1699661940,11,11,5,499,15,7
1699662060,11,11,5,501,15,7
1699662120,11,11,5,502,15,7
1699662180,11,11,5,503,15,7
1699662240,11,11,5,504,15,7
1699662300,11,11,5,505,15,7
1699662360,11,11,5,506,15,7
1699662420,11,11,5,507,15,7
1699662480,11,11,5,508,15,7
1699662540,11,11,5,509,15,7
1699662660,11,11,5,511,15,7
1699662720,11,11,5,512,15,7
1699662780,11,11,5,513,15,7
1699662840,11,11,5,514,15,7
1699662900,11,11,5,515,15,7
1699662960,11,11,5,516,15,7
1699663020,11,11,5,517,15,7
1699663080,11,11,5,518,15,7
1699663140,11,11,5,519,15,7
1699663200,11,11,5,520,15,7
1699663260,11,11,5,521,15,7
1699663320,11,11,5,522,15,7
1699663380,11,11,5,523,15,7
1699663440,11,11,5,524,15,6
1699663500,11,11,5,525,15,5
1699663560,11,11,5,526,15,5
1699663620,11,11,5,527,15,5
1699663740,11,11,5,529,15,5
1699663800,11,11,5,530,15,5
1699663920,11,11,5,532,15,5
1699663980,11,11,5,533,15,4
1699664040,11,11,5,534,15,4
1699664100,11,11,5,535,15,4
1699664160,11,11,5,536,15,4
1699664220,11,11,5,537,15,1
1699664280,11,11,5,538,15,1
1699664340,11,11,5,539,15,1
1699664520,11,11,5,542,15,0
1699664580,11,11,5,543,15,1
1699664640,11,11,5,544,15,1
1699664700,11,11,5,545,15,2
1699664760,11,11,5,546,15,2
1699664820,11,11,5,547,15,2
1699664880,11,11,5,548,15,2
1699664940,11,11,5,549,15,2
1699665000,11,11,5,550,15,2
1699665060,11,11,5,551,15,2
1699665120,11,11,5,552,15,1
1699665180,11,11,5,553,15,1
1699665300,11,11,5,555,15,1
1699665360,11,11,5,556,15,1
1699665420,11,11,5,557,15,1
1699665480,11,11,5,558,15,1
1699665540,11,11,5,559,15,1
1699665660,11,11,5,561,15,1
1699665720,11,11,5,562,15,1
1699665780,11,11,5,563,15,1
1699665840,11,11,5,564,15,1
1699665900,11,11,5,565,15,1
1699665960,11,11,5,566,15,1
1699666020,11,11,5,567,15,1
1699666080,11,11,5,568,15,1
1699666140,11,11,5,569,15,1
1699666200,11,11,5,570,15,1
1699666320,11,11,5,572,15,1
1699666380,11,11,5,573,15,1
1699666440,11,11,5,574,15,1
1699666500,11,11,5,575,15,0
1699666560,11,11,5,576,15,0
1699666620,11,11,5,577,15,0
1699666740,11,11,5,579,15,0
1699666800,11,11,5,580,15,0
1699666860,11,11,5,581,15,0
1699666920,11,11,5,582,15,0
1699666980,11,11,5,583,15,0
1699667100,11,11,5,585,15,0
1699667160,11,11,5,586,15,0
1699667220,11,11,5,587,15,0
1699667340,11,11,5,589,15,0
1699667400,11,11,5,590,15,0
1699667460,11,11,5,591,15,0
1699667520,11,11,5,592,15,0
1699667580,11,11,5,593,15,0
1699667640,11,11,5,594,15,0
1699667700,11,11,5,595,15,0
1699667760,11,11,5,596,15,1
1699667820,11,11,5,597,15,1
1699667880,11,11,5,598,15,1
1699667940,11,11,5,599,15,0
1699668060,11,11,5,601,15,0
1699668120,11,11,5,602,15,0
1699668180,11,11,5,603,15,0
1699668240,11,11,5,604,15,0
1699668300,11,11,5,605,15,0
1699668360,11,11,5,606,15,0
1699668420,11,11,5,607,15,0
1699668480,11,11,5,608,15,0
1699668540,11,11,5,609,15,0
1699668600,11,11,5,610,15,0
1699668660,11,11,5,611,15,0
1699668720,11,11,5,612,15,0
1699668780,11,11,5,613,15,0
1699668840,11,11,5,614,15,0
1699668900,11,11,5,615,15,0
1699668960,11,11,5,616,15,1
1699669020,11,11,5,617,15,1
1699669080,11,11,5,618,15,0
1699669140,11,11,5,619,15,0
1699669260,11,11,5,621,15,0
1699669320,11,11,5,622,15,0
1699669380,11,11,5,623,15,0
1699669440,11,11,5,624,15,0
1699669500,11,11,5,625,15,0
1699669560,11,11,5,626,15,0
1699669620,11,11,5,627,15,0
1699669680,11,11,5,628,15,0
1699669740,11,11,5,629,15,1
1699669860,11,11,5,631,15,1
1699669920,11,11,5,632,15,1
1699669980,11,11,5,633,15,1
1699670040,11,11,5,634,15,0
1699670100,11,11,5,635,15,0
1699670160,11,11,5,636,15,0
1699670220,11,11,5,637,15,0
1699670280,11,11,5,638,15,0
1699670340,11,11,5,639,15,0
1699670400,11,11,5,640,15,0
1699670460,11,11,5,641,15,0
1699670520,11,11,5,642,15,0
1699670580,11,11,5,643,15,0
1699670640,11,11,5,644,15,0
1699670700,11,11,5,645,15,0
1699670760,11,11,5,646,15,0
1699670820,11,11,5,647,15,0
1699670880,11,11,5,648,15,0
1699670940,11,11,5,649,15,1
1699671000,11,11,5,650,15,1
1699671060,11,11,5,651,15,1
1699671120,11,11,5,652,15,1
1699671180,11,11,5,653,15,1
1699671240,11,11,5,654,15,1
1699671300,11,11,5,655,15,1
1699671360,11,11,5,656,15,3
1699671420,11,11,5,657,15,3
1699671480,11,11,5,658,15,3
1699671540,11,11,5,659,15,1
1699671660,11,11,5,661,15,1
1699671720,11,11,5,662,15,0
1699671780,11,11,5,663,15,0
1699671840,11,11,5,664,15,0
1699671900,11,11,5,665,15,0
1699671960,11,11,5,666,15,0
1699672020,11,11,5,667,15,0
1699672080,11,11,5,668,15,0
1699672140,11,11,5,669,15,0
1699672200,11,11,5,670,15,0
1699672260,11,11,5,671,15,0
1699672320,11,11,5,672,15,0
1699672380,11,11,5,673,15,0
1699672440,11,11,5,674,15,0
1699672500,11,11,5,675,15,0
1699672560,11,11,5,676,15,0
1699672620,11,11,5,677,15,0
1699672680,11,11,5,678,15,0
1699672740,11,11,5,679,15,0
1699672860,11,11,5,681,15,0
1699672920,11,11,5,682,15,0
1699672980,11,11,5,683,15,0
1699673040,11,11,5,684,15,0
1699673100,11,11,5,685,15,0
1699673160,11,11,5,686,15,0
1699673760,11,11,5,696,15,1
1699673820,11,11,5,697,15,1
1699673880,11,11,5,698,15,1
1699673940,11,11,5,699,15,1
1699674000,11,11,5,700,15,1
1699674060,11,11,5,701,15,0
1699674120,11,11,5,702,15,0
1699674180,11,11,5,703,15,0
1699674240,11,11,5,704,15,0
1699674300,11,11,5,705,15,0
1699674360,11,11,5,706,15,1
1699674420,11,11,5,707,15,0
1699674480,11,11,5,708,15,0
1699674540,11,11,5,709,15,0
1699674600,11,11,5,710,15,0
1699674660,11,11,5,711,15,0
1699674720,11,11,5,712,15,0
1699674780,11,11,5,713,15,0
1699674840,11,11,5,714,15,0
1699674900,11,11,5,715,15,0
1699674960,11,11,5,716,15,0
1699675020,11,11,5,717,15,0
1699675080,11,11,5,718,15,1
1699675140,11,11,5,719,15,0
1699675260,11,11,5,721,15,0
1699675320,11,11,5,722,15,2
1699675380,11,11,5,723,15,1
1699675440,11,11,5,724,15,1
1699675500,11,11,5,725,15,1
1699675560,11,11,5,726,15,1
1699675620,11,11,5,727,15,1
1699675680,11,11,5,728,15,1
1699675740,11,11,5,729,15,0
1699675800,11,11,5,730,15,0
1699675860,11,11,5,731,15,0
1699675920,11,11,5,732,15,0
1699675980,11,11,5,733,15,0
1699676040,11,11,5,734,15,0
1699676100,11,11,5,735,15,0
1699676160,11,11,5,736,15,0
1699676220,11,11,5,737,15,0
1699676280,11,11,5,738,15,0
1699676340,11,11,5,739,15,0
1699676460,11,11,5,741,15,0
1699676520,11,11,5,742,15,0
1699676580,11,11,5,743,15,0
1699676640,11,11,5,744,15,0
1699676700,11,11,5,745,15,0
1699676760,11,11,5,746,15,1
1699676820,11,11,5,747,15,1
1699676880,11,11,5,748,15,1
1699676940,11,11,5,749,15,1
1699677060,11,11,5,751,15,0
1699677120,11,11,5,752,15,1
1699677180,11,11,5,753,15,1
1699677240,11,11,5,754,15,1
1699677300,11,11,5,755,15,0
1699677360,11,11,5,756,15,0
1699677420,11,11,5,757,15,1
1699677480,11,11,5,758,15,1
1699677540,11,11,5,759,15,1
1699677600,11,11,5,760,15,1
1699677660,11,11,5,761,15,1
1699677720,11,11,5,762,15,1
1699677780,11,11,5,763,15,0
1699677840,11,11,5,764,15,1
1699677900,11,11,5,765,15,0
1699677960,11,11,5,766,15,0
1699678020,11,11,5,767,15,0
1699678080,11,11,5,768,15,0
1699678140,11,11,5,769,15,0
1699678200,11,11,5,770,15,0
1699678260,11,11,5,771,15,0
1699678320,11,11,5,772,15,0
1699678380,11,11,5,773,15,0
1699678440,11,11,5,774,15,1
1699678500,11,11,5,775,15,1
1699678560,11,11,5,776,15,1
1699678620,11,11,5,777,15,1
1699678680,11,11,5,778,15,1
1699678740,11,11,5,779,15,0
1699678860,11,11,5,781,15,0
1699678920,11,11,5,782,15,0
1699678980,11,11,5,783,15,0
1699679040,11,11,5,784,15,0
1699679100,11,11,5,785,15,0
1699679160,11,11,5,786,15,1
1699679220,11,11,5,787,15,2
1699679280,11,11,5,788,15,2
1699679340,11,11,5,789,15,1
1699679400,11,11,5,790,15,2
1699679460,11,11,5,791,15,2
1699679520,11,11,5,792,15,3
1699679580,11,11,5,793,15,2
1699679640,11,11,5,794,15,2
1699679700,11,11,5,795,15,2
1699679760,11,11,5,796,15,2
1699679820,11,11,5,797,15,2
1699679880,11,11,5,798,15,2
1699679940,11,11,5,799,15,1
1699680060,11,11,5,801,15,1
1699680180,11,11,5,803,15,2
1699680240,11,11,5,804,15,1
1699680300,11,11,5,805,15,1
1699680360,11,11,5,806,15,1
1699680420,11,11,5,807,15,0
1699680480,11,11,5,808,15,0
1699680540,11,11,5,809,15,1
1699680660,11,11,5,811,15,0
1699680720,11,11,5,812,15,0
1699680780,11,11,5,813,15,0
1699680840,11,11,5,814,15,0
1699680900,11,11,5,815,15,0
1699680960,11,11,5,816,15,0
1699681020,11,11,5,817,15,0
1699681080,11,11,5,818,15,0
1699681140,11,11,5,819,15,0
1699681200,11,11,5,820,15,0
1699681260,11,11,5,821,15,0
1699681320,11,11,5,822,15,0
1699681380,11,11,5,823,15,0
1699681440,11,11,5,824,15,0
1699681500,11,11,5,825,15,0
1699681560,11,11,5,826,15,1
1699681620,11,11,5,827,15,1
1699681680,11,11,5,828,15,2
1699681740,11,11,5,829,15,1
1699681800,11,11,5,830,15,1
1699681860,11,11,5,831,15,0
1699681920,11,11,5,832,15,0
1699681980,11,11,5,833,15,0
1699682040,11,11,5,834,15,0
1699682100,11,11,5,835,15,0
1699682160,11,11,5,836,15,0
1699682220,11,11,5,837,15,0
1699682280,11,11,5,838,15,0
1699682340,11,11,5,839,15,0
1699682460,11,11,5,841,15,0
1699682520,11,11,5,842,15,0
1699682580,11,11,5,843,15,0
1699682640,11,11,5,844,15,0
1699682700,11,11,5,845,15,0
1699682760,11,11,5,846,15,1
1699682820,11,11,5,847,15,1
1699682880,11,11,5,848,15,2
1699682940,11,11,5,849,15,1
1699683000,11,11,5,850,15,1
1699683060,11,11,5,851,15,1
1699683120,11,11,5,852,15,1
1699683180,11,11,5,853,15,1
1699683240,11,11,5,854,15,1
1699683300,11,11,5,855,15,1
1699683360,11,11,5,856,15,2
1699683420,11,11,5,857,15,2
1699683480,11,11,5,858,15,2
1699683540,11,11,5,859,15,2
1699683660,11,11,5,861,15,2
1699683720,11,11,5,862,15,2
1699683780,11,11,5,863,15,2
1699683840,11,11,5,864,15,2
1699683900,11,11,5,865,15,1
1699683960,11,11,5,866,15,1
1699684020,11,11,5,867,15,1
1699684080,11,11,5,868,15,1
1699684140,11,11,5,869,15,1
1699684200,11,11,5,870,15,1
1699684320,11,11,5,872,15,1
1699684380,11,11,5,873,15,1
1699684440,11,11,5,874,15,1
1699684500,11,11,5,875,15,1
1699684560,11,11,5,876,15,1
1699684620,11,11,5,877,15,1
1699684680,11,11,5,878,15,1
1699684740,11,11,5,879,15,1
1699684800,11,11,5,880,15,1
1699684860,11,11,5,881,15,1
1699684920,11,11,5,882,15,1
1699684980,11,11,5,883,15,1
1699685040,11,11,5,884,15,2
1699685100,11,11,5,885,15,2
1699685160,11,11,5,886,15,2
1699685220,11,11,5,887,15,2
1699685280,11,11,5,888,15,1
1699685340,11,11,5,889,15,4
1699685400,11,11,5,890,15,4
1699685460,11,11,5,891,15,4
1699685520,11,11,5,892,15,3
1699685580,11,11,5,893,15,3
1699685640,11,11,5,894,15,3
1699685700,11,11,5,895,15,3
1699685760,11,11,5,896,15,2
1699685820,11,11,5,897,15,3
1699685880,11,11,5,898,15,3
1699685940,11,11,5,899,15,3
1699686060,11,11,5,901,15,3
1699686120,11,11,5,902,15,3
1699686180,11,11,5,903,15,2
1699686240,11,11,5,904,15,2
1699686300,11,11,5,905,15,2
1699686360,11,11,5,906,15,2
1699686420,11,11,5,907,15,2
1699686480,11,11,5,908,15,2
1699686540,11,11,5,909,15,2
1699686600,11,11,5,910,15,2
1699686660,11,11,5,911,15,2
1699686720,11,11,5,912,15,2
1699686780,11,11,5,913,15,2
1699686840,11,11,5,914,15,2
1699686900,11,11,5,915,15,2
1699686960,11,11,5,916,15,2
1699687020,11,11,5,917,15,2
1699687080,11,11,5,918,15,1
1699687140,11,11,5,919,15,1
1699687260,11,11,5,921,15,1
1699687320,11,11,5,922,15,1
1699687380,11,11,5,923,15,1
1699687440,11,11,5,924,15,1
1699687500,11,11,5,925,15,1
1699687560,11,11,5,926,15,1
1699687620,11,11,5,927,15,1
1699687680,11,11,5,928,15,1
1699687740,11,11,5,929,15,1
1699687860,11,11,5,931,15,1
1699687920,11,11,5,932,15,1
1699687980,11,11,5,933,15,1
1699688040,11,11,5,934,15,1
1699688100,11,11,5,935,15,1
1699688160,11,11,5,936,15,1
1699688220,11,11,5,937,15,2
1699688280,11,11,5,938,15,2
1699688340,11,11,5,939,15,3
1699688400,11,11,5,940,15,3
1699688460,11,11,5,941,15,3
1699688520,11,11,5,942,15,3
1699688580,11,11,5,943,15,3
1699688640,11,11,5,944,15,3
1699688700,11,11,5,945,15,3
1699688760,11,11,5,946,15,3
1699688820,11,11,5,947,15,2
1699688880,11,11,5,948,15,2
1699688940,11,11,5,949,15,2
1699689000,11,11,5,950,15,2
1699689060,11,11,5,951,15,2
1699689120,11,11,5,952,15,3
1699689180,11,11,5,953,15,3
1699689240,11,11,5,954,15,3
1699689300,11,11,5,955,15,3
1699689360,11,11,5,956,15,2
1699689420,11,11,5,957,15,2
1699689480,11,11,5,958,15,4
1699689540,11,11,5,959,15,4
1699689660,11,11,5,961,15,2
1699689720,11,11,5,962,15,2
1699689780,11,11,5,963,15,2
1699689840,11,11,5,964,15,2
1699689900,11,11,5,965,15,2
1699689960,11,11,5,966,15,2
1699690020,11,11,5,967,15,2
1699690080,11,11,5,968,15,2
1699690140,11,11,5,969,15,2
1699690200,11,11,5,970,15,2
1699690260,11,11,5,971,15,2
1699690320,11,11,5,972,15,2
1699690380,11,11,5,973,15,2
1699690440,11,11,5,974,15,2
1699690500,11,11,5,975,15,1
1699690560,11,11,5,976,15,1
1699690620,11,11,5,977,15,1
1699690680,11,11,5,978,15,1
1699690740,11,11,5,979,15,1
1699690860,11,11,5,981,15,1
1699690920,11,11,5,982,15,1
1699690980,11,11,5,983,15,1
1699691040,11,11,5,984,15,1
1699691100,11,11,5,985,15,2
1699691160,11,11,5,986,15,2
1699691220,11,11,5,987,15,2
1699691280,11,11,5,988,15,3
1699691340,11,11,5,989,15,3
1699691400,11,11,5,990,15,3
1699691520,11,11,5,992,15,3
1699691580,11,11,5,993,15,3
1699691640,11,11,5,994,15,1
1699691700,11,11,5,995,15,1
1699691760,11,11,5,996,15,1
1699691820,11,11,5,997,15,0
1699691880,11,11,5,998,15,0
1699691940,11,11,5,999,15,0
1699692000,11,11,5,1000,15,0
1699692060,11,11,5,1001,15,0
1699692120,11,11,5,1002,15,0
1699692180,11,11,5,1003,15,0
1699692240,11,11,5,1004,15,0
1699692300,11,11,5,1005,15,0
1699692360,11,11,5,1006,15,0
1699692420,11,11,5,1007,15,0
1699692480,11,11,5,1008,15,0
1699692540,11,11,5,1009,15,0
1699692600,11,11,5,1010,15,0
1699692660,11,11,5,1011,15,0
1699692720,11,11,5,1012,15,0
1699692780,11,11,5,1013,15,0
1699692840,11,11,5,1014,15,0
1699692900,11,11,5,1015,15,0
1699692960,11,11,5,1016,15,0
1699693020,11,11,5,1017,15,0
1699693080,11,11,5,1018,15,0
1699693140,11,11,5,1019,15,0
1699693260,11,11,5,1021,15,0
1699693320,11,11,5,1022,15,0
1699693380,11,11,5,1023,15,0
1699693440,11,11,5,1024,15,0
1699693500,11,11,5,1025,15,0
1699693560,11,11,5,1026,15,0
1699693620,11,11,5,1027,15,0
1699693680,11,11,5,1028,15,0
1699693740,11,11,5,1029,15,0
1699693800,11,11,5,1030,15,0
1699693860,11,11,5,1031,15,0
1699693920,11,11,5,1032,15,0
1699693980,11,11,5,1033,15,0
1699694040,11,11,5,1034,15,0
1699694100,11,11,5,1035,15,0
1699694160,11,11,5,1036,15,1
1699694220,11,11,5,1037,15,1
1699694280,11,11,5,1038,15,1
1699694340,11,11,5,1039,15,3
1699694460,11,11,5,1041,15,3
1699694520,11,11,5,1042,15,3
1699694580,11,11,5,1043,15,3
1699694640,11,11,5,1044,15,3
1699694700,11,11,5,1045,15,4
1699694760,11,11,5,1046,15,4
1699694880,11,11,5,1048,15,4
1699694940,11,11,5,1049,15,4
1699695060,11,11,5,1051,15,4
1699695120,11,11,5,1052,15,4
1699695180,11,11,5,1053,15,4
1699695240,11,11,5,1054,15,4
1699695300,11,11,5,1055,15,4
1699695360,11,11,5,1056,15,4
1699695420,11,11,5,1057,15,4
1699695480,11,11,5,1058,15,4
1699695540,11,11,5,1059,15,4
1699695600,11,11,5,1060,15,3
1699695660,11,11,5,1061,15,3
1699695720,11,11,5,1062,15,3
1699695780,11,11,5,1063,15,3
1699695840,11,11,5,1064,15,3
1699695900,11,11,5,1065,15,3
1699695960,11,11,5,1066,15,3
1699696020,11,11,5,1067,15,3
1699696080,11,11,5,1068,15,2
1699696140,11,11,5,1069,15,2
1699696200,11,11,5,1070,15,1
1699696260,11,11,5,1071,15,1
1699696320,11,11,5,1072,15,2
1699696380,11,11,5,1073,15,2
1699696440,11,11,5,1074,15,2
1699696500,11,11,5,1075,15,2
1699696560,11,11,5,1076,15,1
1699696620,11,11,5,1077,15,1
1699696680,11,11,5,1078,15,1
1699696740,11,11,5,1079,15,1
1699696860,11,11,5,1081,15,1
1699696920,11,11,5,1082,15,1
1699696980,11,11,5,1083,15,1
1699697040,11,11,5,1084,15,1
1699697100,11,11,5,1085,15,1
1699697160,11,11,5,1086,15,1
1699697220,11,11,5,1087,15,1
1699697280,11,11,5,1088,15,1
1699697340,11,11,5,1089,15,1
1699697400,11,11,5,1090,15,1
1699697460,11,11,5,1091,15,0
1699697520,11,11,5,1092,15,0
1699697580,11,11,5,1093,15,0
1699697640,11,11,5,1094,15,0
1699697700,11,11,5,1095,15,0
1699697760,11,11,5,1096,15,0
1699697820,11,11,5,1097,15,0
1699697880,11,11,5,1098,15,1
1699697940,11,11,5,1099,15,2
1699698060,11,11,5,1101,15,2
1699698120,11,11,5,1102,15,2
1699698180,11,11,5,1103,15,2
1699698240,11,11,5,1104,15,2
1699698300,11,11,5,1105,15,1
1699698360,11,11,5,1106,15,1
1699698420,11,11,5,1107,15,1
1699698480,11,11,5,1108,15,1
1699698540,11,11,5,1109,15,1
1699698600,11,11,5,1110,15,1
1699698720,11,11,5,1112,15,1
1699698780,11,11,5,1113,15,1
1699698840,11,11,5,1114,15,1
1699698900,11,11,5,1115,15,0
1699698960,11,11,5,1116,15,0
1699699020,11,11,5,1117,15,0
1699699080,11,11,5,1118,15,0
1699699140,11,11,5,1119,15,0
1699699200,11,11,5,1120,15,0
1699699260,11,11,5,1121,15,0
1699699320,11,11,5,1122,15,0
1699699380,11,11,5,1123,15,0
1699699440,11,11,5,1124,15,0
1699699500,11,11,5,1125,15,0
1699699560,11,11,5,1126,15,0
1699699620,11,11,5,1127,15,0
1699699680,11,11,5,1128,15,0
1699699740,11,11,5,1129,15,0
1699699800,11,11,5,1130,15,0
1699699860,11,11,5,1131,15,0
1699699920,11,11,5,1132,15,0
1699699980,11,11,5,1133,15,0
1699700040,11,11,5,1134,15,0
1699700100,11,11,5,1135,15,0
1699700160,11,11,5,1136,15,0
1699700220,11,11,5,1137,15,0
1699700280,11,11,5,1138,15,1
1699700340,11,11,5,1139,15,1
1699700460,11,11,5,1141,15,0
1699700520,11,11,5,1142,15,2
1699700580,11,11,5,1143,15,0
1699700640,11,11,5,1144,15,0
1699700700,11,11,5,1145,15,0
1699700760,11,11,5,1146,15,0
1699700820,11,11,5,1147,15,0
1699700880,11,11,5,1148,15,0
1699700940,11,11,5,1149,15,0
1699701000,11,11,5,1150,15,0
1699701060,11,11,5,1151,15,0
1699701120,11,11,5,1152,15,0
1699701180,11,11,5,1153,15,0
1699701240,11,11,5,1154,15,0
1699701300,11,11,5,1155,15,0
1699701360,11,11,5,1156,15,0
1699701420,11,11,5,1157,15,0
1699701480,11,11,5,1158,15,1
1699701540,11,11,5,1159,15,1
1699701660,11,11,5,1161,15,1
1699701720,11,11,5,1162,15,1
1699701780,11,11,5,1163,15,2
1699701840,11,11,5,1164,15,2
1699701900,11,11,5,1165,15,2
1699701960,11,11,5,1166,15,2
1699702020,11,11,5,1167,15,2
1699702080,11,11,5,1168,15,2
1699702140,11,11,5,1169,15,2
1699702260,11,11,5,1171,15,2
1699702320,11,11,5,1172,15,1
1699702380,11,11,5,1173,15,1
1699702440,11,11,5,1174,15,1
1699702500,11,11,5,1175,15,1
1699702560,11,11,5,1176,15,1
1699702620,11,11,5,1177,15,1
1699702680,11,11,5,1178,15,1
1699702740,11,11,5,1179,15,1
1699702800,11,11,5,1180,15,0
1699702860,11,11,5,1181,15,0
1699702920,11,11,5,1182,15,0
1699702980,11,11,5,1183,15,0
1699703040,11,11,5,1184,15,0
1699703100,11,11,5,1185,15,0
1699703160,11,11,5,1186,15,0
1699703220,11,11,5,1187,15,0
1699703280,11,11,5,1188,15,0
1699703340,11,11,5,1189,15,1
1699703400,11,11,5,1190,15,1
1699703460,11,11,5,1191,15,1
1699703520,11,11,5,1192,15,1
1699703580,11,11,5,1193,15,1
1699703640,11,11,5,1194,15,1
1699703700,11,11,5,1195,15,2
1699703760,11,11,5,1196,15,1
1699703820,11,11,5,1197,15,2
1699703880,11,11,5,1198,15,2
1699703940,11,11,5,1199,15,2
1699704060,11,11,5,1201,15,2
1699704120,11,11,5,1202,15,2
1699704180,11,11,5,1203,15,2
1699704240,11,11,5,1204,15,2
1699704300,11,11,5,1205,15,2
1699704360,11,11,5,1206,15,3
1699704420,11,11,5,1207,15,3
1699704480,11,11,5,1208,15,3
1699704540,11,11,5,1209,15,3
1699704600,11,11,5,1210,15,2
1699704660,11,11,5,1211,15,2
1699704720,11,11,5,1212,15,2
1699704780,11,11,5,1213,15,2
1699704840,11,11,5,1214,15,2
1699704900,11,11,5,1215,15,2
1699704960,11,11,5,1216,15,3
1699705020,11,11,5,1217,15,3
1699705080,11,11,5,1218,15,3
1699705140,11,11,5,1219,15,3
1699705260,11,11,5,1221,15,3
1699705320,11,11,5,1222,15,3
1699705380,11,11,5,1223,15,3
1699705440,11,11,5,1224,15,3
1699705500,11,11,5,1225,15,3
1699705560,11,11,5,1226,15,3
1699705620,11,11,5,1227,15,3
1699705680,11,11,5,1228,15,3
1699705740,11,11,5,1229,15,3
1699705860,11,11,5,1231,15,3
1699705920,11,11,5,1232,15,3
1699705980,11,11,5,1233,15,2
1699706040,11,11,5,1234,15,2
1699706100,11,11,5,1235,15,2
1699706160,11,11,5,1236,15,2
1699706220,11,11,5,1237,15,2
1699706280,11,11,5,1238,15,1
1699706340,11,11,5,1239,15,1
1699706400,11,11,5,1240,15,1
1699706460,11,11,5,1241,15,1
1699706520,11,11,5,1242,15,1
1699706580,11,11,5,1243,15,1
1699706640,11,11,5,1244,15,2
1699706700,11,11,5,1245,15,2
1699706760,11,11,5,1246,15,2
1699706820,11,11,5,1247,15,2
1699706880,11,11,5,1248,15,2
1699706940,11,11,5,1249,15,2
1699707000,11,11,5,1250,15,2
1699707060,11,11,5,1251,15,1
1699707120,11,11,5,1252,15,1
1699707180,11,11,5,1253,15,1
1699707240,11,11,5,1254,15,2
1699707300,11,11,5,1255,15,2
1699707360,11,11,5,1256,15,2
1699707420,11,11,5,1257,15,2
1699707480,11,11,5,1258,15,2
1699707540,11,11,5,1259,15,2
1699707660,11,11,5,1261,15,2
1699707720,11,11,5,1262,15,2
1699707780,11,11,5,1263,15,2
1699707840,11,11,5,1264,15,2
1699707900,11,11,5,1265,15,2
1699707960,11,11,5,1266,15,2
1699708020,11,11,5,1267,15,2
1699708080,11,11,5,1268,15,2
1699708140,11,11,5,1269,15,2
1699708200,11,11,5,1270,15,2
1699708260,11,11,5,1271,15,2
1699708320,11,11,5,1272,15,2
1699708380,11,11,5,1273,15,2
1699708440,11,11,5,1274,15,3
1699708500,11,11,5,1275,15,3
1699708560,11,11,5,1276,15,3
1699708620,11,11,5,1277,15,4
1699708680,11,11,5,1278,15,4
1699708740,11,11,5,1279,15,4
1699708860,11,11,5,1281,15,4
1699708920,11,11,5,1282,15,4
1699708980,11,11,5,1283,15,4
1699709040,11,11,5,1284,15,4
1699709100,11,11,5,1285,15,4
1699709160,11,11,5,1286,15,4
1699709220,11,11,5,1287,15,4
1699709280,11,11,5,1288,15,5
1699709340,11,11,5,1289,15,5
1699709460,11,11,5,1291,15,5
1699709520,11,11,5,1292,15,6
1699709580,11,11,5,1293,15,5
1699709640,11,11,5,1294,15,5
1699709700,11,11,5,1295,15,5
1699709760,11,11,5,1296,15,5
1699709820,11,11,5,1297,15,5
1699709880,11,11,5,1298,15,5
1699709940,11,11,5,1299,15,5
1699710000,11,11,5,1300,15,5
1699710060,11,11,5,1301,15,5
1699710120,11,11,5,1302,15,6
1699710180,11,11,5,1303,15,6
1699710240,11,11,5,1304,15,6
1699710300,11,11,5,1305,15,6
1699710360,11,11,5,1306,15,6
1699710420,11,11,5,1307,15,6
1699710480,11,11,5,1308,15,6
1699710540,11,11,5,1309,15,7
1699710660,11,11,5,1311,15,5
1699710720,11,11,5,1312,15,5
1699710780,11,11,5,1313,15,5
1699710840,11,11,5,1314,15,5
1699710900,11,11,5,1315,15,5
1699710960,11,11,5,1316,15,5
1699711020,11,11,5,1317,15,5
1699711080,11,11,5,1318,15,6
1699711140,11,11,5,1319,15,6
1699711200,11,11,5,1320,15,6
1699711320,11,11,5,1322,15,6
1699711380,11,11,5,1323,15,6
1699711440,11,11,5,1324,15,6
1699711500,11,11,5,1325,15,6
1699711560,11,11,5,1326,15,6
1699711620,11,11,5,1327,15,6
1699711680,11,11,5,1328,15,6
1699711740,11,11,5,1329,15,6
1699711800,11,11,5,1330,15,6
1699711860,11,11,5,1331,15,6
1699711920,11,11,5,1332,15,6
1699711980,11,11,5,1333,15,6
1699712040,11,11,5,1334,15,6
1699712100,11,11,5,1335,15,6
1699712160,11,11,5,1336,15,6
1699712220,11,11,5,1337,15,6
1699712280,11,11,5,1338,15,6
1699712340,11,11,5,1339,15,6
1699712460,11,11,5,1341,15,5
1699712520,11,11,5,1342,15,5
1699712580,11,11,5,1343,15,5
1699712640,11,11,5,1344,15,5
1699712700,11,11,5,1345,15,5
1699712760,11,11,5,1346,15,5
1699712820,11,11,5,1347,15,5
1699712880,11,11,5,1348,15,5
1699712940,11,11,5,1349,15,5
1699713000,11,11,5,1350,15,5
1699713060,11,11,5,1351,15,5
1699713120,11,11,5,1352,15,5
1699713180,11,11,5,1353,15,5
1699713240,11,11,5,1354,15,5
1699713300,11,11,5,1355,15,4
1699713360,11,11,5,1356,15,4
1699713420,11,11,5,1357,15,6
1699713480,11,11,5,1358,15,6
1699713540,11,11,5,1359,15,6
1699713600,11,11,5,1360,15,6
1699713660,11,11,5,1361,15,6
1699713720,11,11,5,1362,15,6
1699713780,11,11,5,1363,15,6
1699713840,11,11,5,1364,15,6
1699713900,11,11,5,1365,15,5
1699713960,11,11,5,1366,15,5
1699714020,11,11,5,1367,15,5
1699714080,11,11,5,1368,15,5
1699714140,11,11,5,1369,15,6
1699714200,11,11,5,1370,15,6
1699714260,11,11,5,1371,15,6
1699714320,11,11,5,1372,15,7
1699714380,11,11,5,1373,15,7
1699714440,11,11,5,1374,15,7
1699714500,11,11,5,1375,15,7
1699714560,11,11,5,1376,15,7
1699714620,11,11,5,1377,15,8
1699714680,11,11,5,1378,15,8
1699714740,11,11,5,1379,15,8
1699714860,11,11,5,1381,15,8
1699714920,11,11,5,1382,15,9
1699714980,11,11,5,1383,15,9
1699715040,11,11,5,1384,15,9
1699715100,11,11,5,1385,15,10
1699715160,11,11,5,1386,15,10
1699715220,11,11,5,1387,15,11
1699715280,11,11,5,1388,15,11
1699715340,11,11,5,1389,15,11
1699715400,11,11,5,1390,15,11
1699715460,11,11,5,1391,15,11
1699715520,11,11,5,1392,15,11
1699715580,11,11,5,1393,15,11
1699715640,11,11,5,1394,15,11
1699715700,11,11,5,1395,15,11
1699715760,11,11,5,1396,15,11
1699715820,11,11,5,1397,15,11
1699715880,11,11,5,1398,15,11
1699715940,11,11,5,1399,15,11
1699716060,11,11,5,1401,15,11
1699716120,11,11,5,1402,15,11
1699716180,11,11,5,1403,15,11
1699716240,11,11,5,1404,15,11
1699716300,11,11,5,1405,15,12
1699716360,11,11,5,1406,15,12
1699716420,11,11,5,1407,15,12
1699716480,11,11,5,1408,15,12
1699716540,11,11,5,1409,15,13
1699716600,11,11,5,1410,15,13
1699716660,11,11,5,1411,15,11
1699716720,11,11,5,1412,15,11
1699716780,11,11,5,1413,15,10
1699716840,11,11,5,1414,15,10
1699716900,11,11,5,1415,15,10
1699716960,11,11,5,1416,15,10
1699717020,11,11,5,1417,15,10
1699717080,11,11,5,1418,15,10
1699717140,11,11,5,1419,15,10
1699717200,11,11,5,1420,15,10
1699717260,11,11,5,1421,15,10
1699717320,11,11,5,1422,15,10
1699717380,11,11,5,1423,15,10
1699717440,11,11,5,1424,15,10
1699717500,11,11,5,1425,15,8
1699717560,11,11,5,1426,15,8
1699717620,11,11,5,1427,15,8
1699717680,11,11,5,1428,15,8
1699717740,11,11,5,1429,15,8
1699717800,11,11,5,1430,15,8
1699717860,11,11,5,1431,15,8
1699717920,11,11,5,1432,15,8
1699717980,11,11,5,1433,15,8
1699718040,11,11,5,1434,15,8
1699718100,11,11,5,1435,15,8
1699718160,11,11,5,1436,15,8
1699718220,11,11,5,1437,15,8
1699718280,11,11,5,1438,15,8
1699718340,11,11,5,1439,15,8
1699718460,11,12,6,1,15,8
1699718520,11,12,6,2,15,8
1699718580,11,12,6,3,15,8
1699718640,11,12,6,4,15,8
1699718700,11,12,6,5,15,8
1699718760,11,12,6,6,15,8
1699718820,11,12,6,7,15,8
1699718880,11,12,6,8,15,8
1699718940,11,12,6,9,15,8
1699719000,11,12,6,10,15,8
1699719060,11,12,6,11,15,8
1699719120,11,12,6,12,15,8
1699719180,11,12,6,13,15,8
1699719240,11,12,6,14,15,8
1699719300,11,12,6,15,15,8
1699719360,11,12,6,16,15,8
1699719420,11,12,6,17,15,8
1699719480,11,12,6,18,15,8
1699719540,11,12,6,19,15,8
1699719660,11,12,6,21,15,8
1699719720,11,12,6,22,15,8
1699719780,11,12,6,23,15,8
1699719840,11,12,6,24,15,8
1699719900,11,12,6,25,15,9
1699719960,11,12,6,26,15,9
1699720020,11,12,6,27,15,9
1699720080,11,12,6,28,15,9
1699720140,11,12,6,29,15,9
1699720200,11,12,6,30,15,9
1699720260,11,12,6,31,15,9
1699720320,11,12,6,32,15,9
1699720380,11,12,6,33,15,9
1699720440,11,12,6,34,15,9
1699720500,11,12,6,35,15,9
1699720560,11,12,6,36,15,9
1699720620,11,12,6,37,15,9
1699720680,11,12,6,38,15,9
1699720740,11,12,6,39,15,9
1699720800,11,12,6,40,15,9
1699720860,11,12,6,41,15,9
1699720920,11,12,6,42,15,9
1699720980,11,12,6,43,15,9
1699721040,11,12,6,44,15,9
1699721100,11,12,6,45,15,10
1699721160,11,12,6,46,15,10
1699721220,11,12,6,47,15,10
1699721280,11,12,6,48,15,10
1699721340,11,12,6,49,15,9
1699721400,11,12,6,50,15,9
1699721460,11,12,6,51,15,9
1699721520,11,12,6,52,15,9
1699721580,11,12,6,53,15,9
1699721640,11,12,6,54,15,9
1699721700,11,12,6,55,15,9
1699721760,11,12,6,56,15,9
1699721820,11,12,6,57,15,10
1699721880,11,12,6,58,15,10
1699721940,11,12,6,59,15,10
1699722000,11,12,6,60,15,10
1699722060,11,12,6,61,15,10
1699722120,11,12,6,62,15,10
1699722180,11,12,6,63,15,10
1699722240,11,12,6,64,15,10
1699722300,11,12,6,65,15,10
1699722360,11,12,6,66,15,10
1699722420,11,12,6,67,15,10
1699722480,11,12,6,68,15,10
1699722540,11,12,6,69,15,10
1699722600,11,12,6,70,15,10
1699722660,11,12,6,71,15,10
1699722720,11,12,6,72,15,10
1699722780,11,12,6,73,15,11
1699722840,11,12,6,74,15,11
1699722900,11,12,6,75,15,10
1699722960,11,12,6,76,15,10
1699723020,11,12,6,77,15,10
1699723080,11,12,6,78,15,10
1699723140,11,12,6,79,15,10
1699723260,11,12,6,81,15,10
1699723320,11,12,6,82,15,10
1699723380,11,12,6,83,15,10
1699723440,11,12,6,84,15,10
1699723500,11,12,6,85,15,10
1699723560,11,12,6,86,15,10
1699723620,11,12,6,87,15,10
1699723680,11,12,6,88,15,10
1699723740,11,12,6,89,15,10
1699723800,11,12,6,90,15,10
1699723860,11,12,6,91,15,10
1699723920,11,12,6,92,15,10
1699723980,11,12,6,93,15,10
1699724040,11,12,6,94,15,10
1699724100,11,12,6,95,15,10
1699724160,11,12,6,96,15,10
1699724220,11,12,6,97,15,10
1699724280,11,12,6,98,15,10
1699724340,11,12,6,99,15,10
1699724400,11,12,6,100,15,10
1699724460,11,12,6,101,15,10
1699724520,11,12,6,102,15,10
1699724580,11,12,6,103,15,10
1699724640,11,12,6,104,15,10
1699724700,11,12,6,105,15,10
1699724760,11,12,6,106,15,10
1699724820,11,12,6,107,15,10
1699724880,11,12,6,108,15,10
1699724940,11,12,6,109,15,10
1699725000,11,12,6,110,15,10
1699725060,11,12,6,111,15,10
1699725120,11,12,6,112,15,10
1699725180,11,12,6,113,15,10
1699725240,11,12,6,114,15,10
1699725300,11,12,6,115,15,10
1699725360,11,12,6,116,15,10
1699725420,11,12,6,117,15,10
1699725480,11,12,6,118,15,11
1699725540,11,12,6,119,15,11
1699725660,11,12,6,121,15,11
1699725720,11,12,6,122,15,11
1699725780,11,12,6,123,15,11
1699725900,11,12,6,125,15,11
1699725960,11,12,6,126,15,11
1699726020,11,12,6,127,15,11
1699726080,11,12,6,128,15,11
1699726140,11,12,6,129,15,11
1699726200,11,12,6,130,15,11
1699726260,11,12,6,131,15,11
1699726320,11,12,6,132,15,11
1699726380,11,12,6,133,15,10
1699726440,11,12,6,134,15,10
1699726500,11,12,6,135,15,10
1699726560,11,12,6,136,15,10
1699726620,11,12,6,137,15,10
1699726680,11,12,6,138,15,10
1699726740,11,12,6,139,15,10
1699726860,11,12,6,141,15,10
1699726920,11,12,6,142,15,10
1699726980,11,12,6,143,15,10
1699727040,11,12,6,144,15,10
1699727100,11,12,6,145,15,10
1699727160,11,12,6,146,15,10
1699727220,11,12,6,147,15,10
1699727280,11,12,6,148,15,10
1699727340,11,12,6,149,15,11
1699727400,11,12,6,150,15,11
1699727460,11,12,6,151,15,11
1699727520,11,12,6,152,15,11
1699727580,11,12,6,153,15,11
1699727640,11,12,6,154,15,11
1699727700,11,12,6,155,15,11
1699727760,11,12,6,156,15,11
1699727820,11,12,6,157,15,11
1699727880,11,12,6,158,15,11
1699727940,11,12,6,159,15,11
1699728000,11,12,6,160,15,11
1699728060,11,12,6,161,15,11
1699728120,11,12,6,162,15,11
1699728180,11,12,6,163,15,11
1699728240,11,12,6,164,15,11
1699728300,11,12,6,165,15,11
1699728360,11,12,6,166,15,11
1699728420,11,12,6,167,15,11
1699728480,11,12,6,168,15,11
1699728540,11,12,6,169,15,11
1699728600,11,12,6,170,15,11
1699728660,11,12,6,171,15,11
1699728720,11,12,6,172,15,10
1699728780,11,12,6,173,15,10
1699728840,11,12,6,174,15,9
1699728900,11,12,6,175,15,9
1699728960,11,12,6,176,15,9
1699729020,11,12,6,177,15,8
1699729080,11,12,6,178,15,8
1699729140,11,12,6,179,15,8
1699729200,11,12,6,180,15,8
1699729260,11,12,6,181,15,8
1699729320,11,12,6,182,15,8
1699729380,11,12,6,183,15,8
1699729440,11,12,6,184,15,8
1699729500,11,12,6,185,15,8
1699729560,11,12,6,186,15,8
1699729620,11,12,6,187,15,9
1699729680,11,12,6,188,15,9
1699729740,11,12,6,189,15,9
1699729800,11,12,6,190,15,9
1699729860,11,12,6,191,15,9
1699729920,11,12,6,192,15,9
1699729980,11,12,6,193,15,9
1699730040,11,12,6,194,15,9
1699730100,11,12,6,195,15,9
1699730160,11,12,6,196,15,9
1699730220,11,12,6,197,15,9
1699730280,11,12,6,198,15,11
1699730340,11,12,6,199,15,11
1699730460,11,12,6,201,15,10
1699730520,11,12,6,202,15,10
1699730580,11,12,6,203,15,10
1699730640,11,12,6,204,15,10
1699730700,11,12,6,205,15,10
1699730760,11,12,6,206,15,10
1699730820,11,12,6,207,15,10
1699730880,11,12,6,208,15,10
1699730940,11,12,6,209,15,10
1699731000,11,12,6,210,15,10
1699731060,11,12,6,211,15,10
1699731120,11,12,6,212,15,10
1699731180,11,12,6,213,15,10
1699731240,11,12,6,214,15,10
1699731300,11,12,6,215,15,10
1699731360,11,12,6,216,15,10
1699731420,11,12,6,217,15,10
1699731480,11,12,6,218,15,10
1699731540,11,12,6,219,15,10
1699731600,11,12,6,220,15,10
1699731660,11,12,6,221,15,10
1699731720,11,12,6,222,15,10
1699731780,11,12,6,223,15,10
1699731840,11,12,6,224,15,10
1699731900,11,12,6,225,15,10
1699731960,11,12,6,226,15,10
1699732020,11,12,6,227,15,10
1699732080,11,12,6,228,15,10
1699732140,11,12,6,229,15,10
1699732200,11,12,6,230,15,10
1699732260,11,12,6,231,15,10
1699732320,11,12,6,232,15,10
1699732380,11,12,6,233,15,10
1699732440,11,12,6,234,15,10
1699732500,11,12,6,235,15,10
1699732560,11,12,6,236,15,10
1699732620,11,12,6,237,15,10
1699732680,11,12,6,238,15,10
1699732740,11,12,6,239,15,10
1699732800,11,12,6,240,15,10
1699732860,11,12,6,241,15,10
1699732920,11,12,6,242,15,10
1699732980,11,12,6,243,15,10
1699733040,11,12,6,244,15,10
1699733100,11,12,6,245,15,10
1699733160,11,12,6,246,15,10
1699733220,11,12,6,247,15,10
1699733280,11,12,6,248,15,11
1699733340,11,12,6,249,15,11
1699733400,11,12,6,250,15,11
1699733460,11,12,6,251,15,11
1699733520,11,12,6,252,15,11
1699733580,11,12,6,253,15,11
1699733640,11,12,6,254,15,11
1699733700,11,12,6,255,15,11
1699733760,11,12,6,256,15,11
1699733820,11,12,6,257,15,11
1699733880,11,12,6,258,15,11
1699733940,11,12,6,259,15,11
1699734060,11,12,6,261,15,11
1699734120,11,12,6,262,15,11
1699734180,11,12,6,263,15,11
1699734240,11,12,6,264,15,11
1699734300,11,12,6,265,15,11
1699734360,11,12,6,266,15,11
1699734420,11,12,6,267,15,11
1699734480,11,12,6,268,15,11
1699734540,11,12,6,269,15,11
1699734600,11,12,6,270,15,11
1699734660,11,12,6,271,15,11
1699734720,11,12,6,272,15,11
1699734780,11,12,6,273,15,11
1699734840,11,12,6,274,15,11
1699734900,11,12,6,275,15,11
1699734960,11,12,6,276,15,11
1699735020,11,12,6,277,15,11
1699735080,11,12,6,278,15,11
1699735140,11,12,6,279,15,11
1699735200,11,12,6,280,15,10
1699735260,11,12,6,281,15,10
1699735320,11,12,6,282,15,10
1699735380,11,12,6,283,15,10
1699735440,11,12,6,284,15,10
1699735500,11,12,6,285,15,10
1699735560,11,12,6,286,15,10
1699735620,11,12,6,287,15,10
1699735680,11,12,6,288,15,10
1699735740,11,12,6,289,15,10
1699735800,11,12,6,290,15,10
1699735860,11,12,6,291,15,10
1699735920,11,12,6,292,15,10
1699735980,11,12,6,293,15,10
1699736040,11,12,6,294,15,10
1699736100,11,12,6,295,15,10
1699736160,11,12,6,296,15,10
1699736220,11,12,6,297,15,10
1699736280,11,12,6,298,15,10
1699736340,11,12,6,299,15,10
1699736400,11,12,6,300,15,10
1699736460,11,12,6,301,15,10
1699736520,11,12,6,302,15,10
1699736580,11,12,6,303,15,10
1699736640,11,12,6,304,15,10
1699736700,11,12,6,305,15,10
1699736760,11,12,6,306,15,10
1699736820,11,12,6,307,15,10
1699736880,11,12,6,308,15,10
1699736940,11,12,6,309,15,10
1699737000,11,12,6,310,15,10
1699737060,11,12,6,311,15,10
1699737120,11,12,6,312,15,10
1699737180,11,12,6,313,15,10
1699737240,11,12,6,314,15,10
1699737300,11,12,6,315,15,10
1699737360,11,12,6,316,15,10
1699737420,11,12,6,317,15,10
1699737480,11,12,6,318,15,10
1699737540,11,12,6,319,15,10
1699737660,11,12,6,321,15,10
1699737720,11,12,6,322,15,10
1699737780,11,12,6,323,15,10
1699737840,11,12,6,324,15,10
1699737900,11,12,6,325,15,10
1699737960,11,12,6,326,15,10
1699738020,11,12,6,327,15,10
1699738080,11,12,6,328,15,10
1699738140,11,12,6,329,15,10
1699738200,11,12,6,330,15,10
1699738260,11,12,6,331,15,10
1699738320,11,12,6,332,15,10
1699738380,11,12,6,333,15,10
1699738440,11,12,6,334,15,10
1699738500,11,12,6,335,15,10
1699738560,11,12,6,336,15,10
1699738620,11,12,6,337,15,10
1699738680,11,12,6,338,15,9
1699738740,11,12,6,339,15,9
1699738800,11,12,6,340,15,9
1699738860,11,12,6,341,15,9
1699738920,11,12,6,342,15,9
1699738980,11,12,6,343,15,9
1699739040,11,12,6,344,15,9
1699739100,11,12,6,345,15,9
1699739160,11,12,6,346,15,9
1699739220,11,12,6,347,15,9
1699739280,11,12,6,348,15,7
1699739340,11,12,6,349,15,7
1699739400,11,12,6,350,15,7
1699739460,11,12,6,351,15,7
1699739520,11,12,6,352,15,7
1699739580,11,12,6,353,15,7
1699739640,11,12,6,354,15,7
1699739700,11,12,6,355,15,7
1699739760,11,12,6,356,15,7
1699739820,11,12,6,357,15,7
1699739880,11,12,6,358,15,7
1699739940,11,12,6,359,15,7
1699740000,11,12,6,360,15,7
1699740060,11,12,6,361,15,7
1699740120,11,12,6,362,15,6
1699740180,11,12,6,363,15,6
1699740240,11,12,6,364,15,6
1699740300,11,12,6,365,15,6
1699740360,11,12,6,366,15,6
1699740420,11,12,6,367,15,6
1699740540,11,12,6,369,15,6
1699740600,11,12,6,370,15,6
1699740660,11,12,6,371,15,6
1699740720,11,12,6,372,15,5
1699740780,11,12,6,373,15,5
1699740840,11,12,6,374,15,5
1699740900,11,12,6,375,15,5
1699740960,11,12,6,376,15,5
1699741020,11,12,6,377,15,5
1699741080,11,12,6,378,15,5
1699741140,11,12,6,379,15,5
1699741260,11,12,6,381,15,6
1699741320,11,12,6,382,15,6
1699741380,11,12,6,383,15,6
1699741440,11,12,6,384,15,6
1699741500,11,12,6,385,15,6
1699741560,11,12,6,386,15,6
1699741620,11,12,6,387,15,6
1699741680,11,12,6,388,15,6
1699741740,11,12,6,389,15,6
1699741800,11,12,6,390,15,6
1699741860,11,12,6,391,15,6
1699741920,11,12,6,392,15,6
1699741980,11,12,6,393,15,6
1699742040,11,12,6,394,15,6
1699742100,11,12,6,395,15,6
1699742160,11,12,6,396,15,6
1699742220,11,12,6,397,15,6
1699742280,11,12,6,398,15,6
1699742340,11,12,6,399,15,6
1699742400,11,12,6,400,15,6
1699742460,11,12,6,401,15,6
1699742520,11,12,6,402,15,6
1699742580,11,12,6,403,15,6
1699742640,11,12,6,404,15,6
1699742700,11,12,6,405,15,6
1699742760,11,12,6,406,15,6
1699742820,11,12,6,407,15,6
1699742880,11,12,6,408,15,6
1699742940,11,12,6,409,15,6
1699743000,11,12,6,410,15,6
1699743060,11,12,6,411,15,6
1699743120,11,12,6,412,15,6
1699743180,11,12,6,413,15,6
1699743240,11,12,6,414,15,6
1699743300,11,12,6,415,15,6
1699743360,11,12,6,416,15,6
1699743420,11,12,6,417,15,6
1699743480,11,12,6,418,15,6
1699743540,11,12,6,419,15,6
1699743600,11,12,6,420,15,6
1699743660,11,12,6,421,15,6
1699743720,11,12,6,422,15,6
1699743780,11,12,6,423,15,6
1699743840,11,12,6,424,15,6
1699743900,11,12,6,425,15,6
1699743960,11,12,6,426,15,6
1699744020,11,12,6,427,15,6
1699744080,11,12,6,428,15,6
1699744140,11,12,6,429,15,6
1699744200,11,12,6,430,15,6
1699744260,11,12,6,431,15,6
1699744320,11,12,6,432,15,6
1699744380,11,12,6,433,15,6
1699744440,11,12,6,434,15,6
1699744500,11,12,6,435,15,6
1699744560,11,12,6,436,15,6
1699744620,11,12,6,437,15,6
1699744680,11,12,6,438,15,6
1699744740,11,12,6,439,15,6
1699744860,11,12,6,441,15,6
1699744920,11,12,6,442,15,6
1699744980,11,12,6,443,15,6
1699745040,11,12,6,444,15,6
1699745100,11,12,6,445,15,6
1699745160,11,12,6,446,15,6
1699745220,11,12,6,447,15,6
1699745280,11,12,6,448,15,6
1699745340,11,12,6,449,15,6
1699745400,11,12,6,450,15,6
1699745460,11,12,6,451,15,6
1699745520,11,12,6,452,15,6
1699745580,11,12,6,453,15,6
1699745640,11,12,6,454,15,6
1699745700,11,12,6,455,15,6
1699745760,11,12,6,456,15,6
1699745820,11,12,6,457,15,6
1699745880,11,12,6,458,15,6
1699745940,11,12,6,459,15,6
1699746000,11,12,6,460,15,6
1699746060,11,12,6,461,15,6
1699746120,11,12,6,462,15,6
1699746180,11,12,6,463,15,6
1699746240,11,12,6,464,15,6
1699746300,11,12,6,465,15,6
1699746360,11,12,6,466,15,6
1699746420,11,12,6,467,15,6
1699746480,11,12,6,468,15,6
1699746540,11,12,6,469,15,7
1699746600,11,12,6,470,15,7
1699746660,11,12,6,471,15,7
1699746720,11,12,6,472,15,7
1699746780,11,12,6,473,15,7
1699746840,11,12,6,474,15,6
1699746900,11,12,6,475,15,6
1699746960,11,12,6,476,15,6
1699747020,11,12,6,477,15,6
1699747080,11,12,6,478,15,6
1699747140,11,12,6,479,15,7
1699747260,11,12,6,481,15,6
1699747320,11,12,6,482,15,6
1699747380,11,12,6,483,15,6
1699747440,11,12,6,484,15,6
1699747500,11,12,6,485,15,6
1699747560,11,12,6,486,15,6
1699747620,11,12,6,487,15,6
1699747680,11,12,6,488,15,6
1699747740,11,12,6,489,15,6
1699747800,11,12,6,490,15,6
1699747860,11,12,6,491,15,6
1699747920,11,12,6,492,15,6
1699747980,11,12,6,493,15,5
1699748040,11,12,6,494,15,5
1699748100,11,12,6,495,15,5
1699748160,11,12,6,496,15,5
1699748220,11,12,6,497,15,5
1699748280,11,12,6,498,15,5
1699748340,11,12,6,499,15,5
1699748460,11,12,6,501,15,5
1699748520,11,12,6,502,15,5
1699748580,11,12,6,503,15,5
1699748640,11,12,6,504,15,5
1699748700,11,12,6,505,15,5
1699748760,11,12,6,506,15,5
1699748820,11,12,6,507,15,5
1699748880,11,12,6,508,15,5
1699748940,11,12,6,509,15,5
1699749000,11,12,6,510,15,5
1699749060,11,12,6,511,15,5
1699749120,11,12,6,512,15,5
1699749180,11,12,6,513,15,5
1699749240,11,12,6,514,15,5
1699749300,11,12,6,515,15,5
1699749360,11,12,6,516,15,5
1699749420,11,12,6,517,15,5
1699749480,11,12,6,518,15,5
1699749540,11,12,6,519,15,5
1699749600,11,12,6,520,15,5
1699749660,11,12,6,521,15,6
1699749720,11,12,6,522,15,6
1699749780,11,12,6,523,15,6
1699749840,11,12,6,524,15,6
1699749900,11,12,6,525,15,6
1699749960,11,12,6,526,15,6
1699750020,11,12,6,527,15,6
1699750080,11,12,6,528,15,6
1699750140,11,12,6,529,15,7
1699750200,11,12,6,530,15,7
1699750260,11,12,6,531,15,6
1699750320,11,12,6,532,15,6
1699750380,11,12,6,533,15,6
1699750440,11,12,6,534,15,6
1699750500,11,12,6,535,15,6
1699750560,11,12,6,536,15,5
1699750620,11,12,6,537,15,6
1699750680,11,12,6,538,15,6
1699750740,11,12,6,539,15,6
1699750860,11,12,6,541,15,6
1699750920,11,12,6,542,15,6
1699750980,11,12,6,543,15,6
1699751040,11,12,6,544,15,6
1699751100,11,12,6,545,15,6
1699751160,11,12,6,546,15,6
1699751220,11,12,6,547,15,6
1699751280,11,12,6,548,15,6
1699751340,11,12,6,549,15,6
1699751400,11,12,6,550,15,6
1699751460,11,12,6,551,15,6
1699751520,11,12,6,552,15,6
1699751580,11,12,6,553,15,6
1699751640,11,12,6,554,15,6
1699751700,11,12,6,555,15,6
1699751760,11,12,6,556,15,6
1699751820,11,12,6,557,15,5
1699751880,11,12,6,558,15,5
1699751940,11,12,6,559,15,5
1699752060,11,12,6,561,15,5
1699752120,11,12,6,562,15,5
1699752180,11,12,6,563,15,5
1699752240,11,12,6,564,15,5
1699752300,11,12,6,565,15,5
1699752360,11,12,6,566,15,5
1699752420,11,12,6,567,15,5
1699752480,11,12,6,568,15,5
1699752540,11,12,6,569,15,5
1699752660,11,12,6,571,15,5
1699752720,11,12,6,572,15,5
1699752780,11,12,6,573,15,5
1699752840,11,12,6,574,15,5
1699752900,11,12,6,575,15,5
1699752960,11,12,6,576,15,5
1699753020,11,12,6,577,15,5
1699753080,11,12,6,578,15,3
1699753140,11,12,6,579,15,3
1699753200,11,12,6,580,15,3
1699753260,11,12,6,581,15,3
1699753320,11,12,6,582,15,3
1699753380,11,12,6,583,15,3
1699753440,11,12,6,584,15,5
1699753500,11,12,6,585,15,5
1699753560,11,12,6,586,15,5
1699753620,11,12,6,587,15,5
1699753680,11,12,6,588,15,5
1699753740,11,12,6,589,15,5
1699753800,11,12,6,590,15,5
1699753860,11,12,6,591,15,5
1699753920,11,12,6,592,15,4
1699753980,11,12,6,593,15,4
1699754040,11,12,6,594,15,4
1699754100,11,12,6,595,15,4
1699754160,11,12,6,596,15,4
1699754220,11,12,6,597,15,4
1699754280,11,12,6,598,15,4
1699754340,11,12,6,599,15,4
1699754460,11,12,6,601,15,4
1699754520,11,12,6,602,15,4
1699754580,11,12,6,603,15,4
1699754640,11,12,6,604,15,4
1699754700,11,12,6,605,15,4
1699754760,11,12,6,606,15,4
1699754880,11,12,6,608,15,4
1699754940,11,12,6,609,15,4
1699755000,11,12,6,610,15,4
1699755060,11,12,6,611,15,4
1699755120,11,12,6,612,15,4
1699755180,11,12,6,613,15,4
1699755240,11,12,6,614,15,4
1699755300,11,12,6,615,15,3
1699755360,11,12,6,616,15,2
1699755420,11,12,6,617,15,2
1699755480,11,12,6,618,15,2
1699755540,11,12,6,619,15,2
1699755660,11,12,6,621,15,1
1699755720,11,12,6,622,15,1
1699755780,11,12,6,623,15,1
1699755840,11,12,6,624,15,1
1699755900,11,12,6,625,15,1
1699755960,11,12,6,626,15,1
1699756020,11,12,6,627,15,1
1699756080,11,12,6,628,15,1
1699756140,11,12,6,629,15,1
1699756260,11,12,6,631,15,1
1699756320,11,12,6,632,15,1
1699756380,11,12,6,633,15,1
1699756440,11,12,6,634,15,1
1699756500,11,12,6,635,15,0
1699756560,11,12,6,636,15,0
1699756620,11,12,6,637,15,0
1699756680,11,12,6,638,15,0
1699756740,11,12,6,639,15,0
1699756800,11,12,6,640,15,0
1699756860,11,12,6,641,15,0
1699756920,11,12,6,642,15,0
1699756980,11,12,6,643,15,0
1699757040,11,12,6,644,15,0
1699757100,11,12,6,645,15,0
1699757160,11,12,6,646,15,0
1699757220,11,12,6,647,15,0
1699757280,11,12,6,648,15,0
1699757340,11,12,6,649,15,0
1699757400,11,12,6,650,15,0
1699757460,11,12,6,651,15,0
1699757520,11,12,6,652,15,0
1699757580,11,12,6,653,15,0
1699757640,11,12,6,654,15,0
1699757700,11,12,6,655,15,0
1699757760,11,12,6,656,15,0
1699757820,11,12,6,657,15,0
1699757880,11,12,6,658,15,0
1699757940,11,12,6,659,15,0
1699758060,11,12,6,661,15,0
1699758120,11,12,6,662,15,0
1699758180,11,12,6,663,15,0
1699758240,11,12,6,664,15,0
1699758300,11,12,6,665,15,0
1699758360,11,12,6,666,15,0
1699758420,11,12,6,667,15,0
1699758480,11,12,6,668,15,0
1699758540,11,12,6,669,15,0
1699758600,11,12,6,670,15,0
1699758660,11,12,6,671,15,0
1699758720,11,12,6,672,15,0
1699758780,11,12,6,673,15,0
1699758840,11,12,6,674,15,0
1699758900,11,12,6,675,15,0
1699758960,11,12,6,676,15,0
1699759020,11,12,6,677,15,0
1699759080,11,12,6,678,15,0
1699759140,11,12,6,679,15,0
1699759260,11,12,6,681,15,1
1699759320,11,12,6,682,15,1
1699759380,11,12,6,683,15,1
1699759440,11,12,6,684,15,0
1699759500,11,12,6,685,15,0
1699759560,11,12,6,686,15,0
1699759620,11,12,6,687,15,0
1699759680,11,12,6,688,15,0
1699759740,11,12,6,689,15,0
1699759860,11,12,6,691,15,1
1699759920,11,12,6,692,15,1
1699759980,11,12,6,693,15,2
1699760040,11,12,6,694,15,2
1699760100,11,12,6,695,15,2
1699760160,11,12,6,696,15,2
1699760220,11,12,6,697,15,1
1699760280,11,12,6,698,15,0
1699760340,11,12,6,699,15,0
1699760400,11,12,6,700,15,0
1699760460,11,12,6,701,15,0
1699760520,11,12,6,702,15,0
1699760580,11,12,6,703,15,0
1699760640,11,12,6,704,15,0
1699760700,11,12,6,705,15,0
1699760760,11,12,6,706,15,0
1699760820,11,12,6,707,15,0
1699760880,11,12,6,708,15,0
1699760940,11,12,6,709,15,0
1699761000,11,12,6,710,15,0
1699761060,11,12,6,711,15,0
1699761120,11,12,6,712,15,0
1699761180,11,12,6,713,15,0
1699761240,11,12,6,714,15,0
1699761300,11,12,6,715,15,0
1699761360,11,12,6,716,15,1
1699761420,11,12,6,717,15,0
1699761480,11,12,6,718,15,0
1699761540,11,12,6,719,15,0
1699761660,11,12,6,721,15,0
1699761720,11,12,6,722,15,0
1699761780,11,12,6,723,15,0
1699761840,11,12,6,724,15,3
1699761900,11,12,6,725,15,2
1699761960,11,12,6,726,15,3
1699762020,11,12,6,727,15,3
1699762080,11,12,6,728,15,1
1699762140,11,12,6,729,15,1
1699762200,11,12,6,730,15,1
1699762260,11,12,6,731,15,1
1699762320,11,12,6,732,15,1
1699762380,11,12,6,733,15,1
1699762440,11,12,6,734,15,0
1699762500,11,12,6,735,15,0
1699762560,11,12,6,736,15,0
1699762620,11,12,6,737,15,0
1699762680,11,12,6,738,15,0
1699762740,11,12,6,739,15,0
1699762860,11,12,6,741,15,0
1699762920,11,12,6,742,15,0
1699762980,11,12,6,743,15,0
1699763040,11,12,6,744,15,0
1699763100,11,12,6,745,15,0
1699763160,11,12,6,746,15,0
1699763280,11,12,6,748,15,0
1699763340,11,12,6,749,15,0
1699763460,11,12,6,751,15,0
1699763520,11,12,6,752,15,0
1699763580,11,12,6,753,15,0
1699763640,11,12,6,754,15,0
1699763700,11,12,6,755,15,0
1699763760,11,12,6,756,15,0
1699763820,11,12,6,757,15,0
1699763880,11,12,6,758,15,0
1699763940,11,12,6,759,15,0
1699764060,11,12,6,761,15,0
1699764120,11,12,6,762,15,0
1699764180,11,12,6,763,15,0
1699764240,11,12,6,764,15,0
1699764300,11,12,6,765,15,0
1699764360,11,12,6,766,15,2
1699764420,11,12,6,767,15,3
1699764480,11,12,6,768,15,3
1699764540,11,12,6,769,15,4
1699764660,11,12,6,771,15,2
1699764720,11,12,6,772,15,3
1699764780,11,12,6,773,15,2
1699764840,11,12,6,774,15,2
1699764900,11,12,6,775,15,2
1699764960,11,12,6,776,15,2
1699765020,11,12,6,777,15,1
1699765080,11,12,6,778,15,1
1699765140,11,12,6,779,15,0
1699765260,11,12,6,781,15,1
1699765320,11,12,6,782,15,1
1699765380,11,12,6,783,15,1
1699765440,11,12,6,784,15,0
1699765500,11,12,6,785,15,0
1699765560,11,12,6,786,15,0
1699765620,11,12,6,787,15,0
1699765680,11,12,6,788,15,0
1699765740,11,12,6,789,15,0
1699765860,11,12,6,791,15,0
1699765920,11,12,6,792,15,1
1699765980,11,12,6,793,15,1
1699766040,11,12,6,794,15,1
1699766100,11,12,6,795,15,1
1699766160,11,12,6,796,15,2
1699766220,11,12,6,797,15,2
1699766280,11,12,6,798,15,2
1699766340,11,12,6,799,15,2
1699766460,11,12,6,801,15,1
1699766520,11,12,6,802,15,1
1699766580,11,12,6,803,15,1
1699766640,11,12,6,804,15,1
1699766700,11,12,6,805,15,2
1699766760,11,12,6,806,15,2
1699766820,11,12,6,807,15,2
1699766880,11,12,6,808,15,2
1699766940,11,12,6,809,15,1
1699767060,11,12,6,811,15,0
1699767120,11,12,6,812,15,0
1699767180,11,12,6,813,15,0
1699767240,11,12,6,814,15,0
1699767300,11,12,6,815,15,1
1699767360,11,12,6,816,15,1
1699767420,11,12,6,817,15,1
1699767480,11,12,6,818,15,0
1699767540,11,12,6,819,15,0
1699767660,11,12,6,821,15,0
1699767720,11,12,6,822,15,0
1699767780,11,12,6,823,15,0
1699767840,11,12,6,824,15,1
1699767900,11,12,6,825,15,0
1699767960,11,12,6,826,15,0
1699768020,11,12,6,827,15,0
1699768080,11,12,6,828,15,1
1699768140,11,12,6,829,15,2
1699768260,11,12,6,831,15,1
1699768320,11,12,6,832,15,0
1699768380,11,12,6,833,15,0
1699768440,11,12,6,834,15,0
1699768500,11,12,6,835,15,0
1699768560,11,12,6,836,15,0
1699768620,11,12,6,837,15,0
1699768680,11,12,6,838,15,1
1699768740,11,12,6,839,15,1
1699768860,11,12,6,841,15,1
1699768920,11,12,6,842,15,1
1699768980,11,12,6,843,15,1
1699769040,11,12,6,844,15,1
1699769100,11,12,6,845,15,1
1699769160,11,12,6,846,15,0
1699769220,11,12,6,847,15,0
1699769280,11,12,6,848,15,0
1699769340,11,12,6,849,15,0
1699769460,11,12,6,851,15,0
1699769520,11,12,6,852,15,1
1699769580,11,12,6,853,15,1
1699769640,11,12,6,854,15,1
1699769700,11,12,6,855,15,1
1699769760,11,12,6,856,15,0
1699769820,11,12,6,857,15,0
1699769880,11,12,6,858,15,0
1699769940,11,12,6,859,15,0
1699770060,11,12,6,861,15,0
1699770120,11,12,6,862,15,0
1699770180,11,12,6,863,15,0
1699770240,11,12,6,864,15,0
1699770300,11,12,6,865,15,0
1699770360,11,12,6,866,15,0
1699770420,11,12,6,867,15,0
1699770480,11,12,6,868,15,0
1699770540,11,12,6,869,15,0
1699770660,11,12,6,871,15,0
1699770720,11,12,6,872,15,0
1699770780,11,12,6,873,15,0
1699770840,11,12,6,874,15,0
1699770900,11,12,6,875,15,0
1699770960,11,12,6,876,15,0
1699771020,11,12,6,877,15,0
1699771080,11,12,6,878,15,0
1699771140,11,12,6,879,15,1
1699771200,11,12,6,880,15,1
1699771260,11,12,6,881,15,1
1699771320,11,12,6,882,15,1
1699771380,11,12,6,883,15,1
1699771440,11,12,6,884,15,1
1699771500,11,12,6,885,15,2
1699771560,11,12,6,886,15,2
1699771620,11,12,6,887,15,2
1699771680,11,12,6,888,15,2
1699771740,11,12,6,889,15,2
1699771800,11,12,6,890,15,2
1699771860,11,12,6,891,15,2
1699771920,11,12,6,892,15,2
1699771980,11,12,6,893,15,2
1699772040,11,12,6,894,15,2
1699772100,11,12,6,895,15,2
1699772160,11,12,6,896,15,2
1699772220,11,12,6,897,15,2
1699772280,11,12,6,898,15,2
1699772340,11,12,6,899,15,2
1699772400,11,12,6,900,15,2
1699772520,11,12,6,902,15,2
1699772580,11,12,6,903,15,2
1699772640,11,12,6,904,15,2
1699772700,11,12,6,905,15,2
1699772760,11,12,6,906,15,2
1699772820,11,12,6,907,15,2
1699772880,11,12,6,908,15,2
1699772940,11,12,6,909,15,2
1699773000,11,12,6,910,15,2
1699773060,11,12,6,911,15,2
1699773120,11,12,6,912,15,3
1699773180,11,12,6,913,15,3
1699773240,11,12,6,914,15,3
1699773300,11,12,6,915,15,3
1699773360,11,12,6,916,15,3
1699773420,11,12,6,917,15,3
1699773480,11,12,6,918,15,3
1699773540,11,12,6,919,15,3
1699773660,11,12,6,921,15,3
1699773720,11,12,6,922,15,3
1699773780,11,12,6,923,15,3
1699773840,11,12,6,924,15,3
1699773900,11,12,6,925,15,3
1699773960,11,12,6,926,15,4
1699774020,11,12,6,927,15,4
1699774080,11,12,6,928,15,5
1699774140,11,12,6,929,15,5
1699774260,11,12,6,931,15,4
1699774320,11,12,6,932,15,4
1699774380,11,12,6,933,15,5
1699774440,11,12,6,934,15,5
1699774500,11,12,6,935,15,5
1699774560,11,12,6,936,15,5
1699774620,11,12,6,937,15,5
1699774680,11,12,6,938,15,5
1699774740,11,12,6,939,15,5
1699774800,11,12,6,940,15,5
1699774860,11,12,6,941,15,5
1699774920,11,12,6,942,15,4
1699774980,11,12,6,943,15,4
1699775040,11,12,6,944,15,4
1699775100,11,12,6,945,15,4
1699775160,11,12,6,946,15,4
1699775220,11,12,6,947,15,4
1699775280,11,12,6,948,15,4
1699775340,11,12,6,949,15,4
1699775400,11,12,6,950,15,4
1699775460,11,12,6,951,15,4
1699775520,11,12,6,952,15,5
1699775580,11,12,6,953,15,5
1699775640,11,12,6,954,15,5
1699775700,11,12,6,955,15,5
1699775760,11,12,6,956,15,5
1699775820,11,12,6,957,15,5
1699775880,11,12,6,958,15,5
1699775940,11,12,6,959,15,5
1699776060,11,12,6,961,15,3
1699776120,11,12,6,962,15,3
1699776180,11,12,6,963,15,3
1699776240,11,12,6,964,15,3
1699776300,11,12,6,965,15,3
1699776360,11,12,6,966,15,3
1699776420,11,12,6,967,15,3
1699776480,11,12,6,968,15,3
1699776540,11,12,6,969,15,3
1699776600,11,12,6,970,15,3
1699776660,11,12,6,971,15,3
1699776720,11,12,6,972,15,3
1699776780,11,12,6,973,15,3
1699776840,11,12,6,974,15,3
1699776900,11,12,6,975,15,3
1699776960,11,12,6,976,15,3
1699777020,11,12,6,977,15,3
1699777080,11,12,6,978,15,3
1699777140,11,12,6,979,15,3
1699777260,11,12,6,981,15,3
1699777320,11,12,6,982,15,3
1699777380,11,12,6,983,15,3
1699777440,11,12,6,984,15,3
1699777500,11,12,6,985,15,3
1699777560,11,12,6,986,15,3
1699777620,11,12,6,987,15,2
1699777680,11,12,6,988,15,2
1699777740,11,12,6,989,15,2
1699777860,11,12,6,991,15,2
1699777920,11,12,6,992,15,2
1699777980,11,12,6,993,15,2
1699778040,11,12,6,994,15,2
1699778100,11,12,6,995,15,1
1699778160,11,12,6,996,15,0
1699778220,11,12,6,997,15,0
1699778280,11,12,6,998,15,0
1699778340,11,12,6,999,15,0
1699778400,11,12,6,1000,15,0
1699778460,11,12,6,1001,15,0
1699778580,11,12,6,1003,15,0
1699778640,11,12,6,1004,15,0
1699778700,11,12,6,1005,15,0
1699778760,11,12,6,1006,15,0
1699778820,11,12,6,1007,15,0
1699778880,11,12,6,1008,15,1
1699778940,11,12,6,1009,15,0
1699779060,11,12,6,1011,15,0
1699779120,11,12,6,1012,15,0
1699779180,11,12,6,1013,15,0
1699779240,11,12,6,1014,15,0
1699779300,11,12,6,1015,15,0
1699779360,11,12,6,1016,15,0
1699779420,11,12,6,1017,15,0
1699779480,11,12,6,1018,15,0
1699779540,11,12,6,1019,15,0
1699779660,11,12,6,1021,15,0
1699779720,11,12,6,1022,15,0
1699779780,11,12,6,1023,15,0
1699779840,11,12,6,1024,15,0
1699779900,11,12,6,1025,15,0
1699779960,11,12,6,1026,15,0
1699780020,11,12,6,1027,15,0
1699780080,11,12,6,1028,15,0
1699780140,11,12,6,1029,15,0
1699780260,11,12,6,1031,15,0
1699780320,11,12,6,1032,15,0
1699780380,11,12,6,1033,15,0
1699780440,11,12,6,1034,15,0
1699780500,11,12,6,1035,15,0
1699780560,11,12,6,1036,15,0
1699780620,11,12,6,1037,15,0
1699780680,11,12,6,1038,15,0
1699780740,11,12,6,1039,15,1
1699780860,11,12,6,1041,15,1
1699780920,11,12,6,1042,15,1
1699780980,11,12,6,1043,15,1
1699781040,11,12,6,1044,15,1
1699781100,11,12,6,1045,15,0
1699781160,11,12,6,1046,15,0
1699781220,11,12,6,1047,15,0
1699781280,11,12,6,1048,15,0
1699781340,11,12,6,1049,15,0
1699781460,11,12,6,1051,15,0
1699781520,11,12,6,1052,15,1
1699781580,11,12,6,1053,15,0
1699781640,11,12,6,1054,15,0
1699781700,11,12,6,1055,15,0
1699781760,11,12,6,1056,15,0
1699781820,11,12,6,1057,15,0
1699781880,11,12,6,1058,15,0
1699781940,11,12,6,1059,15,0
1699782060,11,12,6,1061,15,0
1699782120,11,12,6,1062,15,1
1699782180,11,12,6,1063,15,1
1699782240,11,12,6,1064,15,1
1699782300,11,12,6,1065,15,2
1699782360,11,12,6,1066,15,0
1699782420,11,12,6,1067,15,0
1699782480,11,12,6,1068,15,0
1699782540,11,12,6,1069,15,0
1699782660,11,12,6,1071,15,0
1699782720,11,12,6,1072,15,0
1699782780,11,12,6,1073,15,0
1699782840,11,12,6,1074,15,0
1699782900,11,12,6,1075,15,0
1699782960,11,12,6,1076,15,1
1699783020,11,12,6,1077,15,0
1699783080,11,12,6,1078,15,0
1699783140,11,12,6,1079,15,1
1699783260,11,12,6,1081,15,0
1699783320,11,12,6,1082,15,0
1699783380,11,12,6,1083,15,0
1699783440,11,12,6,1084,15,0
1699783500,11,12,6,1085,15,0
1699783560,11,12,6,1086,15,0
1699783620,11,12,6,1087,15,0
1699783680,11,12,6,1088,15,0
1699783740,11,12,6,1089,15,2
1699783860,11,12,6,1091,15,1
1699783920,11,12,6,1092,15,0
1699783980,11,12,6,1093,15,0
1699784040,11,12,6,1094,15,0
1699784100,11,12,6,1095,15,0
1699784160,11,12,6,1096,15,0
1699784220,11,12,6,1097,15,0
1699784280,11,12,6,1098,15,0
1699784340,11,12,6,1099,15,1
1699784460,11,12,6,1101,15,1
1699784520,11,12,6,1102,15,1
1699784580,11,12,6,1103,15,1
1699784640,11,12,6,1104,15,1
1699784700,11,12,6,1105,15,1
1699784760,11,12,6,1106,15,1
1699784820,11,12,6,1107,15,1
1699784880,11,12,6,1108,15,0
1699784940,11,12,6,1109,15,1
1699785060,11,12,6,1111,15,0
1699785120,11,12,6,1112,15,0
1699785180,11,12,6,1113,15,0
1699785240,11,12,6,1114,15,0
1699785300,11,12,6,1115,15,0
1699785360,11,12,6,1116,15,0
1699785420,11,12,6,1117,15,0
1699785480,11,12,6,1118,15,0
1699785540,11,12,6,1119,15,0
1699785600,11,12,6,1120,15,0
1699785660,11,12,6,1121,15,0
1699785720,11,12,6,1122,15,0
1699785780,11,12,6,1123,15,0
1699785840,11,12,6,1124,15,0
1699785900,11,12,6,1125,15,0
1699785960,11,12,6,1126,15,1
1699786020,11,12,6,1127,15,1
1699786080,11,12,6,1128,15,0
1699786140,11,12,6,1129,15,0
1699786200,11,12,6,1130,15,0
1699786260,11,12,6,1131,15,0
1699786320,11,12,6,1132,15,2
1699786380,11,12,6,1133,15,2
1699786440,11,12,6,1134,15,2
1699786500,11,12,6,1135,15,2
1699786560,11,12,6,1136,15,3
1699786620,11,12,6,1137,15,3
1699786680,11,12,6,1138,15,3
1699786740,11,12,6,1139,15,2
1699786860,11,12,6,1141,15,1
1699786920,11,12,6,1142,15,2
1699786980,11,12,6,1143,15,2
1699787040,11,12,6,1144,15,2
1699787100,11,12,6,1145,15,2
1699787160,11,12,6,1146,15,2
1699787220,11,12,6,1147,15,2
1699787280,11,12,6,1148,15,3
1699787340,11,12,6,1149,15,3
1699787400,11,12,6,1150,15,3
1699787460,11,12,6,1151,15,3
1699787520,11,12,6,1152,15,3
1699787580,11,12,6,1153,15,3
1699787640,11,12,6,1154,15,3
1699787700,11,12,6,1155,15,3
1699787760,11,12,6,1156,15,3
1699787820,11,12,6,1157,15,2
1699787880,11,12,6,1158,15,2
1699787940,11,12,6,1159,15,2
1699788060,11,12,6,1161,15,2
1699788120,11,12,6,1162,15,2
1699788180,11,12,6,1163,15,2
1699788240,11,12,6,1164,15,2
1699788300,11,12,6,1165,15,2
1699788360,11,12,6,1166,15,2
1699788420,11,12,6,1167,15,1
1699788480,11,12,6,1168,15,0
1699788540,11,12,6,1169,15,0
1699788600,11,12,6,1170,15,0
1699788660,11,12,6,1171,15,0
1699788720,11,12,6,1172,15,0
1699788780,11,12,6,1173,15,0
1699788840,11,12,6,1174,15,0
1699788900,11,12,6,1175,15,0
1699788960,11,12,6,1176,15,0
1699789020,11,12,6,1177,15,0
1699789080,11,12,6,1178,15,0
1699789140,11,12,6,1179,15,0
1699789200,11,12,6,1180,15,0
1699789260,11,12,6,1181,15,0
1699789320,11,12,6,1182,15,0
1699789380,11,12,6,1183,15,0
1699789440,11,12,6,1184,15,0
1699789500,11,12,6,1185,15,0
1699789560,11,12,6,1186,15,0
1699789620,11,12,6,1187,15,0
1699789680,11,12,6,1188,15,0
1699789740,11,12,6,1189,15,0
1699789800,11,12,6,1190,15,0
1699789860,11,12,6,1191,15,0
1699789920,11,12,6,1192,15,0
1699789980,11,12,6,1193,15,0
1699790040,11,12,6,1194,15,0
1699790100,11,12,6,1195,15,0
1699790160,11,12,6,1196,15,0
1699790220,11,12,6,1197,15,0
1699790280,11,12,6,1198,15,0
1699790340,11,12,6,1199,15,1
1699790400,11,12,6,1200,15,2
1699790520,11,12,6,1202,15,2
1699790580,11,12,6,1203,15,2
1699790640,11,12,6,1204,15,2
1699790700,11,12,6,1205,15,2
1699790760,11,12,6,1206,15,2
1699790820,11,12,6,1207,15,2
1699790880,11,12,6,1208,15,2
1699790940,11,12,6,1209,15,2
1699791000,11,12,6,1210,15,2
1699791060,11,12,6,1211,15,2
1699791120,11,12,6,1212,15,2
1699791180,11,12,6,1213,15,2
1699791240,11,12,6,1214,15,1
1699791300,11,12,6,1215,15,1
1699791360,11,12,6,1216,15,1
1699791420,11,12,6,1217,15,2
1699791480,11,12,6,1218,15,2
1699791540,11,12,6,1219,15,2
1699791660,11,12,6,1221,15,1
1699791720,11,12,6,1222,15,1
1699791780,11,12,6,1223,15,1
1699791840,11,12,6,1224,15,1
1699791900,11,12,6,1225,15,1
1699791960,11,12,6,1226,15,0
1699792020,11,12,6,1227,15,0
1699792080,11,12,6,1228,15,0
1699792140,11,12,6,1229,15,0
1699792200,11,12,6,1230,15,0
1699792260,11,12,6,1231,15,0
1699792320,11,12,6,1232,15,0
1699792380,11,12,6,1233,15,0
1699792440,11,12,6,1234,15,0
1699792500,11,12,6,1235,15,0
1699792560,11,12,6,1236,15,0
1699792620,11,12,6,1237,15,0
1699792680,11,12,6,1238,15,0
1699792740,11,12,6,1239,15,0
1699792800,11,12,6,1240,15,0
1699792860,11,12,6,1241,15,0
1699792920,11,12,6,1242,15,0
1699792980,11,12,6,1243,15,0
1699793040,11,12,6,1244,15,0
1699793100,11,12,6,1245,15,0
1699793160,11,12,6,1246,15,0
1699793220,11,12,6,1247,15,0
1699793280,11,12,6,1248,15,0
1699793340,11,12,6,1249,15,0
1699793400,11,12,6,1250,15,0
1699793460,11,12,6,1251,15,0
1699793520,11,12,6,1252,15,0
1699793580,11,12,6,1253,15,0
1699793640,11,12,6,1254,15,0
1699793700,11,12,6,1255,15,0
1699793760,11,12,6,1256,15,0
1699793820,11,12,6,1257,15,0
1699793880,11,12,6,1258,15,0
1699793940,11,12,6,1259,15,0
1699794000,11,12,6,1260,15,0
1699794180,11,12,6,1263,15,0
1699794240,11,12,6,1264,15,0
1699794300,11,12,6,1265,15,0
1699794360,11,12,6,1266,15,0
1699794420,11,12,6,1267,15,0
1699794480,11,12,6,1268,15,0
1699794540,11,12,6,1269,15,0
1699794600,11,12,6,1270,15,0
1699794720,11,12,6,1272,15,1
1699794780,11,12,6,1273,15,1
1699794840,11,12,6,1274,15,1
1699794900,11,12,6,1275,15,1
1699794960,11,12,6,1276,15,1
1699795020,11,12,6,1277,15,1
1699795080,11,12,6,1278,15,1
1699795140,11,12,6,1279,15,2
1699795260,11,12,6,1281,15,2
1699795320,11,12,6,1282,15,2
1699795380,11,12,6,1283,15,2
1699795440,11,12,6,1284,15,2
1699795500,11,12,6,1285,15,2
1699795560,11,12,6,1286,15,2
1699795620,11,12,6,1287,15,2
1699795680,11,12,6,1288,15,2
1699795740,11,12,6,1289,15,2
1699795860,11,12,6,1291,15,2
1699795920,11,12,6,1292,15,2
1699795980,11,12,6,1293,15,2
1699796040,11,12,6,1294,15,2
1699796100,11,12,6,1295,15,2
1699796160,11,12,6,1296,15,2
1699796220,11,12,6,1297,15,3
1699796280,11,12,6,1298,15,3
1699796340,11,12,6,1299,15,3
1699796460,11,12,6,1301,15,3
1699796520,11,12,6,1302,15,3
1699796580,11,12,6,1303,15,3
1699796640,11,12,6,1304,15,3
1699796700,11,12,6,1305,15,3
1699796760,11,12,6,1306,15,3
1699796820,11,12,6,1307,15,3
1699796880,11,12,6,1308,15,3
1699796940,11,12,6,1309,15,3
1699797060,11,12,6,1311,15,3
1699797120,11,12,6,1312,15,3
1699797180,11,12,6,1313,15,3
1699797240,11,12,6,1314,15,3
1699797300,11,12,6,1315,15,3
1699797360,11,12,6,1316,15,3
1699797420,11,12,6,1317,15,3
1699797480,11,12,6,1318,15,3
1699797540,11,12,6,1319,15,3
1699797660,11,12,6,1321,15,3
1699797720,11,12,6,1322,15,3
1699797780,11,12,6,1323,15,3
1699797840,11,12,6,1324,15,3
1699797900,11,12,6,1325,15,3
1699797960,11,12,6,1326,15,3
1699798020,11,12,6,1327,15,3
1699798080,11,12,6,1328,15,3
1699798140,11,12,6,1329,15,4
1699798260,11,12,6,1331,15,4
1699798320,11,12,6,1332,15,5
1699798380,11,12,6,1333,15,5
1699798440,11,12,6,1334,15,6
1699798500,11,12,6,1335,15,6
1699798560,11,12,6,1336,15,6
1699798620,11,12,6,1337,15,6
1699798680,11,12,6,1338,15,6
1699798740,11,12,6,1339,15,6
1699798860,11,12,6,1341,15,6
1699798920,11,12,6,1342,15,6
1699798980,11,12,6,1343,15,6
1699799040,11,12,6,1344,15,6
1699799100,11,12,6,1345,15,6
1699799160,11,12,6,1346,15,6
1699799220,11,12,6,1347,15,6
1699799280,11,12,6,1348,15,6
1699799340,11,12,6,1349,15,6
1699799460,11,12,6,1351,15,7
1699799520,11,12,6,1352,15,7
1699799580,11,12,6,1353,15,7
1699799640,11,12,6,1354,15,7
1699799700,11,12,6,1355,15,7
1699799760,11,12,6,1356,15,7
1699799820,11,12,6,1357,15,7
1699799880,11,12,6,1358,15,7
1699799940,11,12,6,1359,15,7
1699800000,11,12,6,1360,15,8
1699800060,11,12,6,1361,15,8
1699800120,11,12,6,1362,15,9
1699800180,11,12,6,1363,15,9
1699800240,11,12,6,1364,15,9
1699800300,11,12,6,1365,15,9
1699800360,11,12,6,1366,15,9
1699800420,11,12,6,1367,15,9
1699800480,11,12,6,1368,15,9
1699800540,11,12,6,1369,15,9
1699800600,11,12,6,1370,15,9
1699800660,11,12,6,1371,15,9
1699800720,11,12,6,1372,15,9
1699800780,11,12,6,1373,15,9
1699800840,11,12,6,1374,15,9
1699800900,11,12,6,1375,15,10
1699800960,11,12,6,1376,15,10
1699801020,11,12,6,1377,15,10
1699801080,11,12,6,1378,15,10
1699801140,11,12,6,1379,15,10
1699801260,11,12,6,1381,15,11
1699801320,11,12,6,1382,15,13
1699801380,11,12,6,1383,15,13
1699801440,11,12,6,1384,15,13
1699801500,11,12,6,1385,15,13
1699801560,11,12,6,1386,15,13
1699801620,11,12,6,1387,15,14
1699801680,11,12,6,1388,15,14
1699801740,11,12,6,1389,15,14
1699801800,11,12,6,1390,15,14
1699801860,11,12,6,1391,15,14
1699801920,11,12,6,1392,15,14
1699801980,11,12,6,1393,15,14
1699802040,11,12,6,1394,15,14
1699802100,11,12,6,1395,15,14
1699802160,11,12,6,1396,15,14
1699802220,11,12,6,1397,15,14
1699802280,11,12,6,1398,15,14
1699802340,11,12,6,1399,15,14
1699802460,11,12,6,1401,15,14
1699802520,11,12,6,1402,15,13
1699802580,11,12,6,1403,15,13
1699802640,11,12,6,1404,15,13
1699802700,11,12,6,1405,15,13
1699802760,11,12,6,1406,15,13
1699802820,11,12,6,1407,15,13
1699802880,11,12,6,1408,15,14
1699802940,11,12,6,1409,15,15
1699803000,11,12,6,1410,15,15
1699803060,11,12,6,1411,15,15
1699803120,11,12,6,1412,15,15
1699803180,11,12,6,1413,15,15
1699803240,11,12,6,1414,15,15
1699803300,11,12,6,1415,15,15
1699803360,11,12,6,1416,15,15
1699803420,11,12,6,1417,15,15
1699803480,11,12,6,1418,15,15
1699803540,11,12,6,1419,15,15
1699803600,11,12,6,1420,15,15
1699803660,11,12,6,1421,15,15
1699803720,11,12,6,1422,15,15
1699803780,11,12,6,1423,15,15
1699803840,11,12,6,1424,15,15
1699803900,11,12,6,1425,15,15
1699803960,11,12,6,1426,15,15
1699804020,11,12,6,1427,15,15
1699804080,11,12,6,1428,15,15
1699804140,11,12,6,1429,15,15
1699804200,11,12,6,1430,15,15
1699804260,11,12,6,1431,15,15
1699804320,11,12,6,1432,15,15
1699804380,11,12,6,1433,15,15
1699804440,11,12,6,1434,15,15
1699804500,11,12,6,1435,15,15
1699804560,11,12,6,1436,15,15
1699804620,11,12,6,1437,15,15
1699804680,11,12,6,1438,15,14
1699804740,11,12,6,1439,15,14
1699804800,11,13,0,0,15,14
1699804860,11,13,0,1,15,14
1699804920,11,13,0,2,15,14
1699804980,11,13,0,3,15,14
1699805040,11,13,0,4,15,14
1699805100,11,13,0,5,15,14
1699805160,11,13,0,6,15,13
1699805220,11,13,0,7,15,13
1699805280,11,13,0,8,15,13
1699805340,11,13,0,9,15,12
1699805400,11,13,0,10,15,10
1699805460,11,13,0,11,15,11
1699805520,11,13,0,12,15,11
1699805580,11,13,0,13,15,11
1699805640,11,13,0,14,15,11
1699805700,11,13,0,15,15,11
1699805760,11,13,0,16,15,11
1699805820,11,13,0,17,15,11
1699805880,11,13,0,18,15,11
1699805940,11,13,0,19,15,11
1699806060,11,13,0,21,15,11
1699806120,11,13,0,22,15,12
1699806180,11,13,0,23,15,12
1699806240,11,13,0,24,15,12
1699806300,11,13,0,25,15,12
1699806360,11,13,0,26,15,13
1699806420,11,13,0,27,15,13
1699806480,11,13,0,28,15,13
1699806540,11,13,0,29,15,13
1699806600,11,13,0,30,15,13
1699806660,11,13,0,31,15,13
1699806720,11,13,0,32,15,13
1699806780,11,13,0,33,15,14
1699806840,11,13,0,34,15,14
1699806900,11,13,0,35,15,14
1699806960,11,13,0,36,15,14
1699807020,11,13,0,37,15,14
1699807080,11,13,0,38,15,15
1699807140,11,13,0,39,15,15
1699807200,11,13,0,40,15,15
1699807260,11,13,0,41,15,15
1699807320,11,13,0,42,15,15
1699807380,11,13,0,43,15,15
1699807440,11,13,0,44,15,15
1699807500,11,13,0,45,15,15
1699807560,11,13,0,46,15,15
1699807620,11,13,0,47,15,15
1699807680,11,13,0,48,15,15
1699807740,11,13,0,49,15,15
1699807800,11,13,0,50,15,15
1699807860,11,13,0,51,15,15
1699807920,11,13,0,52,15,14
1699807980,11,13,0,53,15,14
1699808040,11,13,0,54,15,14
1699808100,11,13,0,55,15,14
1699808160,11,13,0,56,15,15
1699808220,11,13,0,57,15,15
1699808280,11,13,0,58,15,15
1699808340,11,13,0,59,15,15
1699808400,11,13,0,60,15,15
1699808460,11,13,0,61,15,15
1699808520,11,13,0,62,15,15
1699808580,11,13,0,63,15,15
1699808640,11,13,0,64,15,15
1699808700,11,13,0,65,15,15
1699808760,11,13,0,66,15,15
1699808820,11,13,0,67,15,15
1699808880,11,13,0,68,15,15
1699808940,11,13,0,69,15,15
1699809000,11,13,0,70,15,15
1699809060,11,13,0,71,15,15
1699809180,11,13,0,73,15,15
1699809240,11,13,0,74,15,15
1699809300,11,13,0,75,15,15
1699809360,11,13,0,76,15,15
1699809420,11,13,0,77,15,15
1699809480,11,13,0,78,15,15
1699809540,11,13,0,79,15,15
1699809660,11,13,0,81,15,15
1699809720,11,13,0,82,15,15
1699809780,11,13,0,83,15,15
1699809840,11,13,0,84,15,15
1699809900,11,13,0,85,15,15
1699809960,11,13,0,86,15,15
1699810020,11,13,0,87,15,15
1699810080,11,13,0,88,15,15
1699810140,11,13,0,89,15,15
1699810260,11,13,0,91,15,15
1699810320,11,13,0,92,15,15
1699810380,11,13,0,93,15,15
1699810440,11,13,0,94,15,15
1699810500,11,13,0,95,15,15
1699810560,11,13,0,96,15,15
1699810620,11,13,0,97,15,15
1699810680,11,13,0,98,15,15
1699810740,11,13,0,99,15,15
1699810860,11,13,0,101,15,15
1699810920,11,13,0,102,15,15
1699810980,11,13,0,103,15,15
1699811040,11,13,0,104,15,15
1699811100,11,13,0,105,15,15
1699811160,11,13,0,106,15,15
1699811220,11,13,0,107,15,15
1699811280,11,13,0,108,15,15
1699811340,11,13,0,109,15,15
1699811460,11,13,0,111,15,15
1699811520,11,13,0,112,15,15
1699811580,11,13,0,113,15,15
1699811640,11,13,0,114,15,15
1699811700,11,13,0,115,15,15
1699811760,11,13,0,116,15,15
1699811820,11,13,0,117,15,15
1699811880,11,13,0,118,15,15
1699811940,11,13,0,119,15,15
1699812060,11,13,0,121,15,15
1699812120,11,13,0,122,15,15
1699812180,11,13,0,123,15,15
1699812240,11,13,0,124,15,15
1699812300,11,13,0,125,15,15
1699812360,11,13,0,126,15,15
1699812420,11,13,0,127,15,15
1699812480,11,13,0,128,15,15
1699812540,11,13,0,129,15,15
1699812660,11,13,0,131,15,15
1699812720,11,13,0,132,15,15
1699812780,11,13,0,133,15,15
1699812840,11,13,0,134,15,15
1699812900,11,13,0,135,15,15
1699812960,11,13,0,136,15,15
1699813020,11,13,0,137,15,15
1699813080,11,13,0,138,15,15
1699813140,11,13,0,139,15,15
1699813260,11,13,0,141,15,15
1699813320,11,13,0,142,15,15
1699813380,11,13,0,143,15,15
1699813440,11,13,0,144,15,15
1699813500,11,13,0,145,15,15
1699813560,11,13,0,146,15,15
1699813620,11,13,0,147,15,15
1699813680,11,13,0,148,15,15
1699813740,11,13,0,149,15,15
1699813860,11,13,0,151,15,15
1699813920,11,13,0,152,15,15
1699813980,11,13,0,153,15,15
1699814040,11,13,0,154,15,15
1699814100,11,13,0,155,15,15
1699814160,11,13,0,156,15,15
1699814220,11,13,0,157,15,15
1699814280,11,13,0,158,15,15
1699814340,11,13,0,159,15,15
1699814460,11,13,0,161,15,15
1699814520,11,13,0,162,15,15
1699814580,11,13,0,163,15,15
1699814640,11,13,0,164,15,15
1699814700,11,13,0,165,15,15
1699814760,11,13,0,166,15,15
1699814820,11,13,0,167,15,15
1699814880,11,13,0,168,15,15
1699814940,11,13,0,169,15,15
1699815060,11,13,0,171,15,15
1699815120,11,13,0,172,15,15
1699815180,11,13,0,173,15,15
1699815240,11,13,0,174,15,15
1699815300,11,13,0,175,15,15
1699815360,11,13,0,176,15,15
1699815420,11,13,0,177,15,15
1699815480,11,13,0,178,15,15
1699815540,11,13,0,179,15,15
1699815660,11,13,0,181,15,15
1699815720,11,13,0,182,15,15
1699815780,11,13,0,183,15,15
1699815840,11,13,0,184,15,15
1699815900,11,13,0,185,15,15
1699815960,11,13,0,186,15,15
1699816020,11,13,0,187,15,15
1699816080,11,13,0,188,15,15
1699816140,11,13,0,189,15,15
1699816200,11,13,0,190,15,15
1699816260,11,13,0,191,15,15
1699816320,11,13,0,192,15,15
1699816380,11,13,0,193,15,15
1699816440,11,13,0,194,15,15
1699816500,11,13,0,195,15,15
1699816560,11,13,0,196,15,15
1699816620,11,13,0,197,15,15
1699816680,11,13,0,198,15,15
1699816740,11,13,0,199,15,15
1699816860,11,13,0,201,15,15
1699816920,11,13,0,202,15,15
1699816980,11,13,0,203,15,15
1699817040,11,13,0,204,15,15
1699817100,11,13,0,205,15,15
1699817160,11,13,0,206,15,15
1699817220,11,13,0,207,15,15
1699817280,11,13,0,208,15,15
1699817340,11,13,0,209,15,15
1699817400,11,13,0,210,15,15
1699817460,11,13,0,211,15,15
1699817520,11,13,0,212,15,15
1699817580,11,13,0,213,15,15
1699817640,11,13,0,214,15,15
1699817700,11,13,0,215,15,15
1699817760,11,13,0,216,15,15
1699817820,11,13,0,217,15,15
1699817880,11,13,0,218,15,15
1699817940,11,13,0,219,15,15
1699818000,11,13,0,220,15,15
1699818060,11,13,0,221,15,15
1699818120,11,13,0,222,15,15
1699818180,11,13,0,223,15,15
1699818240,11,13,0,224,15,15
1699818300,11,13,0,225,15,15
1699818360,11,13,0,226,15,15
1699818420,11,13,0,227,15,15
1699818480,11,13,0,228,15,15
1699818540,11,13,0,229,15,15
1699818600,11,13,0,230,15,15
1699818660,11,13,0,231,15,15
1699818720,11,13,0,232,15,15
1699818780,11,13,0,233,15,15
1699818840,11,13,0,234,15,15
1699818900,11,13,0,235,15,15
1699818960,11,13,0,236,15,15
1699819020,11,13,0,237,15,15
1699819080,11,13,0,238,15,15
1699819140,11,13,0,239,15,15
1699819200,11,13,0,240,15,15
1699819260,11,13,0,241,15,15
1699819320,11,13,0,242,15,15
1699819380,11,13,0,243,15,15
1699819440,11,13,0,244,15,15
1699819500,11,13,0,245,15,15
1699819560,11,13,0,246,15,15
1699819620,11,13,0,247,15,15
1699819680,11,13,0,248,15,15
1699819740,11,13,0,249,15,15
1699819800,11,13,0,250,15,15
1699819860,11,13,0,251,15,15
1699819920,11,13,0,252,15,15
1699819980,11,13,0,253,15,14
1699820040,11,13,0,254,15,14
1699820100,11,13,0,255,15,14
1699820160,11,13,0,256,15,14
1699820220,11,13,0,257,15,14
1699820280,11,13,0,258,15,14
1699820340,11,13,0,259,15,14
1699820460,11,13,0,261,15,14
1699820520,11,13,0,262,15,14
1699820580,11,13,0,263,15,14
1699820640,11,13,0,264,15,14
1699820700,11,13,0,265,15,14
1699820760,11,13,0,266,15,14
1699820820,11,13,0,267,15,14
1699820880,11,13,0,268,15,14
1699820940,11,13,0,269,15,14
1699821000,11,13,0,270,15,14
1699821060,11,13,0,271,15,14
1699821120,11,13,0,272,15,14
1699821180,11,13,0,273,15,14
1699821240,11,13,0,274,15,14
1699821300,11,13,0,275,15,14
1699821360,11,13,0,276,15,14
1699821420,11,13,0,277,15,14
1699821480,11,13,0,278,15,14
1699821540,11,13,0,279,15,14
1699821600,11,13,0,280,15,14
1699821660,11,13,0,281,15,14
1699821720,11,13,0,282,15,14
1699821780,11,13,0,283,15,14
1699821840,11,13,0,284,15,14
1699821900,11,13,0,285,15,14
1699821960,11,13,0,286,15,14
1699822020,11,13,0,287,15,14
1699822080,11,13,0,288,15,14
1699822140,11,13,0,289,15,14
1699822200,11,13,0,290,15,14
1699822260,11,13,0,291,15,14
1699822320,11,13,0,292,15,14
1699822380,11,13,0,293,15,14
1699822440,11,13,0,294,15,14
1699822500,11,13,0,295,15,14
1699822560,11,13,0,296,15,14
1699822620,11,13,0,297,15,14
1699822680,11,13,0,298,15,14
1699822740,11,13,0,299,15,14
1699822800,11,13,0,300,15,14
1699822860,11,13,0,301,15,14
1699822920,11,13,0,302,15,14
1699822980,11,13,0,303,15,14
1699823040,11,13,0,304,15,14
1699823100,11,13,0,305,15,14
1699823160,11,13,0,306,15,14
1699823220,11,13,0,307,15,14
1699823280,11,13,0,308,15,14
1699823340,11,13,0,309,15,14
1699823400,11,13,0,310,15,14
1699823460,11,13,0,311,15,14
1699823520,11,13,0,312,15,14
1699823580,11,13,0,313,15,14
1699823640,11,13,0,314,15,14
1699823700,11,13,0,315,15,14
1699823760,11,13,0,316,15,14
1699823820,11,13,0,317,15,14
1699823880,11,13,0,318,15,14
1699823940,11,13,0,319,15,14
1699824060,11,13,0,321,15,14
1699824120,11,13,0,322,15,14
1699824180,11,13,0,323,15,14
1699824240,11,13,0,324,15,14
1699824300,11,13,0,325,15,14
1699824360,11,13,0,326,15,14
1699824420,11,13,0,327,15,14
1699824480,11,13,0,328,15,14
1699824540,11,13,0,329,15,14
1699824660,11,13,0,331,15,14
1699824720,11,13,0,332,15,14
1699824780,11,13,0,333,15,14
1699824840,11,13,0,334,15,14
1699824900,11,13,0,335,15,14
1699824960,11,13,0,336,15,14
1699825020,11,13,0,337,15,14
1699825080,11,13,0,338,15,14
1699825140,11,13,0,339,15,14
1699825260,11,13,0,341,15,14
1699825320,11,13,0,342,15,14
1699825380,11,13,0,343,15,14
1699825440,11,13,0,344,15,14
1699825500,11,13,0,345,15,14
1699825560,11,13,0,346,15,14
1699825620,11,13,0,347,15,14
1699825680,11,13,0,348,15,14
1699825740,11,13,0,349,15,14
1699825860,11,13,0,351,15,14
1699825920,11,13,0,352,15,14
1699825980,11,13,0,353,15,14
1699826040,11,13,0,354,15,14
1699826100,11,13,0,355,15,14
1699826160,11,13,0,356,15,14
1699826220,11,13,0,357,15,14
1699826280,11,13,0,358,15,14
1699826340,11,13,0,359,15,14
1699826460,11,13,0,361,15,14
1699826520,11,13,0,362,15,14
1699826580,11,13,0,363,15,14
1699826640,11,13,0,364,15,14
1699826700,11,13,0,365,15,14
1699826760,11,13,0,366,15,14
1699826820,11,13,0,367,15,14
1699826880,11,13,0,368,15,14
1699826940,11,13,0,369,15,14
1699827060,11,13,0,371,15,14
1699827120,11,13,0,372,15,14
1699827180,11,13,0,373,15,14
1699827240,11,13,0,374,15,14
1699827300,11,13,0,375,15,14
1699827360,11,13,0,376,15,14
1699827420,11,13,0,377,15,14
1699827480,11,13,0,378,15,14
1699827540,11,13,0,379,15,14
1699827660,11,13,0,381,15,14
1699827720,11,13,0,382,15,14
1699827780,11,13,0,383,15,14
1699827840,11,13,0,384,15,14
1699827900,11,13,0,385,15,14
1699827960,11,13,0,386,15,14
1699828020,11,13,0,387,15,14
1699828080,11,13,0,388,15,14
1699828140,11,13,0,389,15,14
1699828260,11,13,0,391,15,15
1699828320,11,13,0,392,15,15
1699828380,11,13,0,393,15,15
1699828440,11,13,0,394,15,15
1699828500,11,13,0,395,15,15
1699828560,11,13,0,396,15,15
1699828620,11,13,0,397,15,15
1699828680,11,13,0,398,15,15
1699828740,11,13,0,399,15,15
1699828860,11,13,0,401,15,15
1699828920,11,13,0,402,15,15
1699828980,11,13,0,403,15,15
1699829040,11,13,0,404,15,15
1699829100,11,13,0,405,15,15
1699829160,11,13,0,406,15,15
1699829220,11,13,0,407,15,15
1699829280,11,13,0,408,15,15
1699829340,11,13,0,409,15,15
1699829460,11,13,0,411,15,15
1699829520,11,13,0,412,15,15
1699829580,11,13,0,413,15,15
1699829640,11,13,0,414,15,15
1699829700,11,13,0,415,15,15
1699829760,11,13,0,416,15,15
1699829820,11,13,0,417,15,15
1699829880,11,13,0,418,15,15
1699829940,11,13,0,419,15,15
1699830000,11,13,0,420,15,15
1699830120,11,13,0,422,15,15
1699830180,11,13,0,423,15,15
1699830240,11,13,0,424,15,15
1699830300,11,13,0,425,15,15
1699830360,11,13,0,426,15,15
1699830420,11,13,0,427,15,15
1699830480,11,13,0,428,15,14
1699830540,11,13,0,429,15,14
1699830660,11,13,0,431,15,14
1699830720,11,13,0,432,15,14
1699830780,11,13,0,433,15,14
1699830840,11,13,0,434,15,14
1699830900,11,13,0,435,15,14
1699830960,11,13,0,436,15,14
1699831020,11,13,0,437,15,14
1699831080,11,13,0,438,15,14
1699831140,11,13,0,439,15,14
1699831260,11,13,0,441,15,14
1699831320,11,13,0,442,15,15
1699831380,11,13,0,443,15,15
1699831440,11,13,0,444,15,15
1699831500,11,13,0,445,15,15
1699831560,11,13,0,446,15,15
1699831620,11,13,0,447,15,14
1699831680,11,13,0,448,15,14
1699831740,11,13,0,449,15,12
1699831860,11,13,0,451,15,12
1699831920,11,13,0,452,15,13
1699831980,11,13,0,453,15,12
1699832040,11,13,0,454,15,12
1699832100,11,13,0,455,15,12
1699832160,11,13,0,456,15,12
1699832220,11,13,0,457,15,12
1699832280,11,13,0,458,15,12
1699832340,11,13,0,459,15,12
1699832400,11,13,0,460,15,12
1699832460,11,13,0,461,15,12
1699832520,11,13,0,462,15,14
1699832580,11,13,0,463,15,14
1699832640,11,13,0,464,15,14
1699832700,11,13,0,465,15,15
1699832760,11,13,0,466,15,15
1699832820,11,13,0,467,15,15
1699832880,11,13,0,468,15,15
1699832940,11,13,0,469,15,15
1699833000,11,13,0,470,15,15
1699833060,11,13,0,471,15,15
1699833120,11,13,0,472,15,15
1699833180,11,13,0,473,15,15
1699833240,11,13,0,474,15,14
1699833300,11,13,0,475,15,14
1699833360,11,13,0,476,15,14
1699833420,11,13,0,477,15,14
1699833480,11,13,0,478,15,14
1699833540,11,13,0,479,15,14
1699833660,11,13,0,481,15,14
1699833720,11,13,0,482,15,14
1699833780,11,13,0,483,15,14
1699833840,11,13,0,484,15,13
1699833900,11,13,0,485,15,13
1699833960,11,13,0,486,15,13
1699834020,11,13,0,487,15,13
1699834080,11,13,0,488,15,14
1699834140,11,13,0,489,15,15
1699834200,11,13,0,490,15,15
1699834260,11,13,0,491,15,15
1699834320,11,13,0,492,15,15
1699834380,11,13,0,493,15,15
1699834440,11,13,0,494,15,15
1699834500,11,13,0,495,15,15
1699834560,11,13,0,496,15,15
1699834620,11,13,0,497,15,15
1699834680,11,13,0,498,15,14
1699834740,11,13,0,499,15,14
1699834860,11,13,0,501,15,14
1699834920,11,13,0,502,15,14
1699834980,11,13,0,503,15,14
1699835040,11,13,0,504,15,14
1699835100,11,13,0,505,15,14
1699835160,11,13,0,506,15,13
1699835220,11,13,0,507,15,13
1699835280,11,13,0,508,15,13
1699835340,11,13,0,509,15,13
1699835460,11,13,0,511,15,12
1699835520,11,13,0,512,15,13
1699835580,11,13,0,513,15,12
1699835640,11,13,0,514,15,12
1699835700,11,13,0,515,15,12
1699835760,11,13,0,516,15,12
1699835820,11,13,0,517,15,12
1699835880,11,13,0,518,15,12
1699835940,11,13,0,519,15,12
1699836000,11,13,0,520,15,11
1699836060,11,13,0,521,15,10
1699836120,11,13,0,522,15,11
1699836180,11,13,0,523,15,11
1699836240,11,13,0,524,15,10
1699836300,11,13,0,525,15,11
1699836360,11,13,0,526,15,9
1699836420,11,13,0,527,15,9
1699836480,11,13,0,528,15,8
1699836540,11,13,0,529,15,6
1699836600,11,13,0,530,15,6
1699836660,11,13,0,531,15,6
1699836720,11,13,0,532,15,6
1699836780,11,13,0,533,15,5
1699836840,11,13,0,534,15,5
1699836900,11,13,0,535,15,5
1699836960,11,13,0,536,15,5
1699837020,11,13,0,537,15,5
1699837080,11,13,0,538,15,4
1699837140,11,13,0,539,15,3
1699837260,11,13,0,541,15,3
1699837320,11,13,0,542,15,4
1699837380,11,13,0,543,15,4
1699837440,11,13,0,544,15,5
1699837500,11,13,0,545,15,6
1699837560,11,13,0,546,15,6
1699837620,11,13,0,547,15,6
1699837680,11,13,0,548,15,6
1699837740,11,13,0,549,15,6
1699837800,11,13,0,550,15,6
1699837860,11,13,0,551,15,7
1699837920,11,13,0,552,15,8
1699837980,11,13,0,553,15,7
1699838040,11,13,0,554,15,6
1699838100,11,13,0,555,15,6
1699838160,11,13,0,556,15,6
1699838220,11,13,0,557,15,6
1699838280,11,13,0,558,15,7
1699838340,11,13,0,559,15,6
1699838460,11,13,0,561,15,6
1699838520,11,13,0,562,15,7
1699838580,11,13,0,563,15,7
1699838640,11,13,0,564,15,7
1699838700,11,13,0,565,15,7
1699838760,11,13,0,566,15,7
1699838820,11,13,0,567,15,7
1699838880,11,13,0,568,15,7
1699838940,11,13,0,569,15,8
1699839060,11,13,0,571,15,7
1699839120,11,13,0,572,15,8
1699839180,11,13,0,573,15,8
1699839240,11,13,0,574,15,7
1699839300,11,13,0,575,15,7
1699839360,11,13,0,576,15,7
1699839420,11,13,0,577,15,5
1699839480,11,13,0,578,15,5
1699839540,11,13,0,579,15,5
1699839600,11,13,0,580,15,5
1699839660,11,13,0,581,15,5
1699839720,11,13,0,582,15,6
1699839780,11,13,0,583,15,6
1699839840,11,13,0,584,15,6
1699839900,11,13,0,585,15,5
1699839960,11,13,0,586,15,6
1699840020,11,13,0,587,15,6
1699840140,11,13,0,589,15,5
1699840260,11,13,0,591,15,4
1699840320,11,13,0,592,15,4
1699840380,11,13,0,593,15,4
1699840440,11,13,0,594,15,4
1699840500,11,13,0,595,15,4
1699840560,11,13,0,596,15,4
1699840620,11,13,0,597,15,4
1699840680,11,13,0,598,15,4
1699840740,11,13,0,599,15,4
1699840860,11,13,0,601,15,4
1699840920,11,13,0,602,15,5
1699840980,11,13,0,603,15,5
1699841040,11,13,0,604,15,3
1699841100,11,13,0,605,15,3
1699841160,11,13,0,606,15,3
1699841220,11,13,0,607,15,3
1699841280,11,13,0,608,15,3
1699841340,11,13,0,609,15,3
1699841460,11,13,0,611,15,3
1699841520,11,13,0,612,15,2
1699841580,11,13,0,613,15,2
1699841640,11,13,0,614,15,2
1699841700,11,13,0,615,15,3
1699841760,11,13,0,616,15,1
1699841820,11,13,0,617,15,1
1699841880,11,13,0,618,15,1
1699841940,11,13,0,619,15,1
1699842060,11,13,0,621,15,1
1699842120,11,13,0,622,15,1
1699842180,11,13,0,623,15,1
1699842240,11,13,0,624,15,1
1699842300,11,13,0,625,15,2
1699842420,11,13,0,627,15,0
1699842480,11,13,0,628,15,0
1699842540,11,13,0,629,15,0
1699842660,11,13,0,631,15,0
1699842720,11,13,0,632,15,0
1699842780,11,13,0,633,15,0
1699842840,11,13,0,634,15,0
1699842900,11,13,0,635,15,1
1699842960,11,13,0,636,15,1
1699843020,11,13,0,637,15,1
1699843080,11,13,0,638,15,1
1699843140,11,13,0,639,15,0
1699843260,11,13,0,641,15,0
1699843320,11,13,0,642,15,0
1699843380,11,13,0,643,15,0
1699843440,11,13,0,644,15,0
1699843500,11,13,0,645,15,1
1699843560,11,13,0,646,15,1
1699843620,11,13,0,647,15,1
1699843680,11,13,0,648,15,0
1699843740,11,13,0,649,15,0
1699843860,11,13,0,651,15,0
1699843920,11,13,0,652,15,0
1699843980,11,13,0,653,15,0
1699844040,11,13,0,654,15,0
1699844100,11,13,0,655,15,0
1699844160,11,13,0,656,15,1
1699844220,11,13,0,657,15,0
1699844280,11,13,0,658,15,0
1699844340,11,13,0,659,15,0
1699844460,11,13,0,661,15,0
1699844520,11,13,0,662,15,1
1699844580,11,13,0,663,15,1
1699844640,11,13,0,664,15,1
1699844700,11,13,0,665,15,1
1699844760,11,13,0,666,15,1
1699844820,11,13,0,667,15,1
1699844880,11,13,0,668,15,1
1699844940,11,13,0,669,15,0
1699845060,11,13,0,671,15,0
1699845120,11,13,0,672,15,0
1699845180,11,13,0,673,15,0
1699845240,11,13,0,674,15,0
1699845300,11,13,0,675,15,0
1699845360,11,13,0,676,15,0
1699845420,11,13,0,677,15,0
1699845480,11,13,0,678,15,0
1699845540,11,13,0,679,15,1
1699845660,11,13,0,681,15,1
1699845720,11,13,0,682,15,2
1699845780,11,13,0,683,15,2
1699845840,11,13,0,684,15,2
1699845900,11,13,0,685,15,5
1699845960,11,13,0,686,15,5
1699846020,11,13,0,687,15,5
1699846080,11,13,0,688,15,5
1699846140,11,13,0,689,15,5
1699846260,11,13,0,691,15,4
1699846320,11,13,0,692,15,5
1699846380,11,13,0,693,15,4
1699846440,11,13,0,694,15,4
1699846500,11,13,0,695,15,4
1699846560,11,13,0,696,15,4
1699846620,11,13,0,697,15,4
1699846680,11,13,0,698,15,4
1699846740,11,13,0,699,15,4
1699846800,11,13,0,700,15,2
1699846860,11,13,0,701,15,1
1699846920,11,13,0,702,15,2
1699846980,11,13,0,703,15,2
1699847040,11,13,0,704,15,2
1699847100,11,13,0,705,15,2
1699847160,11,13,0,706,15,1
1699847220,11,13,0,707,15,1
1699847280,11,13,0,708,15,1
1699847340,11,13,0,709,15,1
1699847400,11,13,0,710,15,1
1699847460,11,13,0,711,15,1
1699847520,11,13,0,712,15,1
1699847580,11,13,0,713,15,1
1699847640,11,13,0,714,15,1
1699847700,11,13,0,715,15,1
1699847760,11,13,0,716,15,1
1699847820,11,13,0,717,15,1
1699847880,11,13,0,718,15,1
1699847940,11,13,0,719,15,1
1699848060,11,13,0,721,15,0
1699848120,11,13,0,722,15,0
1699848180,11,13,0,723,15,0
1699848240,11,13,0,724,15,0
1699848300,11,13,0,725,15,0
1699848360,11,13,0,726,15,0
1699848420,11,13,0,727,15,0
1699848480,11,13,0,728,15,0
1699848540,11,13,0,729,15,0
1699848600,11,13,0,730,15,0
1699848660,11,13,0,731,15,0
1699848720,11,13,0,732,15,1
1699848780,11,13,0,733,15,1
1699848840,11,13,0,734,15,1
1699848900,11,13,0,735,15,3
1699848960,11,13,0,736,15,3
1699849020,11,13,0,737,15,3
1699849080,11,13,0,738,15,3
1699849140,11,13,0,739,15,3
1699849260,11,13,0,741,15,2
1699849320,11,13,0,742,15,2
1699849380,11,13,0,743,15,2
1699849440,11,13,0,744,15,2
1699849500,11,13,0,745,15,2
1699849560,11,13,0,746,15,0
1699849620,11,13,0,747,15,0
1699849680,11,13,0,748,15,0
1699849740,11,13,0,749,15,0
1699849860,11,13,0,751,15,0
1699849920,11,13,0,752,15,0
1699849980,11,13,0,753,15,0
1699850040,11,13,0,754,15,0
1699850100,11,13,0,755,15,0
1699850160,11,13,0,756,15,0
1699850220,11,13,0,757,15,0
1699850280,11,13,0,758,15,0
1699850340,11,13,0,759,15,1
1699850400,11,13,0,760,15,1
1699850460,11,13,0,761,15,0
1699850520,11,13,0,762,15,0
1699850580,11,13,0,763,15,0
1699850640,11,13,0,764,15,0
1699850700,11,13,0,765,15,1
1699850760,11,13,0,766,15,1
1699850820,11,13,0,767,15,1
1699850880,11,13,0,768,15,0
1699850940,11,13,0,769,15,0
1699851000,11,13,0,770,15,0
1699851060,11,13,0,771,15,0
1699851120,11,13,0,772,15,0
1699851180,11,13,0,773,15,0
1699851240,11,13,0,774,15,0
1699851300,11,13,0,775,15,0
1699851360,11,13,0,776,15,0
1699851420,11,13,0,777,15,0
1699851480,11,13,0,778,15,0
1699851540,11,13,0,779,15,0
1699851660,11,13,0,781,15,0
1699851720,11,13,0,782,15,0
1699851780,11,13,0,783,15,0
1699851840,11,13,0,784,15,0
1699851900,11,13,0,785,15,0
1699851960,11,13,0,786,15,1
1699852020,11,13,0,787,15,0
1699852080,11,13,0,788,15,0
1699852140,11,13,0,789,15,0
1699852200,11,13,0,790,15,0
1699852260,11,13,0,791,15,0
1699852320,11,13,0,792,15,1
1699852380,11,13,0,793,15,1
1699852440,11,13,0,794,15,5
1699852500,11,13,0,795,15,5
1699852560,11,13,0,796,15,5
1699852620,11,13,0,797,15,4
1699852680,11,13,0,798,15,5
1699852740,11,13,0,799,15,4
1699852860,11,13,0,801,15,4
1699852920,11,13,0,802,15,5
1699852980,11,13,0,803,15,5
1699853040,11,13,0,804,15,3
1699853100,11,13,0,805,15,3
1699853160,11,13,0,806,15,3
1699853220,11,13,0,807,15,3
1699853280,11,13,0,808,15,3
1699853340,11,13,0,809,15,3
1699853400,11,13,0,810,15,3
1699853460,11,13,0,811,15,4
1699853520,11,13,0,812,15,4
1699853580,11,13,0,813,15,4
1699853640,11,13,0,814,15,4
1699853700,11,13,0,815,15,3
1699853760,11,13,0,816,15,2
1699853820,11,13,0,817,15,2
1699853880,11,13,0,818,15,2
1699853940,11,13,0,819,15,2
1699854000,11,13,0,820,15,2
1699854060,11,13,0,821,15,1
1699854120,11,13,0,822,15,0
1699854180,11,13,0,823,15,0
1699854240,11,13,0,824,15,0
1699854300,11,13,0,825,15,0
1699854360,11,13,0,826,15,0
1699854420,11,13,0,827,15,0
1699854480,11,13,0,828,15,0
1699854540,11,13,0,829,15,0
1699854600,11,13,0,830,15,0
1699854660,11,13,0,831,15,0
1699854720,11,13,0,832,15,0
1699854780,11,13,0,833,15,0
1699854840,11,13,0,834,15,0
1699854900,11,13,0,835,15,0
1699854960,11,13,0,836,15,0
1699855020,11,13,0,837,15,0
1699855080,11,13,0,838,15,0
1699855140,11,13,0,839,15,0
1699855260,11,13,0,841,15,0
1699855320,11,13,0,842,15,1
1699855380,11,13,0,843,15,1
1699855440,11,13,0,844,15,1
1699855500,11,13,0,845,15,1
1699855560,11,13,0,846,15,1
1699855620,11,13,0,847,15,0
1699855680,11,13,0,848,15,0
1699855740,11,13,0,849,15,0
1699855800,11,13,0,850,15,0
1699855860,11,13,0,851,15,0
1699855980,11,13,0,853,15,0
1699856040,11,13,0,854,15,1
1699856100,11,13,0,855,15,0
1699856160,11,13,0,856,15,0
1699856220,11,13,0,857,15,0
1699856280,11,13,0,858,15,0
1699856340,11,13,0,859,15,0
1699856460,11,13,0,861,15,0
1699856520,11,13,0,862,15,0
1699856580,11,13,0,863,15,0
1699856640,11,13,0,864,15,0
1699856700,11,13,0,865,15,0
1699856760,11,13,0,866,15,0
1699856820,11,13,0,867,15,0
1699856880,11,13,0,868,15,0
1699856940,11,13,0,869,15,0
1699857060,11,13,0,871,15,3
1699857120,11,13,0,872,15,3
1699857180,11,13,0,873,15,3
1699857240,11,13,0,874,15,4
1699857300,11,13,0,875,15,5
1699857360,11,13,0,876,15,4
1699857420,11,13,0,877,15,4
1699857480,11,13,0,878,15,5
1699857540,11,13,0,879,15,5
1699857660,11,13,0,881,15,5
1699857720,11,13,0,882,15,5
1699857780,11,13,0,883,15,5
1699857840,11,13,0,884,15,5
1699857900,11,13,0,885,15,5
1699857960,11,13,0,886,15,5
1699858020,11,13,0,887,15,5
1699858080,11,13,0,888,15,5
1699858140,11,13,0,889,15,5
1699858260,11,13,0,891,15,5
1699858320,11,13,0,892,15,5
1699858380,11,13,0,893,15,5
1699858440,11,13,0,894,15,5
1699858500,11,13,0,895,15,5
1699858560,11,13,0,896,15,5
1699858620,11,13,0,897,15,5
1699858680,11,13,0,898,15,5
1699858740,11,13,0,899,15,5
1699858860,11,13,0,901,15,6
1699858920,11,13,0,902,15,7
1699858980,11,13,0,903,15,7
1699859040,11,13,0,904,15,6
1699859100,11,13,0,905,15,5
1699859160,11,13,0,906,15,6
1699859220,11,13,0,907,15,6
1699859280,11,13,0,908,15,6
1699859340,11,13,0,909,15,6
1699859460,11,13,0,911,15,7
1699859520,11,13,0,912,15,7
1699859580,11,13,0,913,15,7
1699859640,11,13,0,914,15,7
1699859700,11,13,0,915,15,7
1699859760,11,13,0,916,15,5
1699859820,11,13,0,917,15,4
1699859880,11,13,0,918,15,4
1699859940,11,13,0,919,15,4
1699860060,11,13,0,921,15,3
1699860120,11,13,0,922,15,3
1699860180,11,13,0,923,15,1
1699860240,11,13,0,924,15,1
1699860300,11,13,0,925,15,1
1699860360,11,13,0,926,15,1
1699860420,11,13,0,927,15,1
1699860480,11,13,0,928,15,1
1699860540,11,13,0,929,15,1
1699860660,11,13,0,931,15,2
1699860720,11,13,0,932,15,2
1699860780,11,13,0,933,15,2
1699860840,11,13,0,934,15,3
1699860900,11,13,0,935,15,2
1699860960,11,13,0,936,15,2
1699861020,11,13,0,937,15,2
1699861080,11,13,0,938,15,3
1699861140,11,13,0,939,15,3
1699861260,11,13,0,941,15,2
1699861320,11,13,0,942,15,2
1699861380,11,13,0,943,15,1
1699861440,11,13,0,944,15,1
1699861500,11,13,0,945,15,1
1699861560,11,13,0,946,15,1
1699861620,11,13,0,947,15,1
1699861680,11,13,0,948,15,1
1699861740,11,13,0,949,15,1
1699861860,11,13,0,951,15,1
1699861920,11,13,0,952,15,1
1699861980,11,13,0,953,15,1
1699862040,11,13,0,954,15,1
1699862100,11,13,0,955,15,1
1699862160,11,13,0,956,15,1
1699862220,11,13,0,957,15,1
1699862280,11,13,0,958,15,1
1699862340,11,13,0,959,15,0
1699862460,11,13,0,961,15,0
1699862520,11,13,0,962,15,0
1699862580,11,13,0,963,15,0
1699862640,11,13,0,964,15,0
1699862700,11,13,0,965,15,0
1699862760,11,13,0,966,15,1
1699862820,11,13,0,967,15,1
1699862880,11,13,0,968,15,0
1699862940,11,13,0,969,15,0
1699863000,11,13,0,970,15,0
1699863060,11,13,0,971,15,0
1699863120,11,13,0,972,15,0
1699863180,11,13,0,973,15,0
1699863240,11,13,0,974,15,0
1699863300,11,13,0,975,15,0
1699863360,11,13,0,976,15,0
1699863420,11,13,0,977,15,0
1699863480,11,13,0,978,15,2
1699863540,11,13,0,979,15,2
1699863660,11,13,0,981,15,2
1699863720,11,13,0,982,15,6
1699863780,11,13,0,983,15,6
1699863840,11,13,0,984,15,6
1699863900,11,13,0,985,15,6
1699863960,11,13,0,986,15,5
1699864020,11,13,0,987,15,6
1699864080,11,13,0,988,15,6
1699864140,11,13,0,989,15,6
1699864200,11,13,0,990,15,7
1699864320,11,13,0,992,15,7
1699864380,11,13,0,993,15,5
1699864440,11,13,0,994,15,6
1699864500,11,13,0,995,15,6
1699864560,11,13,0,996,15,6
1699864620,11,13,0,997,15,7
1699864680,11,13,0,998,15,6
1699864740,11,13,0,999,15,6
1699864800,11,13,0,1000,15,5
1699864860,11,13,0,1001,15,5
1699864920,11,13,0,1002,15,5
1699864980,11,13,0,1003,15,5
1699865040,11,13,0,1004,15,5
1699865100,11,13,0,1005,15,5
1699865160,11,13,0,1006,15,5
1699865220,11,13,0,1007,15,5
1699865280,11,13,0,1008,15,3
1699865340,11,13,0,1009,15,3
1699865400,11,13,0,1010,15,2
1699865460,11,13,0,1011,15,2
1699865520,11,13,0,1012,15,2
1699865580,11,13,0,1013,15,2
1699865640,11,13,0,1014,15,2
1699865700,11,13,0,1015,15,2
1699865760,11,13,0,1016,15,2
1699865820,11,13,0,1017,15,3
1699865880,11,13,0,1018,15,2
1699865940,11,13,0,1019,15,2
1699866060,11,13,0,1021,15,1
1699866180,11,13,0,1023,15,1
1699866240,11,13,0,1024,15,1
1699866300,11,13,0,1025,15,1
1699866360,11,13,0,1026,15,1
1699866420,11,13,0,1027,15,1
1699866480,11,13,0,1028,15,1
1699866540,11,13,0,1029,15,0
1699866600,11,13,0,1030,15,1
1699866660,11,13,0,1031,15,1
1699866720,11,13,0,1032,15,1
1699866780,11,13,0,1033,15,1
1699866840,11,13,0,1034,15,2
1699866900,11,13,0,1035,15,2
1699866960,11,13,0,1036,15,2
1699867020,11,13,0,1037,15,2
1699867080,11,13,0,1038,15,5
1699867140,11,13,0,1039,15,5
1699867260,11,13,0,1041,15,7
1699867320,11,13,0,1042,15,8
1699867380,11,13,0,1043,15,8
1699867440,11,13,0,1044,15,8
1699867500,11,13,0,1045,15,8
1699867560,11,13,0,1046,15,8
1699867620,11,13,0,1047,15,8
1699867680,11,13,0,1048,15,8
1699867740,11,13,0,1049,15,10
1699867860,11,13,0,1051,15,11
1699867920,11,13,0,1052,15,11
1699867980,11,13,0,1053,15,11
1699868040,11,13,0,1054,15,11
1699868100,11,13,0,1055,15,10
1699868160,11,13,0,1056,15,9
1699868220,11,13,0,1057,15,10
1699868280,11,13,0,1058,15,8
1699868340,11,13,0,1059,15,7
1699868400,11,13,0,1060,15,6
1699868460,11,13,0,1061,15,7
1699868520,11,13,0,1062,15,5
1699868580,11,13,0,1063,15,4
1699868640,11,13,0,1064,15,4
1699868700,11,13,0,1065,15,2
1699868760,11,13,0,1066,15,0
1699868820,11,13,0,1067,15,0
1699868880,11,13,0,1068,15,0
1699868940,11,13,0,1069,15,1
1699869000,11,13,0,1070,15,1
1699869060,11,13,0,1071,15,1
1699869120,11,13,0,1072,15,0
1699869180,11,13,0,1073,15,1
1699869240,11,13,0,1074,15,0
1699869300,11,13,0,1075,15,0
1699869360,11,13,0,1076,15,1
1699869420,11,13,0,1077,15,0
1699869480,11,13,0,1078,15,0
1699869540,11,13,0,1079,15,0
1699869660,11,13,0,1081,15,0
1699869720,11,13,0,1082,15,0
1699869780,11,13,0,1083,15,0
1699869840,11,13,0,1084,15,0
1699869900,11,13,0,1085,15,1
1699869960,11,13,0,1086,15,1
1699870020,11,13,0,1087,15,0
1699870080,11,13,0,1088,15,0
1699870140,11,13,0,1089,15,0
1699870200,11,13,0,1090,15,2
1699870260,11,13,0,1091,15,2
1699870320,11,13,0,1092,15,1
1699870380,11,13,0,1093,15,1
1699870440,11,13,0,1094,15,1
1699870500,11,13,0,1095,15,0
1699870560,11,13,0,1096,15,0
1699870620,11,13,0,1097,15,0
1699870680,11,13,0,1098,15,0
1699870740,11,13,0,1099,15,1
1699870860,11,13,0,1101,15,1
1699870920,11,13,0,1102,15,0
1699870980,11,13,0,1103,15,0
1699871040,11,13,0,1104,15,0
1699871100,11,13,0,1105,15,1
1699871160,11,13,0,1106,15,1
1699871220,11,13,0,1107,15,1
1699871280,11,13,0,1108,15,1
1699871340,11,13,0,1109,15,3
1699871460,11,13,0,1111,15,2
1699871520,11,13,0,1112,15,2
1699871580,11,13,0,1113,15,3
1699871640,11,13,0,1114,15,1
1699871700,11,13,0,1115,15,1
1699871760,11,13,0,1116,15,1
1699871820,11,13,0,1117,15,3
1699871880,11,13,0,1118,15,4
1699871940,11,13,0,1119,15,3
1699872060,11,13,0,1121,15,2
1699872180,11,13,0,1123,15,1
1699872240,11,13,0,1124,15,1
1699872300,11,13,0,1125,15,1
1699872360,11,13,0,1126,15,1
1699872420,11,13,0,1127,15,1
1699872480,11,13,0,1128,15,1
1699872540,11,13,0,1129,15,2
1699872660,11,13,0,1131,15,1
1699872720,11,13,0,1132,15,2
1699872780,11,13,0,1133,15,1
1699872840,11,13,0,1134,15,1
1699872900,11,13,0,1135,15,1
1699872960,11,13,0,1136,15,1
1699873020,11,13,0,1137,15,1
1699873080,11,13,0,1138,15,1
1699873140,11,13,0,1139,15,1
1699873260,11,13,0,1141,15,1
1699873320,11,13,0,1142,15,1
1699873380,11,13,0,1143,15,1
1699873440,11,13,0,1144,15,1
1699873500,11,13,0,1145,15,2
1699873560,11,13,0,1146,15,2
1699873620,11,13,0,1147,15,2
1699873680,11,13,0,1148,15,1
1699873740,11,13,0,1149,15,2
1699873860,11,13,0,1151,15,1
1699873920,11,13,0,1152,15,1
1699873980,11,13,0,1153,15,1
1699874040,11,13,0,1154,15,1
1699874100,11,13,0,1155,15,2
1699874160,11,13,0,1156,15,2
1699874220,11,13,0,1157,15,3
1699874280,11,13,0,1158,15,3
1699874340,11,13,0,1159,15,2
1699874460,11,13,0,1161,15,2
1699874520,11,13,0,1162,15,2
1699874580,11,13,0,1163,15,2
1699874640,11,13,0,1164,15,1
1699874700,11,13,0,1165,15,3
1699874760,11,13,0,1166,15,3
1699874820,11,13,0,1167,15,3
1699874880,11,13,0,1168,15,3
1699874940,11,13,0,1169,15,3
1699875000,11,13,0,1170,15,4
1699875120,11,13,0,1172,15,4
1699875180,11,13,0,1173,15,3
1699875240,11,13,0,1174,15,3
1699875300,11,13,0,1175,15,2
1699875360,11,13,0,1176,15,2
1699875420,11,13,0,1177,15,2
1699875480,11,13,0,1178,15,2
1699875540,11,13,0,1179,15,2
1699875660,11,13,0,1181,15,2
1699875720,11,13,0,1182,15,2
1699875780,11,13,0,1183,15,2
1699875840,11,13,0,1184,15,2
1699875900,11,13,0,1185,15,2
1699875960,11,13,0,1186,15,3
1699876020,11,13,0,1187,15,3
1699876080,11,13,0,1188,15,3
1699876140,11,13,0,1189,15,3
1699876260,11,13,0,1191,15,3
1699876320,11,13,0,1192,15,3
1699876380,11,13,0,1193,15,3
1699876440,11,13,0,1194,15,4
1699876500,11,13,0,1195,15,4
1699876560,11,13,0,1196,15,3
1699876620,11,13,0,1197,15,3
1699876680,11,13,0,1198,15,2
1699876740,11,13,0,1199,15,2
1699876860,11,13,0,1201,15,2
1699876920,11,13,0,1202,15,3
1699876980,11,13,0,1203,15,3
1699877040,11,13,0,1204,15,3
1699877100,11,13,0,1205,15,3
1699877160,11,13,0,1206,15,4
1699877220,11,13,0,1207,15,4
1699877340,11,13,0,1209,15,3
1699877460,11,13,0,1211,15,5
1699877520,11,13,0,1212,15,5
1699877580,11,13,0,1213,15,4
1699877640,11,13,0,1214,15,5
1699877700,11,13,0,1215,15,4
1699877760,11,13,0,1216,15,4
1699877820,11,13,0,1217,15,4
1699877880,11,13,0,1218,15,3
1699877940,11,13,0,1219,15,3
1699878060,11,13,0,1221,15,3
1699878120,11,13,0,1222,15,2
1699878180,11,13,0,1223,15,2
1699878240,11,13,0,1224,15,2
1699878300,11,13,0,1225,15,2
1699878360,11,13,0,1226,15,2
1699878420,11,13,0,1227,15,2
1699878480,11,13,0,1228,15,2
1699878540,11,13,0,1229,15,2
1699878660,11,13,0,1231,15,1
1699878720,11,13,0,1232,15,1
1699878780,11,13,0,1233,15,1
1699878840,11,13,0,1234,15,1
1699878900,11,13,0,1235,15,1
1699878960,11,13,0,1236,15,1
1699879020,11,13,0,1237,15,1
1699879080,11,13,0,1238,15,1
1699879140,11,13,0,1239,15,1
1699879200,11,13,0,1240,15,1
1699879260,11,13,0,1241,15,1
1699879320,11,13,0,1242,15,1
1699879380,11,13,0,1243,15,1
1699879440,11,13,0,1244,15,1
1699879500,11,13,0,1245,15,1
1699879560,11,13,0,1246,15,1
1699879620,11,13,0,1247,15,1
1699879680,11,13,0,1248,15,1
1699879740,11,13,0,1249,15,1
1699879800,11,13,0,1250,15,2
1699879860,11,13,0,1251,15,2
1699879920,11,13,0,1252,15,2
1699879980,11,13,0,1253,15,2
1699880040,11,13,0,1254,15,3
1699880100,11,13,0,1255,15,3
1699880160,11,13,0,1256,15,3
1699880220,11,13,0,1257,15,3
1699880280,11,13,0,1258,15,6
1699880340,11,13,0,1259,15,6
1699880400,11,13,0,1260,15,6
1699880520,11,13,0,1262,15,5
1699880580,11,13,0,1263,15,5
1699880640,11,13,0,1264,15,5
1699880700,11,13,0,1265,15,5
1699880760,11,13,0,1266,15,5
1699880820,11,13,0,1267,15,5
1699880880,11,13,0,1268,15,5
1699880940,11,13,0,1269,15,5
1699881000,11,13,0,1270,15,4
1699881060,11,13,0,1271,15,4
1699881120,11,13,0,1272,15,4
1699881180,11,13,0,1273,15,4
1699881240,11,13,0,1274,15,6
1699881300,11,13,0,1275,15,6
1699881360,11,13,0,1276,15,6
1699881420,11,13,0,1277,15,6
1699881480,11,13,0,1278,15,7
1699881540,11,13,0,1279,15,7
1699881660,11,13,0,1281,15,7
1699881720,11,13,0,1282,15,8
1699881780,11,13,0,1283,15,8
1699881840,11,13,0,1284,15,8
1699881900,11,13,0,1285,15,8
1699881960,11,13,0,1286,15,9
1699882020,11,13,0,1287,15,8
1699882080,11,13,0,1288,15,5
1699882140,11,13,0,1289,15,5
1699882260,11,13,0,1291,15,5
1699882320,11,13,0,1292,15,5
1699882380,11,13,0,1293,15,5
1699882440,11,13,0,1294,15,5
1699882500,11,13,0,1295,15,4
1699882560,11,13,0,1296,15,3
1699882620,11,13,0,1297,15,3
1699882680,11,13,0,1298,15,3
1699882740,11,13,0,1299,15,3
1699882800,11,13,0,1300,15,3
1699882860,11,13,0,1301,15,2
1699882920,11,13,0,1302,15,2
1699882980,11,13,0,1303,15,2
1699883040,11,13,0,1304,15,2
1699883100,11,13,0,1305,15,2
1699883160,11,13,0,1306,15,3
1699883220,11,13,0,1307,15,2
1699883280,11,13,0,1308,15,2
1699883340,11,13,0,1309,15,3
1699883400,11,13,0,1310,15,4
1699883460,11,13,0,1311,15,4
1699883520,11,13,0,1312,15,4
1699883580,11,13,0,1313,15,4
1699883640,11,13,0,1314,15,6
1699883700,11,13,0,1315,15,6
1699883760,11,13,0,1316,15,6
1699883820,11,13,0,1317,15,6
1699883880,11,13,0,1318,15,6
1699883940,11,13,0,1319,15,6
1699884060,11,13,0,1321,15,6
1699884120,11,13,0,1322,15,6
1699884180,11,13,0,1323,15,6
1699884240,11,13,0,1324,15,6
1699884300,11,13,0,1325,15,6
1699884360,11,13,0,1326,15,6
1699884420,11,13,0,1327,15,6
1699884480,11,13,0,1328,15,6
1699884540,11,13,0,1329,15,6
1699884600,11,13,0,1330,15,5
1699884660,11,13,0,1331,15,3
1699884720,11,13,0,1332,15,3
1699884780,11,13,0,1333,15,3
1699884840,11,13,0,1334,15,3
1699884900,11,13,0,1335,15,3
1699884960,11,13,0,1336,15,3
1699885020,11,13,0,1337,15,3
1699885080,11,13,0,1338,15,3
1699885140,11,13,0,1339,15,3
1699885260,11,13,0,1341,15,3
1699885320,11,13,0,1342,15,3
1699885380,11,13,0,1343,15,3
1699885440,11,13,0,1344,15,2
1699885500,11,13,0,1345,15,1
1699885560,11,13,0,1346,15,2
1699885620,11,13,0,1347,15,2
1699885680,11,13,0,1348,15,2
1699885740,11,13,0,1349,15,2
1699885800,11,13,0,1350,15,2
1699885860,11,13,0,1351,15,2
1699885920,11,13,0,1352,15,2
1699885980,11,13,0,1353,15,2
1699886040,11,13,0,1354,15,2
1699886100,11,13,0,1355,15,2
1699886160,11,13,0,1356,15,2
1699886220,11,13,0,1357,15,2
1699886280,11,13,0,1358,15,3
1699886340,11,13,0,1359,15,3
1699886400,11,13,0,1360,15,3
1699886460,11,13,0,1361,15,3
1699886520,11,13,0,1362,15,4
1699886580,11,13,0,1363,15,4
1699886640,11,13,0,1364,15,4
1699886700,11,13,0,1365,15,4
1699886760,11,13,0,1366,15,4
1699886820,11,13,0,1367,15,4
1699886880,11,13,0,1368,15,2
1699886940,11,13,0,1369,15,2
1699887000,11,13,0,1370,15,3
1699887060,11,13,0,1371,15,3
1699887120,11,13,0,1372,15,3
1699887180,11,13,0,1373,15,3
1699887240,11,13,0,1374,15,4
1699887300,11,13,0,1375,15,4
1699887360,11,13,0,1376,15,4
1699887420,11,13,0,1377,15,4
1699887480,11,13,0,1378,15,4
1699887540,11,13,0,1379,15,4
1699887660,11,13,0,1381,15,4
1699887720,11,13,0,1382,15,4
1699887780,11,13,0,1383,15,4
1699887840,11,13,0,1384,15,5
1699887960,11,13,0,1386,15,5
1699888020,11,13,0,1387,15,6
1699888080,11,13,0,1388,15,6
1699888140,11,13,0,1389,15,6
1699888260,11,13,0,1391,15,6
1699888320,11,13,0,1392,15,6
1699888380,11,13,0,1393,15,7
1699888440,11,13,0,1394,15,7
1699888500,11,13,0,1395,15,7
1699888560,11,13,0,1396,15,7
1699888620,11,13,0,1397,15,7
1699888680,11,13,0,1398,15,7
1699888740,11,13,0,1399,15,7
1699888860,11,13,0,1401,15,7
1699888920,11,13,0,1402,15,7
1699888980,11,13,0,1403,15,7
1699889040,11,13,0,1404,15,7
1699889100,11,13,0,1405,15,7
1699889160,11,13,0,1406,15,7
1699889220,11,13,0,1407,15,7
1699889280,11,13,0,1408,15,7
1699889340,11,13,0,1409,15,7
1699889460,11,13,0,1411,15,7
1699889520,11,13,0,1412,15,7
1699889580,11,13,0,1413,15,7
1699889640,11,13,0,1414,15,7
1699889700,11,13,0,1415,15,7
1699889760,11,13,0,1416,15,7
1699889820,11,13,0,1417,15,7
1699889880,11,13,0,1418,15,7
1699889940,11,13,0,1419,15,7
1699890060,11,13,0,1421,15,7
1699890120,11,13,0,1422,15,7
1699890180,11,13,0,1423,15,7
1699890240,11,13,0,1424,15,7
1699890300,11,13,0,1425,15,7
1699890360,11,13,0,1426,15,7
1699890420,11,13,0,1427,15,7
1699890480,11,13,0,1428,15,7
1699890540,11,13,0,1429,15,7
1699890660,11,13,0,1431,15,7
1699890720,11,13,0,1432,15,7
1699890780,11,13,0,1433,15,7
1699890840,11,13,0,1434,15,7
1699890900,11,13,0,1435,15,7
1699890960,11,13,0,1436,15,7
1699891020,11,13,0,1437,15,7
1699891080,11,13,0,1438,15,7
1699891140,11,13,0,1439,15,7
1699891260,11,14,1,1,15,7
1699891320,11,14,1,2,15,7
1699891380,11,14,1,3,15,7
1699891440,11,14,1,4,15,7
1699891500,11,14,1,5,15,7
1699891560,11,14,1,6,15,7
1699891620,11,14,1,7,15,7
1699891680,11,14,1,8,15,7
1699891740,11,14,1,9,15,7
1699891860,11,14,1,11,15,7
1699891920,11,14,1,12,15,7
1699891980,11,14,1,13,15,7
1699892040,11,14,1,14,15,7
1699892100,11,14,1,15,15,7
1699892160,11,14,1,16,15,7
1699892220,11,14,1,17,15,7
1699892280,11,14,1,18,15,7
1699892340,11,14,1,19,15,7
1699892460,11,14,1,21,15,7
1699892520,11,14,1,22,15,7
1699892580,11,14,1,23,15,7
1699892640,11,14,1,24,15,7
1699892700,11,14,1,25,15,7
1699892760,11,14,1,26,15,7
1699892820,11,14,1,27,15,7
1699892880,11,14,1,28,15,7
1699892940,11,14,1,29,15,7
1699893060,11,14,1,31,15,6
1699893120,11,14,1,32,15,6
1699893180,11,14,1,33,15,7
1699893240,11,14,1,34,15,7
1699893300,11,14,1,35,15,8
1699893360,11,14,1,36,15,8
1699893420,11,14,1,37,15,8
1699893480,11,14,1,38,15,8
1699893540,11,14,1,39,15,10
1699893660,11,14,1,41,15,10
1699893720,11,14,1,42,15,10
1699893780,11,14,1,43,15,10
1699893840,11,14,1,44,15,10
1699893900,11,14,1,45,15,10
1699893960,11,14,1,46,15,10
1699894020,11,14,1,47,15,10
1699894080,11,14,1,48,15,10
1699894140,11,14,1,49,15,11
1699894200,11,14,1,50,15,11
1699894260,11,14,1,51,15,11
1699894320,11,14,1,52,15,11
1699894380,11,14,1,53,15,11
1699894440,11,14,1,54,15,11
1699894500,11,14,1,55,15,11
1699894560,11,14,1,56,15,11
1699894620,11,14,1,57,15,11
1699894680,11,14,1,58,15,11
1699894740,11,14,1,59,15,11
1699894800,11,14,1,60,15,11
1699894860,11,14,1,61,15,11
1699894920,11,14,1,62,15,11
1699894980,11,14,1,63,15,11
1699895040,11,14,1,64,15,11
1699895100,11,14,1,65,15,10
1699895160,11,14,1,66,15,9
1699895220,11,14,1,67,15,9
1699895280,11,14,1,68,15,9
1699895340,11,14,1,69,15,9
1699895400,11,14,1,70,15,9
1699895460,11,14,1,71,15,9
1699895520,11,14,1,72,15,9
1699895580,11,14,1,73,15,9
1699895640,11,14,1,74,15,9
1699895700,11,14,1,75,15,8
1699895760,11,14,1,76,15,8
1699895820,11,14,1,77,15,8
1699895880,11,14,1,78,15,8
1699895940,11,14,1,79,15,8
1699896060,11,14,1,81,15,9
1699896120,11,14,1,82,15,9
1699896180,11,14,1,83,15,9
1699896240,11,14,1,84,15,9
1699896300,11,14,1,85,15,9
1699896360,11,14,1,86,15,9
1699896420,11,14,1,87,15,9
1699896480,11,14,1,88,15,9
1699896540,11,14,1,89,15,9
1699896600,11,14,1,90,15,9
1699896660,11,14,1,91,15,9
1699896720,11,14,1,92,15,9
1699896780,11,14,1,93,15,9
1699896840,11,14,1,94,15,9
1699896900,11,14,1,95,15,9
1699896960,11,14,1,96,15,9
1699897020,11,14,1,97,15,9
1699897080,11,14,1,98,15,9
1699897140,11,14,1,99,15,9
1699897200,11,14,1,100,15,9
1699897260,11,14,1,101,15,9
1699897320,11,14,1,102,15,10
1699897380,11,14,1,103,15,10
1699897440,11,14,1,104,15,10
1699897500,11,14,1,105,15,10
1699897560,11,14,1,106,15,10
1699897620,11,14,1,107,15,10
1699897680,11,14,1,108,15,10
1699897740,11,14,1,109,15,10
1699897800,11,14,1,110,15,10
1699897860,11,14,1,111,15,10
1699897920,11,14,1,112,15,10
1699897980,11,14,1,113,15,10
1699898040,11,14,1,114,15,10
1699898100,11,14,1,115,15,10
1699898160,11,14,1,116,15,10
1699898220,11,14,1,117,15,10
1699898280,11,14,1,118,15,10
1699898340,11,14,1,119,15,10
1699898460,11,14,1,121,15,10
1699898520,11,14,1,122,15,10
1699898580,11,14,1,123,15,10
1699898640,11,14,1,124,15,10
1699898700,11,14,1,125,15,10
1699898760,11,14,1,126,15,10
1699898820,11,14,1,127,15,10
1699898880,11,14,1,128,15,10
1699898940,11,14,1,129,15,10
1699899000,11,14,1,130,15,10
1699899060,11,14,1,131,15,10
1699899120,11,14,1,132,15,10
1699899180,11,14,1,133,15,10
1699899240,11,14,1,134,15,10
1699899300,11,14,1,135,15,10
1699899360,11,14,1,136,15,10
1699899420,11,14,1,137,15,10
1699899480,11,14,1,138,15,10
1699899540,11,14,1,139,15,10
1699899660,11,14,1,141,15,10
1699899720,11,14,1,142,15,10
1699899780,11,14,1,143,15,10
1699899840,11,14,1,144,15,10
1699899900,11,14,1,145,15,10
1699899960,11,14,1,146,15,10
1699900020,11,14,1,147,15,10
1699900080,11,14,1,148,15,10
1699900140,11,14,1,149,15,10
1699900200,11,14,1,150,15,10
1699900260,11,14,1,151,15,10
1699900320,11,14,1,152,15,10
1699900380,11,14,1,153,15,10
1699900440,11,14,1,154,15,9
1699900500,11,14,1,155,15,9
1699900560,11,14,1,156,15,9
1699900620,11,14,1,157,15,9
1699900680,11,14,1,158,15,9
1699900740,11,14,1,159,15,9
1699900800,11,14,1,160,15,9
1699900860,11,14,1,161,15,9
1699900920,11,14,1,162,15,9
1699900980,11,14,1,163,15,9
1699901040,11,14,1,164,15,9
1699901100,11,14,1,165,15,9
1699901160,11,14,1,166,15,9
1699901220,11,14,1,167,15,9
1699901280,11,14,1,168,15,9
1699901340,11,14,1,169,15,9
1699901400,11,14,1,170,15,9
1699901460,11,14,1,171,15,9
1699901520,11,14,1,172,15,9
1699901580,11,14,1,173,15,9
1699901640,11,14,1,174,15,9
1699901700,11,14,1,175,15,9
1699901760,11,14,1,176,15,8
1699901820,11,14,1,177,15,8
1699901880,11,14,1,178,15,8
1699901940,11,14,1,179,15,8
1699902000,11,14,1,180,15,8
1699902060,11,14,1,181,15,8
1699902120,11,14,1,182,15,8
1699902180,11,14,1,183,15,8
1699902240,11,14,1,184,15,8
1699902300,11,14,1,185,15,8
1699902360,11,14,1,186,15,8
1699902420,11,14,1,187,15,8
1699902480,11,14,1,188,15,8
1699902540,11,14,1,189,15,8
1699902660,11,14,1,191,15,8
1699902720,11,14,1,192,15,8
1699902780,11,14,1,193,15,8
1699902840,11,14,1,194,15,8
1699902900,11,14,1,195,15,8
1699902960,11,14,1,196,15,8
1699903020,11,14,1,197,15,8
1699903080,11,14,1,198,15,8
1699903140,11,14,1,199,15,8
1699903260,11,14,1,201,15,8
1699903320,11,14,1,202,15,8
1699903380,11,14,1,203,15,8
1699903440,11,14,1,204,15,8
1699903500,11,14,1,205,15,8
1699903560,11,14,1,206,15,8
1699903620,11,14,1,207,15,8
1699903680,11,14,1,208,15,8
1699903740,11,14,1,209,15,8
1699903860,11,14,1,211,15,8
1699903920,11,14,1,212,15,8
1699903980,11,14,1,213,15,8
1699904040,11,14,1,214,15,8
1699904100,11,14,1,215,15,8
1699904160,11,14,1,216,15,8
1699904220,11,14,1,217,15,8
1699904280,11,14,1,218,15,8
1699904340,11,14,1,219,15,8
1699904460,11,14,1,221,15,8
1699904520,11,14,1,222,15,8
1699904580,11,14,1,223,15,8
1699904640,11,14,1,224,15,8
1699904700,11,14,1,225,15,8
1699904760,11,14,1,226,15,8
1699904820,11,14,1,227,15,8
1699904880,11,14,1,228,15,8
1699904940,11,14,1,229,15,8
1699905060,11,14,1,231,15,8
1699905120,11,14,1,232,15,8
1699905180,11,14,1,233,15,8
1699905240,11,14,1,234,15,8
1699905300,11,14,1,235,15,8
1699905360,11,14,1,236,15,8
1699905420,11,14,1,237,15,8
1699905480,11,14,1,238,15,9
1699905540,11,14,1,239,15,9
1699905660,11,14,1,241,15,9
1699905720,11,14,1,242,15,9
1699905780,11,14,1,243,15,9
1699905840,11,14,1,244,15,9
1699905900,11,14,1,245,15,9
1699905960,11,14,1,246,15,9
1699906020,11,14,1,247,15,9
1699906080,11,14,1,248,15,9
1699906140,11,14,1,249,15,9
1699906260,11,14,1,251,15,9
1699906320,11,14,1,252,15,9
1699906380,11,14,1,253,15,9
1699906440,11,14,1,254,15,9
1699906500,11,14,1,255,15,9
1699906560,11,14,1,256,15,9
1699906620,11,14,1,257,15,9
1699906680,11,14,1,258,15,9
1699906740,11,14,1,259,15,9
1699906860,11,14,1,261,15,9
1699906920,11,14,1,262,15,9
1699906980,11,14,1,263,15,9
1699907040,11,14,1,264,15,9
1699907100,11,14,1,265,15,9
1699907160,11,14,1,266,15,9
1699907220,11,14,1,267,15,9
1699907280,11,14,1,268,15,9
1699907340,11,14,1,269,15,9
1699907460,11,14,1,271,15,9
1699907520,11,14,1,272,15,9
1699907580,11,14,1,273,15,10
1699907640,11,14,1,274,15,10
1699907700,11,14,1,275,15,10
1699907760,11,14,1,276,15,10
1699907820,11,14,1,277,15,10
1699907880,11,14,1,278,15,10
1699907940,11,14,1,279,15,10
1699908060,11,14,1,281,15,10
1699908120,11,14,1,282,15,10
1699908180,11,14,1,283,15,10
1699908240,11,14,1,284,15,10
1699908300,11,14,1,285,15,10
1699908360,11,14,1,286,15,10
1699908420,11,14,1,287,15,10
1699908480,11,14,1,288,15,10
1699908540,11,14,1,289,15,10
1699908600,11,14,1,290,15,10
1699908660,11,14,1,291,15,10
1699908720,11,14,1,292,15,10
1699908780,11,14,1,293,15,10
1699908840,11,14,1,294,15,10
1699908900,11,14,1,295,15,10
1699908960,11,14,1,296,15,10
1699909020,11,14,1,297,15,10
1699909080,11,14,1,298,15,10
1699909140,11,14,1,299,15,10
1699909200,11,14,1,300,15,10
1699909260,11,14,1,301,15,10
1699909320,11,14,1,302,15,10
1699909380,11,14,1,303,15,10
1699909440,11,14,1,304,15,10
1699909500,11,14,1,305,15,10
1699909560,11,14,1,306,15,10
1699909620,11,14,1,307,15,10
1699909680,11,14,1,308,15,10
1699909740,11,14,1,309,15,10
1699909800,11,14,1,310,15,10
1699909860,11,14,1,311,15,10
1699909920,11,14,1,312,15,10
1699909980,11,14,1,313,15,10
1699910040,11,14,1,314,15,10
1699910100,11,14,1,315,15,10
1699910160,11,14,1,316,15,10
1699910220,11,14,1,317,15,10
1699910280,11,14,1,318,15,10
1699910340,11,14,1,319,15,10
1699910460,11,14,1,321,15,10
1699910520,11,14,1,322,15,10
1699910580,11,14,1,323,15,10
1699910640,11,14,1,324,15,10
1699910700,11,14,1,325,15,10
1699910760,11,14,1,326,15,10
1699910820,11,14,1,327,15,10
1699910880,11,14,1,328,15,10
1699910940,11,14,1,329,15,10
1699911000,11,14,1,330,15,10
1699911060,11,14,1,331,15,10
1699911120,11,14,1,332,15,10
1699911180,11,14,1,333,15,10
1699911240,11,14,1,334,15,10
1699911300,11,14,1,335,15,10
1699911360,11,14,1,336,15,10
1699911420,11,14,1,337,15,10
1699911480,11,14,1,338,15,10
1699911540,11,14,1,339,15,10
1699911600,11,14,1,340,15,10
1699911660,11,14,1,341,15,11
1699911720,11,14,1,342,15,11
1699911780,11,14,1,343,15,11
1699911840,11,14,1,344,15,11
1699911900,11,14,1,345,15,11
1699911960,11,14,1,346,15,11
1699912020,11,14,1,347,15,11
1699912080,11,14,1,348,15,11
1699912140,11,14,1,349,15,11
1699912200,11,14,1,350,15,11
1699912260,11,14,1,351,15,12
1699912320,11,14,1,352,15,12
1699912380,11,14,1,353,15,12
1699912440,11,14,1,354,15,12
1699912500,11,14,1,355,15,12
1699912560,11,14,1,356,15,12
1699912620,11,14,1,357,15,12
1699912680,11,14,1,358,15,12
1699912740,11,14,1,359,15,11
1699912800,11,14,1,360,15,11
1699912860,11,14,1,361,15,12
1699912920,11,14,1,362,15,12
1699912980,11,14,1,363,15,12
1699913040,11,14,1,364,15,12
1699913100,11,14,1,365,15,12
1699913160,11,14,1,366,15,12
1699913220,11,14,1,367,15,12
1699913280,11,14,1,368,15,13
1699913340,11,14,1,369,15,13
1699913400,11,14,1,370,15,13
1699913460,11,14,1,371,15,13
1699913520,11,14,1,372,15,12
1699913580,11,14,1,373,15,12
1699913640,11,14,1,374,15,12
1699913700,11,14,1,375,15,12
1699913760,11,14,1,376,15,12
1699913820,11,14,1,377,15,12
1699913880,11,14,1,378,15,12
1699913940,11,14,1,379,15,12
1699914060,11,14,1,381,15,12
1699914120,11,14,1,382,15,12
1699914180,11,14,1,383,15,12
1699914240,11,14,1,384,15,12
1699914300,11,14,1,385,15,12
1699914360,11,14,1,386,15,12
1699914420,11,14,1,387,15,11
1699914480,11,14,1,388,15,11
1699914540,11,14,1,389,15,11
1699914600,11,14,1,390,15,11
1699914660,11,14,1,391,15,10
1699914720,11,14,1,392,15,11
1699914780,11,14,1,393,15,11
1699914840,11,14,1,394,15,10
1699914900,11,14,1,395,15,10
1699914960,11,14,1,396,15,10
1699915020,11,14,1,397,15,10
1699915080,11,14,1,398,15,10
1699915140,11,14,1,399,15,10
1699915200,11,14,1,400,15,10
1699915260,11,14,1,401,15,10
1699915320,11,14,1,402,15,10
1699915380,11,14,1,403,15,10
1699915440,11,14,1,404,15,10
1699915500,11,14,1,405,15,10
1699915560,11,14,1,406,15,10
1699915620,11,14,1,407,15,10
1699915680,11,14,1,408,15,10
1699915740,11,14,1,409,15,10
1699915800,11,14,1,410,15,10
1699915860,11,14,1,411,15,10
1699915920,11,14,1,412,15,10
1699915980,11,14,1,413,15,10
1699916040,11,14,1,414,15,10
1699916100,11,14,1,415,15,10
1699916160,11,14,1,416,15,10
1699916220,11,14,1,417,15,10
1699916280,11,14,1,418,15,10
1699916340,11,14,1,419,15,10
1699916460,11,14,1,421,15,10
1699916520,11,14,1,422,15,10
1699916580,11,14,1,423,15,10
1699916640,11,14,1,424,15,10
1699916700,11,14,1,425,15,10
1699916760,11,14,1,426,15,10
1699916820,11,14,1,427,15,10
1699916880,11,14,1,428,15,10
1699916940,11,14,1,429,15,10
1699917000,11,14,1,430,15,10
1699917060,11,14,1,431,15,10
1699917120,11,14,1,432,15,10
1699917180,11,14,1,433,15,10
1699917240,11,14,1,434,15,10
1699917300,11,14,1,435,15,10
1699917360,11,14,1,436,15,10
1699917480,11,14,1,438,15,10
1699917540,11,14,1,439,15,10
1699917660,11,14,1,441,15,10
1699917720,11,14,1,442,15,10
1699917780,11,14,1,443,15,11
1699917840,11,14,1,444,15,10
1699917900,11,14,1,445,15,10
1699917960,11,14,1,446,15,11
1699918020,11,14,1,447,15,11
1699918080,11,14,1,448,15,10
1699918140,11,14,1,449,15,9
1699918260,11,14,1,451,15,9
1699918320,11,14,1,452,15,10
1699918380,11,14,1,453,15,10
1699918440,11,14,1,454,15,10
1699918500,11,14,1,455,15,10
1699918560,11,14,1,456,15,10
1699918620,11,14,1,457,15,10
1699918680,11,14,1,458,15,11
1699918740,11,14,1,459,15,11
1699918860,11,14,1,461,15,11
1699918920,11,14,1,462,15,12
1699918980,11,14,1,463,15,12
1699919040,11,14,1,464,15,12
1699919100,11,14,1,465,15,11
1699919160,11,14,1,466,15,11
1699919220,11,14,1,467,15,11
1699919280,11,14,1,468,15,12
1699919340,11,14,1,469,15,12
1699919460,11,14,1,471,15,10
1699919520,11,14,1,472,15,13
1699919580,11,14,1,473,15,13
1699919640,11,14,1,474,15,13
1699919700,11,14,1,475,15,13
1699919760,11,14,1,476,15,13
1699919820,11,14,1,477,15,13
1699919880,11,14,1,478,15,13
1699919940,11,14,1,479,15,13
1699920060,11,14,1,481,15,12
1699920120,11,14,1,482,15,12
1699920180,11,14,1,483,15,11
1699920240,11,14,1,484,15,11
1699920300,11,14,1,485,15,10
1699920360,11,14,1,486,15,10
1699920420,11,14,1,487,15,10
1699920480,11,14,1,488,15,11
1699920540,11,14,1,489,15,11
1699920660,11,14,1,491,15,11
1699920720,11,14,1,492,15,11
1699920780,11,14,1,493,15,11
1699920840,11,14,1,494,15,11
1699920900,11,14,1,495,15,11
1699920960,11,14,1,496,15,10
1699921020,11,14,1,497,15,10
1699921080,11,14,1,498,15,10
1699921140,11,14,1,499,15,11
1699921260,11,14,1,501,15,12
1699921320,11,14,1,502,15,12
1699921380,11,14,1,503,15,12
1699921440,11,14,1,504,15,12
1699921500,11,14,1,505,15,12
1699921560,11,14,1,506,15,11
1699921620,11,14,1,507,15,11
1699921680,11,14,1,508,15,10
1699921740,11,14,1,509,15,10
1699921860,11,14,1,511,15,8
1699921920,11,14,1,512,15,10
1699921980,11,14,1,513,15,10
1699922040,11,14,1,514,15,10
1699922100,11,14,1,515,15,10
1699922160,11,14,1,516,15,11
1699922220,11,14,1,517,15,13
1699922280,11,14,1,518,15,14
1699922340,11,14,1,519,15,14
1699922460,11,14,1,521,15,14
1699922520,11,14,1,522,15,13
1699922580,11,14,1,523,15,13
1699922640,11,14,1,524,15,12
1699922700,11,14,1,525,15,14
1699922760,11,14,1,526,15,14
1699922820,11,14,1,527,15,13
1699922880,11,14,1,528,15,12
1699922940,11,14,1,529,15,12
1699923060,11,14,1,531,15,12
1699923120,11,14,1,532,15,11
1699923180,11,14,1,533,15,11
1699923240,11,14,1,534,15,11
1699923300,11,14,1,535,15,11
1699923360,11,14,1,536,15,10
1699923420,11,14,1,537,15,9
1699923480,11,14,1,538,15,8
1699923540,11,14,1,539,15,8
1699923660,11,14,1,541,15,8
1699923720,11,14,1,542,15,7
1699923780,11,14,1,543,15,6
1699923840,11,14,1,544,15,6
1699923900,11,14,1,545,15,7
1699923960,11,14,1,546,15,5
1699924020,11,14,1,547,15,5
1699924080,11,14,1,548,15,5
1699924140,11,14,1,549,15,5
1699924200,11,14,1,550,15,3
1699924260,11,14,1,551,15,3
1699924320,11,14,1,552,15,3
1699924380,11,14,1,553,15,3
1699924440,11,14,1,554,15,2
1699924500,11,14,1,555,15,1
1699924560,11,14,1,556,15,1
1699924620,11,14,1,557,15,1
1699924680,11,14,1,558,15,2
1699924740,11,14,1,559,15,1
1699924860,11,14,1,561,15,2
1699924920,11,14,1,562,15,3
1699924980,11,14,1,563,15,3
1699925040,11,14,1,564,15,3
1699925100,11,14,1,565,15,2
1699925160,11,14,1,566,15,2
1699925220,11,14,1,567,15,1
1699925280,11,14,1,568,15,2
1699925340,11,14,1,569,15,3
1699925400,11,14,1,570,15,2
1699925520,11,14,1,572,15,3
1699925580,11,14,1,573,15,3
1699925640,11,14,1,574,15,1
1699925700,11,14,1,575,15,0
1699925760,11,14,1,576,15,0
1699925820,11,14,1,577,15,0
1699925880,11,14,1,578,15,0
1699925940,11,14,1,579,15,0
1699926000,11,14,1,580,15,0
1699926060,11,14,1,581,15,0
1699926120,11,14,1,582,15,0
1699926180,11,14,1,583,15,0
1699926240,11,14,1,584,15,0
1699926300,11,14,1,585,15,0
1699926360,11,14,1,586,15,0
1699926420,11,14,1,587,15,0
1699926480,11,14,1,588,15,0
1699926540,11,14,1,589,15,0
1699926600,11,14,1,590,15,0
1699926660,11,14,1,591,15,0
1699926720,11,14,1,592,15,0
1699926780,11,14,1,593,15,0
1699926840,11,14,1,594,15,0
1699926900,11,14,1,595,15,0
1699926960,11,14,1,596,15,0
1699927020,11,14,1,597,15,0
1699927080,11,14,1,598,15,0
1699927140,11,14,1,599,15,0
1699927260,11,14,1,601,15,0
1699927320,11,14,1,602,15,0
1699927380,11,14,1,603,15,0
1699927440,11,14,1,604,15,0
1699927500,11,14,1,605,15,1
1699927560,11,14,1,606,15,0
1699927620,11,14,1,607,15,1
1699927680,11,14,1,608,15,1
1699927740,11,14,1,609,15,1
1699927800,11,14,1,610,15,1
1699927860,11,14,1,611,15,1
1699927920,11,14,1,612,15,1
1699927980,11,14,1,613,15,1
1699928040,11,14,1,614,15,1
1699928100,11,14,1,615,15,1
1699928160,11,14,1,616,15,2
1699928220,11,14,1,617,15,0
1699928280,11,14,1,618,15,0
1699928340,11,14,1,619,15,0
1699928460,11,14,1,621,15,0
1699928520,11,14,1,622,15,0
1699928580,11,14,1,623,15,0
1699928640,11,14,1,624,15,0
1699928700,11,14,1,625,15,0
1699928760,11,14,1,626,15,0
1699928820,11,14,1,627,15,0
1699928880,11,14,1,628,15,0
1699928940,11,14,1,629,15,1
1699929060,11,14,1,631,15,0
1699929120,11,14,1,632,15,0
1699929180,11,14,1,633,15,0
1699929240,11,14,1,634,15,0
1699929300,11,14,1,635,15,0
1699929360,11,14,1,636,15,0
1699929420,11,14,1,637,15,0
1699929480,11,14,1,638,15,0
1699929540,11,14,1,639,15,1
1699929600,11,14,1,640,15,1
1699929660,11,14,1,641,15,1
1699929720,11,14,1,642,15,1
1699929780,11,14,1,643,15,2
1699929840,11,14,1,644,15,1
1699929900,11,14,1,645,15,2
1699929960,11,14,1,646,15,2
1699930020,11,14,1,647,15,1
1699930080,11,14,1,648,15,1
1699930140,11,14,1,649,15,1
1699930200,11,14,1,650,15,1
1699930260,11,14,1,651,15,1
1699930320,11,14,1,652,15,1
1699930380,11,14,1,653,15,1
1699930440,11,14,1,654,15,1
1699930500,11,14,1,655,15,1
1699930560,11,14,1,656,15,2
1699930620,11,14,1,657,15,2
1699930680,11,14,1,658,15,1
1699930740,11,14,1,659,15,1
1699930860,11,14,1,661,15,1
1699930920,11,14,1,662,15,1
1699930980,11,14,1,663,15,1
1699931040,11,14,1,664,15,1
1699931100,11,14,1,665,15,1
1699931160,11,14,1,666,15,0
1699931220,11,14,1,667,15,0
1699931280,11,14,1,668,15,0
1699931340,11,14,1,669,15,0
1699931400,11,14,1,670,15,0
1699931460,11,14,1,671,15,0
1699931520,11,14,1,672,15,0
1699931580,11,14,1,673,15,0
1699931640,11,14,1,674,15,0
1699931700,11,14,1,675,15,0
1699931760,11,14,1,676,15,0
1699931820,11,14,1,677,15,0
1699931880,11,14,1,678,15,1
1699931940,11,14,1,679,15,1
1699932060,11,14,1,681,15,0
1699932120,11,14,1,682,15,1
1699932180,11,14,1,683,15,1
1699932240,11,14,1,684,15,0
1699932300,11,14,1,685,15,1
1699932360,11,14,1,686,15,1
1699932480,11,14,1,688,15,1
1699932540,11,14,1,689,15,1
1699932660,11,14,1,691,15,0
1699932720,11,14,1,692,15,0
1699932780,11,14,1,693,15,0
1699932840,11,14,1,694,15,0
1699932900,11,14,1,695,15,0
1699932960,11,14,1,696,15,0
1699933020,11,14,1,697,15,0
1699933080,11,14,1,698,15,0
1699933140,11,14,1,699,15,0
1699933260,11,14,1,701,15,0
1699933320,11,14,1,702,15,0
1699933380,11,14,1,703,15,0
1699933440,11,14,1,704,15,0
1699933500,11,14,1,705,15,1
1699933560,11,14,1,706,15,1
1699933620,11,14,1,707,15,1
1699933680,11,14,1,708,15,1
1699933740,11,14,1,709,15,2
1699933860,11,14,1,711,15,2
1699933920,11,14,1,712,15,2
1699933980,11,14,1,713,15,2
1699934040,11,14,1,714,15,2
1699934100,11,14,1,715,15,2
1699934160,11,14,1,716,15,3
1699934220,11,14,1,717,15,3
1699934280,11,14,1,718,15,3
1699934340,11,14,1,719,15,2
1699934460,11,14,1,721,15,1
1699934520,11,14,1,722,15,1
1699934580,11,14,1,723,15,1
1699934640,11,14,1,724,15,1
1699934700,11,14,1,725,15,1
1699934760,11,14,1,726,15,1
1699934820,11,14,1,727,15,0
1699934880,11,14,1,728,15,0
1699934940,11,14,1,729,15,0
1699935060,11,14,1,731,15,0
1699935120,11,14,1,732,15,0
1699935180,11,14,1,733,15,0
1699935240,11,14,1,734,15,0
1699935300,11,14,1,735,15,1
1699935360,11,14,1,736,15,0
1699935420,11,14,1,737,15,0
1699935480,11,14,1,738,15,0
1699935540,11,14,1,739,15,3
1699935660,11,14,1,741,15,3
1699935720,11,14,1,742,15,3
1699935780,11,14,1,743,15,3
1699935840,11,14,1,744,15,3
1699935900,11,14,1,745,15,2
1699935960,11,14,1,746,15,2
1699936020,11,14,1,747,15,2
1699936080,11,14,1,748,15,1
1699936140,11,14,1,749,15,1
1699936260,11,14,1,751,15,0
1699936320,11,14,1,752,15,2
1699936380,11,14,1,753,15,2
1699936440,11,14,1,754,15,2
1699936500,11,14,1,755,15,2
1699936560,11,14,1,756,15,1
1699936620,11,14,1,757,15,0
1699936680,11,14,1,758,15,0
1699936740,11,14,1,759,15,1
1699936860,11,14,1,761,15,1
1699936920,11,14,1,762,15,2
1699936980,11,14,1,763,15,2
1699937040,11,14,1,764,15,2
1699937100,11,14,1,765,15,2
1699937160,11,14,1,766,15,2
1699937220,11,14,1,767,15,2
1699937280,11,14,1,768,15,2
1699937340,11,14,1,769,15,4
1699937400,11,14,1,770,15,3
1699937520,11,14,1,772,15,3
1699937580,11,14,1,773,15,3
1699937640,11,14,1,774,15,3
1699937700,11,14,1,775,15,3
1699937760,11,14,1,776,15,3
1699937820,11,14,1,777,15,3
1699937880,11,14,1,778,15,4
1699937940,11,14,1,779,15,5
1699938060,11,14,1,781,15,5
1699938120,11,14,1,782,15,5
1699938180,11,14,1,783,15,5
1699938240,11,14,1,784,15,4
1699938300,11,14,1,785,15,4
1699938360,11,14,1,786,15,2
1699938420,11,14,1,787,15,1
1699938480,11,14,1,788,15,1
1699938540,11,14,1,789,15,0
1699938600,11,14,1,790,15,0
1699938660,11,14,1,791,15,0
1699938720,11,14,1,792,15,0
1699938780,11,14,1,793,15,0
1699938840,11,14,1,794,15,0
1699938900,11,14,1,795,15,0
1699938960,11,14,1,796,15,0
1699939020,11,14,1,797,15,0
1699939080,11,14,1,798,15,1
1699939140,11,14,1,799,15,1
1699939260,11,14,1,801,15,1
1699939320,11,14,1,802,15,3
1699939380,11,14,1,803,15,3
1699939440,11,14,1,804,15,3
1699939500,11,14,1,805,15,3
1699939560,11,14,1,806,15,3
1699939620,11,14,1,807,15,3
1699939680,11,14,1,808,15,1
1699939740,11,14,1,809,15,1
1699939800,11,14,1,810,15,1
1699939860,11,14,1,811,15,1
1699939920,11,14,1,812,15,0
1699939980,11,14,1,813,15,0
1699940040,11,14,1,814,15,0
1699940100,11,14,1,815,15,0
1699940160,11,14,1,816,15,1
1699940220,11,14,1,817,15,1
1699940280,11,14,1,818,15,3
1699940340,11,14,1,819,15,3
1699940400,11,14,1,820,15,3
1699940460,11,14,1,821,15,3
1699940520,11,14,1,822,15,4
1699940580,11,14,1,823,15,4
1699940640,11,14,1,824,15,4
1699940700,11,14,1,825,15,5
1699940760,11,14,1,826,15,6
1699940820,11,14,1,827,15,6
1699940880,11,14,1,828,15,6
1699940940,11,14,1,829,15,7
1699941000,11,14,1,830,15,7
1699941060,11,14,1,831,15,7
1699941120,11,14,1,832,15,6
1699941180,11,14,1,833,15,6
1699941240,11,14,1,834,15,6
1699941300,11,14,1,835,15,6
1699941360,11,14,1,836,15,6
1699941420,11,14,1,837,15,6
1699941480,11,14,1,838,15,5
1699941540,11,14,1,839,15,4
1699941660,11,14,1,841,15,4
1699941720,11,14,1,842,15,4
1699941780,11,14,1,843,15,4
1699941840,11,14,1,844,15,4
1699941900,11,14,1,845,15,4
1699941960,11,14,1,846,15,4
1699942020,11,14,1,847,15,4
1699942080,11,14,1,848,15,4
1699942140,11,14,1,849,15,4
1699942200,11,14,1,850,15,4
1699942260,11,14,1,851,15,3
1699942320,11,14,1,852,15,2
1699942380,11,14,1,853,15,1
1699942440,11,14,1,854,15,1
1699942500,11,14,1,855,15,0
1699942560,11,14,1,856,15,0
1699942620,11,14,1,857,15,0
1699942680,11,14,1,858,15,0
1699942740,11,14,1,859,15,0
1699942860,11,14,1,861,15,1
1699942920,11,14,1,862,15,1
1699942980,11,14,1,863,15,0
1699943040,11,14,1,864,15,0
1699943100,11,14,1,865,15,0
1699943160,11,14,1,866,15,0
1699943220,11,14,1,867,15,0
1699943280,11,14,1,868,15,0
1699943340,11,14,1,869,15,0
1699943460,11,14,1,871,15,0
1699943520,11,14,1,872,15,0
1699943580,11,14,1,873,15,0
1699943640,11,14,1,874,15,0
1699943700,11,14,1,875,15,0
1699943760,11,14,1,876,15,0
1699943820,11,14,1,877,15,0
1699943880,11,14,1,878,15,2
1699943940,11,14,1,879,15,2
1699944000,11,14,1,880,15,1
1699944060,11,14,1,881,15,1
1699944120,11,14,1,882,15,1
1699944180,11,14,1,883,15,1
1699944240,11,14,1,884,15,1
1699944300,11,14,1,885,15,1
1699944360,11,14,1,886,15,1
1699944420,11,14,1,887,15,1
1699944480,11,14,1,888,15,1
1699944540,11,14,1,889,15,1
1699944600,11,14,1,890,15,1
1699944660,11,14,1,891,15,0
1699944720,11,14,1,892,15,0
1699944780,11,14,1,893,15,0
1699944840,11,14,1,894,15,0
1699944900,11,14,1,895,15,0
1699944960,11,14,1,896,15,0
1699945020,11,14,1,897,15,0
1699945080,11,14,1,898,15,0
1699945140,11,14,1,899,15,0
1699945260,11,14,1,901,15,0
1699945320,11,14,1,902,15,1
1699945380,11,14,1,903,15,0
1699945440,11,14,1,904,15,0
1699945500,11,14,1,905,15,0
1699945560,11,14,1,906,15,0
1699945620,11,14,1,907,15,0
1699945680,11,14,1,908,15,0
1699945740,11,14,1,909,15,0
1699945800,11,14,1,910,15,2
1699945860,11,14,1,911,15,2
1699945920,11,14,1,912,15,2
1699945980,11,14,1,913,15,2
1699946040,11,14,1,914,15,3
1699946100,11,14,1,915,15,3
1699946160,11,14,1,916,15,2
1699946220,11,14,1,917,15,3
1699946280,11,14,1,918,15,3
1699946340,11,14,1,919,15,3
1699946460,11,14,1,921,15,2
1699946520,11,14,1,922,15,2
1699946580,11,14,1,923,15,2
1699946640,11,14,1,924,15,2
1699946700,11,14,1,925,15,4
1699946760,11,14,1,926,15,6
1699946820,11,14,1,927,15,6
1699946880,11,14,1,928,15,5
1699946940,11,14,1,929,15,4
1699947060,11,14,1,931,15,3
1699947120,11,14,1,932,15,3
1699947180,11,14,1,933,15,3
1699947240,11,14,1,934,15,3
1699947300,11,14,1,935,15,3
1699947360,11,14,1,936,15,3
1699947420,11,14,1,937,15,3
1699947480,11,14,1,938,15,4
1699947540,11,14,1,939,15,4
1699947660,11,14,1,941,15,4
1699947720,11,14,1,942,15,4
1699947780,11,14,1,943,15,4
1699947840,11,14,1,944,15,4
1699947900,11,14,1,945,15,4
1699948020,11,14,1,947,15,4
1699948080,11,14,1,948,15,4
1699948140,11,14,1,949,15,5
1699948260,11,14,1,951,15,6
1699948320,11,14,1,952,15,6
1699948380,11,14,1,953,15,5
1699948440,11,14,1,954,15,5
1699948500,11,14,1,955,15,5
1699948560,11,14,1,956,15,5
1699948620,11,14,1,957,15,5
1699948680,11,14,1,958,15,5
1699948740,11,14,1,959,15,5
1699948860,11,14,1,961,15,5
1699948920,11,14,1,962,15,5
1699948980,11,14,1,963,15,5
1699949040,11,14,1,964,15,5
1699949100,11,14,1,965,15,5
1699949160,11,14,1,966,15,6
1699949220,11,14,1,967,15,6
1699949280,11,14,1,968,15,6
1699949340,11,14,1,969,15,5
1699949460,11,14,1,971,15,6
1699949520,11,14,1,972,15,5
1699949580,11,14,1,973,15,5
1699949640,11,14,1,974,15,5
1699949700,11,14,1,975,15,5
1699949820,11,14,1,977,15,5
1699949880,11,14,1,978,15,5
1699949940,11,14,1,979,15,5
1699950060,11,14,1,981,15,5
1699950120,11,14,1,982,15,5
1699950180,11,14,1,983,15,5
1699950240,11,14,1,984,15,5
1699950300,11,14,1,985,15,5
1699950360,11,14,1,986,15,5
1699950420,11,14,1,987,15,5
1699950480,11,14,1,988,15,5
1699950540,11,14,1,989,15,5
1699950660,11,14,1,991,15,4
1699950720,11,14,1,992,15,3
1699950780,11,14,1,993,15,3
1699950840,11,14,1,994,15,3
1699950900,11,14,1,995,15,2
1699950960,11,14,1,996,15,2
1699951020,11,14,1,997,15,2
1699951080,11,14,1,998,15,2
1699951140,11,14,1,999,15,2
1699951260,11,14,1,1001,15,2
1699951320,11,14,1,1002,15,3
1699951380,11,14,1,1003,15,3
1699951440,11,14,1,1004,15,3
1699951500,11,14,1,1005,15,3
1699951560,11,14,1,1006,15,3
1699951620,11,14,1,1007,15,3
1699951680,11,14,1,1008,15,3
1699951740,11,14,1,1009,15,3
1699951860,11,14,1,1011,15,2
1699951920,11,14,1,1012,15,1
1699951980,11,14,1,1013,15,1
1699952040,11,14,1,1014,15,2
1699952100,11,14,1,1015,15,2
1699952160,11,14,1,1016,15,2
1699952220,11,14,1,1017,15,2
1699952280,11,14,1,1018,15,2
1699952340,11,14,1,1019,15,3
1699952460,11,14,1,1021,15,3
1699952520,11,14,1,1022,15,3
1699952580,11,14,1,1023,15,3
1699952640,11,14,1,1024,15,3
1699952700,11,14,1,1025,15,4
1699952760,11,14,1,1026,15,3
1699952820,11,14,1,1027,15,3
1699952880,11,14,1,1028,15,4
1699952940,11,14,1,1029,15,5
1699953060,11,14,1,1031,15,5
1699953120,11,14,1,1032,15,5
1699953240,11,14,1,1034,15,5
1699953300,11,14,1,1035,15,5
1699953360,11,14,1,1036,15,5
1699953420,11,14,1,1037,15,5
1699953480,11,14,1,1038,15,5
1699953540,11,14,1,1039,15,5
1699953660,11,14,1,1041,15,5
1699953720,11,14,1,1042,15,5
1699953780,11,14,1,1043,15,5
1699953840,11,14,1,1044,15,5
1699953900,11,14,1,1045,15,4
1699953960,11,14,1,1046,15,4
1699954020,11,14,1,1047,15,4
1699954080,11,14,1,1048,15,4
1699954140,11,14,1,1049,15,4
1699954260,11,14,1,1051,15,7
1699954320,11,14,1,1052,15,7
1699954380,11,14,1,1053,15,7
1699954440,11,14,1,1054,15,9
1699954500,11,14,1,1055,15,9
1699954560,11,14,1,1056,15,9
1699954620,11,14,1,1057,15,8
1699954680,11,14,1,1058,15,8
1699954740,11,14,1,1059,15,7
1699954800,11,14,1,1060,15,7
1699954860,11,14,1,1061,15,6
1699954920,11,14,1,1062,15,5
1699954980,11,14,1,1063,15,5
1699955040,11,14,1,1064,15,4
1699955100,11,14,1,1065,15,4
1699955160,11,14,1,1066,15,3
1699955220,11,14,1,1067,15,3
1699955280,11,14,1,1068,15,3
1699955340,11,14,1,1069,15,2
1699955400,11,14,1,1070,15,2
1699955460,11,14,1,1071,15,1
1699955520,11,14,1,1072,15,1
1699955580,11,14,1,1073,15,3
1699955640,11,14,1,1074,15,2
1699955700,11,14,1,1075,15,2
1699955760,11,14,1,1076,15,0
1699955820,11,14,1,1077,15,0
1699955880,11,14,1,1078,15,1
1699955940,11,14,1,1079,15,1
1699956060,11,14,1,1081,15,0
1699956180,11,14,1,1083,15,0
1699956240,11,14,1,1084,15,0
1699956300,11,14,1,1085,15,0
1699956360,11,14,1,1086,15,0
1699956420,11,14,1,1087,15,0
1699956480,11,14,1,1088,15,0
1699956540,11,14,1,1089,15,0
1699956600,11,14,1,1090,15,0
1699956660,11,14,1,1091,15,0
1699956720,11,14,1,1092,15,0
1699956780,11,14,1,1093,15,0
1699956840,11,14,1,1094,15,0
1699956900,11,14,1,1095,15,0
1699956960,11,14,1,1096,15,0
1699957020,11,14,1,1097,15,1
1699957080,11,14,1,1098,15,1
1699957140,11,14,1,1099,15,1
1699957260,11,14,1,1101,15,1
1699957320,11,14,1,1102,15,1
1699957380,11,14,1,1103,15,1
1699957440,11,14,1,1104,15,1
1699957500,11,14,1,1105,15,1
1699957560,11,14,1,1106,15,1
1699957620,11,14,1,1107,15,1
1699957680,11,14,1,1108,15,1
1699957740,11,14,1,1109,15,0
1699957860,11,14,1,1111,15,0
1699957920,11,14,1,1112,15,0
1699957980,11,14,1,1113,15,0
1699958040,11,14,1,1114,15,0
1699958100,11,14,1,1115,15,1
1699958160,11,14,1,1116,15,0
1699958220,11,14,1,1117,15,3
1699958280,11,14,1,1118,15,2
1699958340,11,14,1,1119,15,2
1699958400,11,14,1,1120,15,1
1699958460,11,14,1,1121,15,1
1699958520,11,14,1,1122,15,0
1699958580,11,14,1,1123,15,0
1699958640,11,14,1,1124,15,0
1699958700,11,14,1,1125,15,0
1699958760,11,14,1,1126,15,0
1699958820,11,14,1,1127,15,0
1699958880,11,14,1,1128,15,1
1699958940,11,14,1,1129,15,0
1699959000,11,14,1,1130,15,0
1699959060,11,14,1,1131,15,0
1699959120,11,14,1,1132,15,0
1699959180,11,14,1,1133,15,0
1699959240,11,14,1,1134,15,0
1699959300,11,14,1,1135,15,0
1699959360,11,14,1,1136,15,0
1699959420,11,14,1,1137,15,1
1699959480,11,14,1,1138,15,2
1699959540,11,14,1,1139,15,2
1699959660,11,14,1,1141,15,0
1699959720,11,14,1,1142,15,0
1699959780,11,14,1,1143,15,0
1699959840,11,14,1,1144,15,0
1699959900,11,14,1,1145,15,0
1699959960,11,14,1,1146,15,0
1699960020,11,14,1,1147,15,0
1699960080,11,14,1,1148,15,0
1699960140,11,14,1,1149,15,1
1699960200,11,14,1,1150,15,1
1699960260,11,14,1,1151,15,0
1699960320,11,14,1,1152,15,0
1699960380,11,14,1,1153,15,1
1699960440,11,14,1,1154,15,1
1699960500,11,14,1,1155,15,1
1699960560,11,14,1,1156,15,0
1699960620,11,14,1,1157,15,1
1699960680,11,14,1,1158,15,1
1699960740,11,14,1,1159,15,0
1699960860,11,14,1,1161,15,2
1699960920,11,14,1,1162,15,2
1699960980,11,14,1,1163,15,2
1699961040,11,14,1,1164,15,1
1699961100,11,14,1,1165,15,2
1699961160,11,14,1,1166,15,1
1699961220,11,14,1,1167,15,1
1699961280,11,14,1,1168,15,1
1699961340,11,14,1,1169,15,1
1699961460,11,14,1,1171,15,1
1699961520,11,14,1,1172,15,0
1699961580,11,14,1,1173,15,0
1699961640,11,14,1,1174,15,0
1699961700,11,14,1,1175,15,0
1699961760,11,14,1,1176,15,0
1699961820,11,14,1,1177,15,0
1699961880,11,14,1,1178,15,2
1699961940,11,14,1,1179,15,2
1699962000,11,14,1,1180,15,2
1699962060,11,14,1,1181,15,2
1699962120,11,14,1,1182,15,3
1699962180,11,14,1,1183,15,3
1699962240,11,14,1,1184,15,3
1699962300,11,14,1,1185,15,3
1699962360,11,14,1,1186,15,3
1699962420,11,14,1,1187,15,3
1699962480,11,14,1,1188,15,3
1699962540,11,14,1,1189,15,3
1699962600,11,14,1,1190,15,4
1699962660,11,14,1,1191,15,4
1699962720,11,14,1,1192,15,4
1699962780,11,14,1,1193,15,4
1699962840,11,14,1,1194,15,4
1699962900,11,14,1,1195,15,4
1699962960,11,14,1,1196,15,4
1699963020,11,14,1,1197,15,5
1699963080,11,14,1,1198,15,5
1699963140,11,14,1,1199,15,5
1699963260,11,14,1,1201,15,5
1699963380,11,14,1,1203,15,5
1699963440,11,14,1,1204,15,5
1699963500,11,14,1,1205,15,4
1699963560,11,14,1,1206,15,4
1699963620,11,14,1,1207,15,4
1699963680,11,14,1,1208,15,4
1699963740,11,14,1,1209,15,4
1699963860,11,14,1,1211,15,4
1699963920,11,14,1,1212,15,4
1699963980,11,14,1,1213,15,4
1699964040,11,14,1,1214,15,5
1699964100,11,14,1,1215,15,5
1699964160,11,14,1,1216,15,5
1699964220,11,14,1,1217,15,5
1699964280,11,14,1,1218,15,5
1699964340,11,14,1,1219,15,5
1699964460,11,14,1,1221,15,4
1699964520,11,14,1,1222,15,4
1699964580,11,14,1,1223,15,4
1699964640,11,14,1,1224,15,4
1699964700,11,14,1,1225,15,4
1699964760,11,14,1,1226,15,6
1699964820,11,14,1,1227,15,5
1699964880,11,14,1,1228,15,5
1699964940,11,14,1,1229,15,5
1699965060,11,14,1,1231,15,4
1699965120,11,14,1,1232,15,4
1699965180,11,14,1,1233,15,4
1699965240,11,14,1,1234,15,4
1699965300,11,14,1,1235,15,4
1699965360,11,14,1,1236,15,3
1699965420,11,14,1,1237,15,3
1699965480,11,14,1,1238,15,4
1699965540,11,14,1,1239,15,4
1699965660,11,14,1,1241,15,3
1699965720,11,14,1,1242,15,2
1699965780,11,14,1,1243,15,2
1699965840,11,14,1,1244,15,2
1699965900,11,14,1,1245,15,1
1699965960,11,14,1,1246,15,1
1699966020,11,14,1,1247,15,1
1699966080,11,14,1,1248,15,1
1699966140,11,14,1,1249,15,1
1699966260,11,14,1,1251,15,1
1699966320,11,14,1,1252,15,1
1699966380,11,14,1,1253,15,1
1699966440,11,14,1,1254,15,1
1699966500,11,14,1,1255,15,1
1699966560,11,14,1,1256,15,0
1699966620,11,14,1,1257,15,0
1699966680,11,14,1,1258,15,0
1699966740,11,14,1,1259,15,0
1699966860,11,14,1,1261,15,0
1699966920,11,14,1,1262,15,3
1699966980,11,14,1,1263,15,3
1699967040,11,14,1,1264,15,3
1699967100,11,14,1,1265,15,3
1699967160,11,14,1,1266,15,3
1699967220,11,14,1,1267,15,2
1699967280,11,14,1,1268,15,2
1699967340,11,14,1,1269,15,2
1699967460,11,14,1,1271,15,2
1699967520,11,14,1,1272,15,2
1699967580,11,14,1,1273,15,1
1699967640,11,14,1,1274,15,2
1699967700,11,14,1,1275,15,2
1699967760,11,14,1,1276,15,3
1699967820,11,14,1,1277,15,3
1699967880,11,14,1,1278,15,3
1699967940,11,14,1,1279,15,3
1699968060,11,14,1,1281,15,2
1699968120,11,14,1,1282,15,2
1699968180,11,14,1,1283,15,3
1699968240,11,14,1,1284,15,3
1699968300,11,14,1,1285,15,3
1699968360,11,14,1,1286,15,3
1699968420,11,14,1,1287,15,3
1699968480,11,14,1,1288,15,3
1699968540,11,14,1,1289,15,3
1699968660,11,14,1,1291,15,3
1699968720,11,14,1,1292,15,3
1699968780,11,14,1,1293,15,3
1699968840,11,14,1,1294,15,2
1699968900,11,14,1,1295,15,1
1699968960,11,14,1,1296,15,0
1699969020,11,14,1,1297,15,0
1699969080,11,14,1,1298,15,0
1699969140,11,14,1,1299,15,0
1699969200,11,14,1,1300,15,0
1699969260,11,14,1,1301,15,0
1699969320,11,14,1,1302,15,0
1699969380,11,14,1,1303,15,0
1699969440,11,14,1,1304,15,0
1699969500,11,14,1,1305,15,0
1699969560,11,14,1,1306,15,2
1699969620,11,14,1,1307,15,2
1699969680,11,14,1,1308,15,2
1699969740,11,14,1,1309,15,2
1699969800,11,14,1,1310,15,2
1699969860,11,14,1,1311,15,2
1699969920,11,14,1,1312,15,2
1699969980,11,14,1,1313,15,2
1699970040,11,14,1,1314,15,3
1699970100,11,14,1,1315,15,3
1699970160,11,14,1,1316,15,2
1699970220,11,14,1,1317,15,2
1699970280,11,14,1,1318,15,3
1699970340,11,14,1,1319,15,2
1699970460,11,14,1,1321,15,3
1699970520,11,14,1,1322,15,3
1699970580,11,14,1,1323,15,2
1699970640,11,14,1,1324,15,2
1699970700,11,14,1,1325,15,2
1699970760,11,14,1,1326,15,2
1699970820,11,14,1,1327,15,2
1699970880,11,14,1,1328,15,2
1699970940,11,14,1,1329,15,2
1699971000,11,14,1,1330,15,2
1699971060,11,14,1,1331,15,2
1699971120,11,14,1,1332,15,3
1699971180,11,14,1,1333,15,2
1699971240,11,14,1,1334,15,3
1699971300,11,14,1,1335,15,2
1699971360,11,14,1,1336,15,1
1699971420,11,14,1,1337,15,1
1699971480,11,14,1,1338,15,2
1699971540,11,14,1,1339,15,2
1699971660,11,14,1,1341,15,2
1699971720,11,14,1,1342,15,2
1699971780,11,14,1,1343,15,2
1699971840,11,14,1,1344,15,1
1699971900,11,14,1,1345,15,1
1699971960,11,14,1,1346,15,1
1699972020,11,14,1,1347,15,1
1699972080,11,14,1,1348,15,1
1699972140,11,14,1,1349,15,0
1699972200,11,14,1,1350,15,0
1699972260,11,14,1,1351,15,0
1699972320,11,14,1,1352,15,0
1699972380,11,14,1,1353,15,0
1699972440,11,14,1,1354,15,2
1699972500,11,14,1,1355,15,2
1699972560,11,14,1,1356,15,2
1699972620,11,14,1,1357,15,2
1699972680,11,14,1,1358,15,2
1699972740,11,14,1,1359,15,2
1699972800,11,14,1,1360,15,3
1699972860,11,14,1,1361,15,3
1699972920,11,14,1,1362,15,3
1699972980,11,14,1,1363,15,3
1699973040,11,14,1,1364,15,3
1699973100,11,14,1,1365,15,3
1699973160,11,14,1,1366,15,4
1699973220,11,14,1,1367,15,4
1699973280,11,14,1,1368,15,4
1699973340,11,14,1,1369,15,4
1699973400,11,14,1,1370,15,4
1699973460,11,14,1,1371,15,4
1699973520,11,14,1,1372,15,4
1699973580,11,14,1,1373,15,4
1699973640,11,14,1,1374,15,3
1699973700,11,14,1,1375,15,3
1699973760,11,14,1,1376,15,3
1699973820,11,14,1,1377,15,3
1699973880,11,14,1,1378,15,4
1699973940,11,14,1,1379,15,5
1699974060,11,14,1,1381,15,5
1699974120,11,14,1,1382,15,6
1699974180,11,14,1,1383,15,6
1699974240,11,14,1,1384,15,6
1699974300,11,14,1,1385,15,6
1699974360,11,14,1,1386,15,6
1699974420,11,14,1,1387,15,6
1699974480,11,14,1,1388,15,6
1699974540,11,14,1,1389,15,6
1699974600,11,14,1,1390,15,6
1699974660,11,14,1,1391,15,5
1699974720,11,14,1,1392,15,5
1699974780,11,14,1,1393,15,5
1699974840,11,14,1,1394,15,5
1699974900,11,14,1,1395,15,5
1699974960,11,14,1,1396,15,5
1699975020,11,14,1,1397,15,5
1699975080,11,14,1,1398,15,5
1699975140,11,14,1,1399,15,5
1699975260,11,14,1,1401,15,6
1699975320,11,14,1,1402,15,6
1699975380,11,14,1,1403,15,6
1699975440,11,14,1,1404,15,6
1699975500,11,14,1,1405,15,6
1699975560,11,14,1,1406,15,6
1699975620,11,14,1,1407,15,6
1699975680,11,14,1,1408,15,6
1699975740,11,14,1,1409,15,6
1699975800,11,14,1,1410,15,6
1699975860,11,14,1,1411,15,6
1699975920,11,14,1,1412,15,6
1699975980,11,14,1,1413,15,6
1699976040,11,14,1,1414,15,6
1699976100,11,14,1,1415,15,6
1699976160,11,14,1,1416,15,6
1699976220,11,14,1,1417,15,7
1699976280,11,14,1,1418,15,7
1699976340,11,14,1,1419,15,7
1699976400,11,14,1,1420,15,7
1699976460,11,14,1,1421,15,7
1699976520,11,14,1,1422,15,7
1699976580,11,14,1,1423,15,7
1699976640,11,14,1,1424,15,7
1699976700,11,14,1,1425,15,6
1699976760,11,14,1,1426,15,6
1699976820,11,14,1,1427,15,6
1699976880,11,14,1,1428,15,5
1699976940,11,14,1,1429,15,5
1699977000,11,14,1,1430,15,5
1699977060,11,14,1,1431,15,5
1699977120,11,14,1,1432,15,5
1699977180,11,14,1,1433,15,6
1699977240,11,14,1,1434,15,5
1699977300,11,14,1,1435,15,5
1699977360,11,14,1,1436,15,6
1699977420,11,14,1,1437,15,6
1699977480,11,14,1,1438,15,6
1699977540,11,14,1,1439,15,6
1699977660,11,15,2,1,15,6
1699977720,11,15,2,2,15,6
1699977840,11,15,2,4,15,6
1699977900,11,15,2,5,15,6
1699977960,11,15,2,6,15,6
1699978020,11,15,2,7,15,6
1699978080,11,15,2,8,15,6
1699978200,11,15,2,10,15,5
1699978260,11,15,2,11,15,4
1699978320,11,15,2,12,15,4
1699978380,11,15,2,13,15,5
1699978440,11,15,2,14,15,5
1699978500,11,15,2,15,15,5
1699978560,11,15,2,16,15,5
1699978620,11,15,2,17,15,5
1699978680,11,15,2,18,15,5
1699978740,11,15,2,19,15,5
1699978860,11,15,2,21,15,6
1699978920,11,15,2,22,15,6
1699978980,11,15,2,23,15,7
1699979040,11,15,2,24,15,7
1699979100,11,15,2,25,15,7
1699979160,11,15,2,26,15,7
1699979220,11,15,2,27,15,7
1699979280,11,15,2,28,15,7
1699979340,11,15,2,29,15,7
1699979400,11,15,2,30,15,7
1699979460,11,15,2,31,15,7
1699979520,11,15,2,32,15,7
1699979580,11,15,2,33,15,7
1699979640,11,15,2,34,15,7
1699979700,11,15,2,35,15,7
1699979760,11,15,2,36,15,7
1699979820,11,15,2,37,15,7
1699979880,11,15,2,38,15,7
1699979940,11,15,2,39,15,7
1699980060,11,15,2,41,15,7
1699980120,11,15,2,42,15,9
1699980180,11,15,2,43,15,9
1699980240,11,15,2,44,15,9
1699980300,11,15,2,45,15,9
1699980360,11,15,2,46,15,9
1699980420,11,15,2,47,15,9
1699980480,11,15,2,48,15,9
1699980540,11,15,2,49,15,9
1699980600,11,15,2,50,15,9
1699980660,11,15,2,51,15,10
1699980720,11,15,2,52,15,10
1699980780,11,15,2,53,15,10
1699980840,11,15,2,54,15,10
1699980900,11,15,2,55,15,10
1699980960,11,15,2,56,15,11
1699981020,11,15,2,57,15,11
1699981080,11,15,2,58,15,11
1699981140,11,15,2,59,15,11
1699981260,11,15,2,61,15,11
1699981320,11,15,2,62,15,11
1699981380,11,15,2,63,15,11
1699981440,11,15,2,64,15,10
1699981500,11,15,2,65,15,10
1699981560,11,15,2,66,15,10
1699981620,11,15,2,67,15,10
1699981680,11,15,2,68,15,10
1699981740,11,15,2,69,15,10
1699981800,11,15,2,70,15,10
1699981860,11,15,2,71,15,10
1699981920,11,15,2,72,15,10
1699981980,11,15,2,73,15,10
1699982040,11,15,2,74,15,10
1699982100,11,15,2,75,15,10
1699982160,11,15,2,76,15,10
1699982220,11,15,2,77,15,10
1699982280,11,15,2,78,15,10
1699982340,11,15,2,79,15,10
1699982460,11,15,2,81,15,10
1699982520,11,15,2,82,15,10
1699982580,11,15,2,83,15,10
1699982640,11,15,2,84,15,10
1699982700,11,15,2,85,15,10
1699982760,11,15,2,86,15,10
1699982820,11,15,2,87,15,10
1699982880,11,15,2,88,15,10
1699982940,11,15,2,89,15,10
1699983000,11,15,2,90,15,10
1699983060,11,15,2,91,15,10
1699983120,11,15,2,92,15,10
1699983180,11,15,2,93,15,10
1699983240,11,15,2,94,15,10
1699983300,11,15,2,95,15,10
1699983360,11,15,2,96,15,10
1699983420,11,15,2,97,15,10
1699983480,11,15,2,98,15,11
1699983540,11,15,2,99,15,11
1699983600,11,15,2,100,15,11
1699983660,11,15,2,101,15,11
1699983720,11,15,2,102,15,11
1699983780,11,15,2,103,15,11
1699983840,11,15,2,104,15,10
1699983900,11,15,2,105,15,10
1699983960,11,15,2,106,15,10
1699984020,11,15,2,107,15,10
1699984080,11,15,2,108,15,10
1699984140,11,15,2,109,15,10
1699984200,11,15,2,110,15,10
1699984260,11,15,2,111,15,11
1699984320,11,15,2,112,15,11
1699984380,11,15,2,113,15,11
1699984440,11,15,2,114,15,11
1699984500,11,15,2,115,15,11
1699984560,11,15,2,116,15,11
1699984620,11,15,2,117,15,11
1699984680,11,15,2,118,15,11
1699984740,11,15,2,119,15,11
1699984860,11,15,2,121,15,11
1699984920,11,15,2,122,15,11
1699985040,11,15,2,124,15,11
1699985100,11,15,2,125,15,11
1699985160,11,15,2,126,15,11
1699985220,11,15,2,127,15,11
1699985280,11,15,2,128,15,11
1699985340,11,15,2,129,15,11
1699985400,11,15,2,130,15,11
1699985460,11,15,2,131,15,11
1699985520,11,15,2,132,15,11
1699985580,11,15,2,133,15,11
1699985640,11,15,2,134,15,11
1699985700,11,15,2,135,15,11
1699985760,11,15,2,136,15,11
1699985820,11,15,2,137,15,11
1699985880,11,15,2,138,15,11
1699985940,11,15,2,139,15,11
1699986060,11,15,2,141,15,11
1699986120,11,15,2,142,15,10
1699986180,11,15,2,143,15,10
1699986240,11,15,2,144,15,10
1699986300,11,15,2,145,15,10
1699986360,11,15,2,146,15,10
1699986420,11,15,2,147,15,10
1699986480,11,15,2,148,15,10
1699986540,11,15,2,149,15,10
1699986600,11,15,2,150,15,10
1699986660,11,15,2,151,15,10
1699986720,11,15,2,152,15,10
1699986780,11,15,2,153,15,10
1699986840,11,15,2,154,15,10
1699986900,11,15,2,155,15,10
1699986960,11,15,2,156,15,10
1699987020,11,15,2,157,15,10
1699987080,11,15,2,158,15,10
1699987140,11,15,2,159,15,11
1699987200,11,15,2,160,15,11
1699987260,11,15,2,161,15,11
1699987320,11,15,2,162,15,11
1699987380,11,15,2,163,15,11
1699987440,11,15,2,164,15,11
1699987500,11,15,2,165,15,11
1699987560,11,15,2,166,15,11
1699987620,11,15,2,167,15,11
1699987680,11,15,2,168,15,12
1699987740,11,15,2,169,15,12
1699987800,11,15,2,170,15,12
1699987860,11,15,2,171,15,12
1699987920,11,15,2,172,15,12
1699987980,11,15,2,173,15,12
1699988040,11,15,2,174,15,12
1699988100,11,15,2,175,15,12
1699988160,11,15,2,176,15,12
1699988220,11,15,2,177,15,12
1699988280,11,15,2,178,15,12
1699988340,11,15,2,179,15,12
1699988400,11,15,2,180,15,12
1699988460,11,15,2,181,15,12
1699988520,11,15,2,182,15,12
1699988580,11,15,2,183,15,12
1699988640,11,15,2,184,15,12
1699988700,11,15,2,185,15,12
1699988760,11,15,2,186,15,12
1699988820,11,15,2,187,15,12
1699988880,11,15,2,188,15,12
1699988940,11,15,2,189,15,12
1699989000,11,15,2,190,15,12
1699989060,11,15,2,191,15,12
1699989120,11,15,2,192,15,12
1699989180,11,15,2,193,15,12
1699989240,11,15,2,194,15,12
1699989300,11,15,2,195,15,12
1699989360,11,15,2,196,15,12
1699989420,11,15,2,197,15,12
1699989480,11,15,2,198,15,11
1699989540,11,15,2,199,15,11
1699989660,11,15,2,201,15,11
1699989720,11,15,2,202,15,11
1699989780,11,15,2,203,15,11
1699989840,11,15,2,204,15,11
1699989900,11,15,2,205,15,11
1699989960,11,15,2,206,15,11
1699990020,11,15,2,207,15,11
1699990080,11,15,2,208,15,11
1699990140,11,15,2,209,15,11
1699990200,11,15,2,210,15,11
1699990260,11,15,2,211,15,11
1699990320,11,15,2,212,15,11
1699990380,11,15,2,213,15,11
1699990440,11,15,2,214,15,11
1699990500,11,15,2,215,15,11
1699990560,11,15,2,216,15,11
1699990620,11,15,2,217,15,11
1699990680,11,15,2,218,15,11
1699990740,11,15,2,219,15,11
1699990800,11,15,2,220,15,11
1699990860,11,15,2,221,15,11
1699990920,11,15,2,222,15,11
1699990980,11,15,2,223,15,11
1699991040,11,15,2,224,15,11
1699991100,11,15,2,225,15,11
1699991160,11,15,2,226,15,11
1699991220,11,15,2,227,15,11
1699991280,11,15,2,228,15,11
1699991340,11,15,2,229,15,11
1699991400,11,15,2,230,15,11
1699991460,11,15,2,231,15,11
1699991520,11,15,2,232,15,11
1699991580,11,15,2,233,15,11
1699991640,11,15,2,234,15,11
1699991700,11,15,2,235,15,11
1699991760,11,15,2,236,15,11
1699991820,11,15,2,237,15,11
1699991880,11,15,2,238,15,11
1699991940,11,15,2,239,15,11
1699992000,11,15,2,240,15,11
1699992060,11,15,2,241,15,11
1699992120,11,15,2,242,15,11
1699992180,11,15,2,243,15,11
1699992240,11,15,2,244,15,11
1699992300,11,15,2,245,15,11
1699992360,11,15,2,246,15,11
1699992420,11,15,2,247,15,11
1699992480,11,15,2,248,15,11
1699992540,11,15,2,249,15,11
1699992600,11,15,2,250,15,11
1699992660,11,15,2,251,15,11
1699992720,11,15,2,252,15,11
1699992780,11,15,2,253,15,12
1699992840,11,15,2,254,15,12
1699992900,11,15,2,255,15,12
1699992960,11,15,2,256,15,12
1699993020,11,15,2,257,15,12
1699993080,11,15,2,258,15,12
1699993140,11,15,2,259,15,12
1699993260,11,15,2,261,15,12
1699993320,11,15,2,262,15,12
1699993380,11,15,2,263,15,12
1699993440,11,15,2,264,15,12
1699993500,11,15,2,265,15,12
1699993560,11,15,2,266,15,12
1699993620,11,15,2,267,15,12
1699993740,11,15,2,269,15,12
1699993800,11,15,2,270,15,12
1699993860,11,15,2,271,15,12
1699993920,11,15,2,272,15,12
1699993980,11,15,2,273,15,12
1699994040,11,15,2,274,15,12
1699994100,11,15,2,275,15,12
1699994160,11,15,2,276,15,12
1699994220,11,15,2,277,15,12
1699994280,11,15,2,278,15,12
1699994340,11,15,2,279,15,12
1699994400,11,15,2,280,15,12
1699994460,11,15,2,281,15,12
1699994520,11,15,2,282,15,12
1699994580,11,15,2,283,15,12
1699994640,11,15,2,284,15,12
1699994700,11,15,2,285,15,12
1699994760,11,15,2,286,15,12
1699994820,11,15,2,287,15,12
1699994880,11,15,2,288,15,12
1699994940,11,15,2,289,15,12
1699995000,11,15,2,290,15,12
1699995060,11,15,2,291,15,12
1699995120,11,15,2,292,15,12
1699995180,11,15,2,293,15,12
1699995240,11,15,2,294,15,12
1699995300,11,15,2,295,15,12
1699995360,11,15,2,296,15,12
1699995420,11,15,2,297,15,12
1699995480,11,15,2,298,15,12
1699995540,11,15,2,299,15,12
1699995600,11,15,2,300,15,12
1699995660,11,15,2,301,15,12
1699995720,11,15,2,302,15,12
1699995780,11,15,2,303,15,12
1699995840,11,15,2,304,15,12
1699995900,11,15,2,305,15,12
1699995960,11,15,2,306,15,12
1699996020,11,15,2,307,15,12
1699996080,11,15,2,308,15,12
1699996140,11,15,2,309,15,12
1699996200,11,15,2,310,15,12
1699996260,11,15,2,311,15,12
1699996320,11,15,2,312,15,12
1699996380,11,15,2,313,15,12
1699996440,11,15,2,314,15,12
1699996500,11,15,2,315,15,12
1699996560,11,15,2,316,15,12
1699996620,11,15,2,317,15,12
1699996680,11,15,2,318,15,12
1699996740,11,15,2,319,15,12
1699996860,11,15,2,321,15,12
1699996920,11,15,2,322,15,12
1699996980,11,15,2,323,15,12
1699997040,11,15,2,324,15,12
1699997100,11,15,2,325,15,12
1699997160,11,15,2,326,15,12
1699997220,11,15,2,327,15,12
1699997280,11,15,2,328,15,12
1699997340,11,15,2,329,15,12
1699997400,11,15,2,330,15,12
1699997460,11,15,2,331,15,12
1699997520,11,15,2,332,15,12
1699997580,11,15,2,333,15,12
1699997640,11,15,2,334,15,12
1699997700,11,15,2,335,15,12
1699997760,11,15,2,336,15,13
1699997820,11,15,2,337,15,13
1699997880,11,15,2,338,15,13
1699997940,11,15,2,339,15,13
1699998000,11,15,2,340,15,13
1699998060,11,15,2,341,15,13
1699998120,11,15,2,342,15,13
1699998180,11,15,2,343,15,13
1699998240,11,15,2,344,15,13
1699998300,11,15,2,345,15,13
1699998360,11,15,2,346,15,13
1699998420,11,15,2,347,15,13
1699998480,11,15,2,348,15,13
1699998540,11,15,2,349,15,13
1699998600,11,15,2,350,15,14
1699998660,11,15,2,351,15,14
1699998720,11,15,2,352,15,14
1699998780,11,15,2,353,15,14
1699998840,11,15,2,354,15,14
1699998900,11,15,2,355,15,14
1699998960,11,15,2,356,15,14
1699999020,11,15,2,357,15,14
1699999080,11,15,2,358,15,14
1699999140,11,15,2,359,15,14
1699999200,11,15,2,360,15,14
1699999260,11,15,2,361,15,14
1699999320,11,15,2,362,15,14
1699999380,11,15,2,363,15,14
1699999440,11,15,2,364,15,14
1699999500,11,15,2,365,15,14
1699999560,11,15,2,366,15,14
1699999620,11,15,2,367,15,14
1699999680,11,15,2,368,15,14
1699999740,11,15,2,369,15,14
1699999800,11,15,2,370,15,14
1699999860,11,15,2,371,15,14
1699999920,11,15,2,372,15,14
1699999980,11,15,2,373,15,14
1700000040,11,15,2,374,15,14
1700000100,11,15,2,375,15,14
1700000160,11,15,2,376,15,14
1700000220,11,15,2,377,15,14
1700000280,11,15,2,378,15,14
1700000340,11,15,2,379,15,14
1700000460,11,15,2,381,15,13
1700000520,11,15,2,382,15,13
1700000580,11,15,2,383,15,13
1700000640,11,15,2,384,15,13
1700000700,11,15,2,385,15,13
1700000760,11,15,2,386,15,13
1700000820,11,15,2,387,15,13
1700000880,11,15,2,388,15,13
1700000940,11,15,2,389,15,13
1700001000,11,15,2,390,15,13
1700001060,11,15,2,391,15,13
1700001120,11,15,2,392,15,13
1700001180,11,15,2,393,15,14
1700001240,11,15,2,394,15,14
1700001300,11,15,2,395,15,14
1700001360,11,15,2,396,15,14
1700001420,11,15,2,397,15,14
1700001480,11,15,2,398,15,14
1700001540,11,15,2,399,15,14
1700001600,11,15,2,400,15,14
1700001660,11,15,2,401,15,14
1700001720,11,15,2,402,15,14
1700001780,11,15,2,403,15,14
1700001840,11,15,2,404,15,14
1700001900,11,15,2,405,15,14
1700001960,11,15,2,406,15,14
1700002020,11,15,2,407,15,14
1700002080,11,15,2,408,15,14
1700002140,11,15,2,409,15,14
1700002200,11,15,2,410,15,14
1700002260,11,15,2,411,15,14
1700002320,11,15,2,412,15,14
1700002380,11,15,2,413,15,14
1700002440,11,15,2,414,15,14
1700002500,11,15,2,415,15,14
1700002560,11,15,2,416,15,14
1700002620,11,15,2,417,15,14
1700002680,11,15,2,418,15,14
1700002740,11,15,2,419,15,14
1700002860,11,15,2,421,15,14
1700002920,11,15,2,422,15,13
1700002980,11,15,2,423,15,13
1700003040,11,15,2,424,15,13
1700003100,11,15,2,425,15,13
1700003160,11,15,2,426,15,13
1700003220,11,15,2,427,15,13
1700003280,11,15,2,428,15,12
1700003340,11,15,2,429,15,12
1700003400,11,15,2,430,15,12
1700003460,11,15,2,431,15,11
1700003520,11,15,2,432,15,11
1700003580,11,15,2,433,15,11
1700003640,11,15,2,434,15,11
1700003700,11,15,2,435,15,11
1700003760,11,15,2,436,15,11
1700003820,11,15,2,437,15,10
1700003880,11,15,2,438,15,10
1700003940,11,15,2,439,15,10
1700004060,11,15,2,441,15,8
1700004120,11,15,2,442,15,7
1700004180,11,15,2,443,15,7
1700004240,11,15,2,444,15,7
1700004300,11,15,2,445,15,8
1700004360,11,15,2,446,15,8
1700004420,11,15,2,447,15,8
1700004480,11,15,2,448,15,8
1700004540,11,15,2,449,15,8
1700004660,11,15,2,451,15,8
1700004720,11,15,2,452,15,8
1700004780,11,15,2,453,15,9
1700004840,11,15,2,454,15,9
1700004900,11,15,2,455,15,10
1700004960,11,15,2,456,15,10
1700005020,11,15,2,457,15,10
1700005080,11,15,2,458,15,10
1700005140,11,15,2,459,15,8
1700005200,11,15,2,460,15,9
1700005260,11,15,2,461,15,8
1700005320,11,15,2,462,15,9
1700005380,11,15,2,463,15,9
1700005440,11,15,2,464,15,9
1700005500,11,15,2,465,15,9
1700005560,11,15,2,466,15,9
1700005620,11,15,2,467,15,9
1700005680,11,15,2,468,15,9
1700005740,11,15,2,469,15,9
1700005800,11,15,2,470,15,9
1700005860,11,15,2,471,15,9
1700005920,11,15,2,472,15,10
1700005980,11,15,2,473,15,10
1700006040,11,15,2,474,15,10
1700006100,11,15,2,475,15,10
1700006160,11,15,2,476,15,12
1700006220,11,15,2,477,15,12
1700006280,11,15,2,478,15,11
1700006340,11,15,2,479,15,13
1700006460,11,15,2,481,15,13
1700006580,11,15,2,483,15,14
1700006640,11,15,2,484,15,14
1700006700,11,15,2,485,15,14
1700006760,11,15,2,486,15,14
1700006820,11,15,2,487,15,15
1700006880,11,15,2,488,15,15
1700006940,11,15,2,489,15,15
1700007000,11,15,2,490,15,15
1700007060,11,15,2,491,15,15
1700007120,11,15,2,492,15,15
1700007180,11,15,2,493,15,15
1700007240,11,15,2,494,15,15
1700007300,11,15,2,495,15,15
1700007360,11,15,2,496,15,15
1700007420,11,15,2,497,15,15
1700007480,11,15,2,498,15,15
1700007540,11,15,2,499,15,15
1700007660,11,15,2,501,15,15
1700007720,11,15,2,502,15,15
1700007780,11,15,2,503,15,15
1700007840,11,15,2,504,15,14
1700007900,11,15,2,505,15,14
1700007960,11,15,2,506,15,15
1700008020,11,15,2,507,15,14
1700008080,11,15,2,508,15,14
1700008140,11,15,2,509,15,14
1700008260,11,15,2,511,15,14
1700008320,11,15,2,512,15,15
1700008380,11,15,2,513,15,14
1700008440,11,15,2,514,15,14
1700008500,11,15,2,515,15,14
1700008560,11,15,2,516,15,13
1700008680,11,15,2,518,15,14
1700008740,11,15,2,519,15,15
1700008860,11,15,2,521,15,14
1700008920,11,15,2,522,15,14
1700008980,11,15,2,523,15,14
1700009040,11,15,2,524,15,14
1700009100,11,15,2,525,15,14
1700009160,11,15,2,526,15,11
1700009220,11,15,2,527,15,9
1700009280,11,15,2,528,15,8
1700009340,11,15,2,529,15,8
1700009400,11,15,2,530,15,8
1700009460,11,15,2,531,15,8
1700009520,11,15,2,532,15,9
1700009580,11,15,2,533,15,9
1700009640,11,15,2,534,15,8
1700009700,11,15,2,535,15,8
1700009760,11,15,2,536,15,5
1700009820,11,15,2,537,15,4
1700009880,11,15,2,538,15,4
1700009940,11,15,2,539,15,3
1700010060,11,15,2,541,15,3
1700010120,11,15,2,542,15,3
1700010180,11,15,2,543,15,2
1700010240,11,15,2,544,15,1
1700010300,11,15,2,545,15,1
1700010360,11,15,2,546,15,1
1700010420,11,15,2,547,15,1
1700010480,11,15,2,548,15,1
1700010540,11,15,2,549,15,1
1700010600,11,15,2,550,15,1
1700010660,11,15,2,551,15,1
1700010720,11,15,2,552,15,1
1700010780,11,15,2,553,15,1
1700010840,11,15,2,554,15,0
1700010900,11,15,2,555,15,1
1700010960,11,15,2,556,15,1
1700011020,11,15,2,557,15,1
1700011080,11,15,2,558,15,1
1700011140,11,15,2,559,15,1
1700011260,11,15,2,561,15,1
1700011320,11,15,2,562,15,3
1700011380,11,15,2,563,15,3
1700011440,11,15,2,564,15,3
1700011500,11,15,2,565,15,3
1700011560,11,15,2,566,15,3
1700011620,11,15,2,567,15,3
1700011680,11,15,2,568,15,3
1700011740,11,15,2,569,15,4
1700011800,11,15,2,570,15,3
1700011920,11,15,2,572,15,3
1700011980,11,15,2,573,15,2
1700012040,11,15,2,574,15,1
1700012100,11,15,2,575,15,2
1700012160,11,15,2,576,15,2
1700012220,11,15,2,577,15,2
1700012280,11,15,2,578,15,1
1700012340,11,15,2,579,15,1
1700012460,11,15,2,581,15,1
1700012520,11,15,2,582,15,1
1700012580,11,15,2,583,15,1
1700012640,11,15,2,584,15,1
1700012700,11,15,2,585,15,2
1700012760,11,15,2,586,15,2
1700012820,11,15,2,587,15,2
1700012880,11,15,2,588,15,2
1700012940,11,15,2,589,15,1
1700013000,11,15,2,590,15,1
1700013060,11,15,2,591,15,1
1700013120,11,15,2,592,15,2
1700013180,11,15,2,593,15,1
1700013240,11,15,2,594,15,1
1700013300,11,15,2,595,15,1
1700013360,11,15,2,596,15,1
1700013420,11,15,2,597,15,1
1700013480,11,15,2,598,15,1
1700013540,11,15,2,599,15,1
1700013660,11,15,2,601,15,0
1700013720,11,15,2,602,15,0
1700013780,11,15,2,603,15,0
1700013840,11,15,2,604,15,0
1700013900,11,15,2,605,15,0
1700013960,11,15,2,606,15,0
1700014020,11,15,2,607,15,0
1700014080,11,15,2,608,15,0
1700014140,11,15,2,609,15,1
1700014200,11,15,2,610,15,1
1700014260,11,15,2,611,15,1
1700014320,11,15,2,612,15,1
1700014380,11,15,2,613,15,1
1700014440,11,15,2,614,15,2
1700014500,11,15,2,615,15,0
1700014560,11,15,2,616,15,0
1700014620,11,15,2,617,15,0
1700014680,11,15,2,618,15,0
1700014740,11,15,2,619,15,0
1700014860,11,15,2,621,15,1
1700014920,11,15,2,622,15,1
1700014980,11,15,2,623,15,1
1700015040,11,15,2,624,15,1
1700015100,11,15,2,625,15,1
1700015160,11,15,2,626,15,1
1700015220,11,15,2,627,15,1
1700015280,11,15,2,628,15,1
1700015340,11,15,2,629,15,2
1700015460,11,15,2,631,15,2
1700015520,11,15,2,632,15,2
1700015580,11,15,2,633,15,2
1700015640,11,15,2,634,15,2
1700015700,11,15,2,635,15,2
1700015760,11,15,2,636,15,0
1700015820,11,15,2,637,15,0
1700015880,11,15,2,638,15,0
1700015940,11,15,2,639,15,0
1700016000,11,15,2,640,15,0
1700016060,11,15,2,641,15,0
1700016120,11,15,2,642,15,0
1700016180,11,15,2,643,15,0
1700016240,11,15,2,644,15,0
1700016300,11,15,2,645,15,0
1700016360,11,15,2,646,15,0
1700016420,11,15,2,647,15,0
1700016480,11,15,2,648,15,0
1700016540,11,15,2,649,15,0
1700016600,11,15,2,650,15,0
1700016660,11,15,2,651,15,0
1700016720,11,15,2,652,15,1
1700016780,11,15,2,653,15,0
1700016840,11,15,2,654,15,0
1700016900,11,15,2,655,15,0
1700016960,11,15,2,656,15,0
1700017020,11,15,2,657,15,0
1700017080,11,15,2,658,15,0
1700017140,11,15,2,659,15,1
1700017260,11,15,2,661,15,2
1700017320,11,15,2,662,15,2
1700017380,11,15,2,663,15,1
1700017440,11,15,2,664,15,1
1700017500,11,15,2,665,15,1
1700017560,11,15,2,666,15,0
1700017620,11,15,2,667,15,0
1700017680,11,15,2,668,15,0
1700017740,11,15,2,669,15,1
1700017800,11,15,2,670,15,0
1700017860,11,15,2,671,15,0
1700017920,11,15,2,672,15,0
1700017980,11,15,2,673,15,0
1700018040,11,15,2,674,15,0
1700018100,11,15,2,675,15,0
1700018160,11,15,2,676,15,0
1700018220,11,15,2,677,15,0
1700018280,11,15,2,678,15,0
1700018340,11,15,2,679,15,0
1700018460,11,15,2,681,15,0
1700018520,11,15,2,682,15,0
1700018580,11,15,2,683,15,0
1700018640,11,15,2,684,15,0
1700018700,11,15,2,685,15,0
1700018760,11,15,2,686,15,0
1700018820,11,15,2,687,15,0
1700018880,11,15,2,688,15,0
1700018940,11,15,2,689,15,0
1700019000,11,15,2,690,15,0
1700019060,11,15,2,691,15,0
1700019120,11,15,2,692,15,1
1700019180,11,15,2,693,15,1
1700019240,11,15,2,694,15,1
1700019300,11,15,2,695,15,1
1700019360,11,15,2,696,15,0
1700019420,11,15,2,697,15,0
1700019480,11,15,2,698,15,0
1700019540,11,15,2,699,15,0
1700019600,11,15,2,700,15,0
1700019660,11,15,2,701,15,0
1700019720,11,15,2,702,15,0
1700019780,11,15,2,703,15,0
1700019840,11,15,2,704,15,0
1700019900,11,15,2,705,15,2
1700019960,11,15,2,706,15,2
1700020020,11,15,2,707,15,2
1700020080,11,15,2,708,15,2
1700020140,11,15,2,709,15,2
1700020260,11,15,2,711,15,0
1700020320,11,15,2,712,15,1
1700020380,11,15,2,713,15,1
1700020440,11,15,2,714,15,2
1700020500,11,15,2,715,15,2
1700020560,11,15,2,716,15,2
1700020620,11,15,2,717,15,1
1700020680,11,15,2,718,15,1
1700020740,11,15,2,719,15,2
1700020860,11,15,2,721,15,2
1700020920,11,15,2,722,15,2
1700020980,11,15,2,723,15,1
1700021040,11,15,2,724,15,0
1700021100,11,15,2,725,15,0
1700021160,11,15,2,726,15,0
1700021220,11,15,2,727,15,0
1700021280,11,15,2,728,15,0
1700021340,11,15,2,729,15,1
1700021400,11,15,2,730,15,1
1700021460,11,15,2,731,15,1
1700021520,11,15,2,732,15,1
1700021580,11,15,2,733,15,0
1700021640,11,15,2,734,15,0
1700021700,11,15,2,735,15,0
1700021760,11,15,2,736,15,0
1700021820,11,15,2,737,15,0
1700021880,11,15,2,738,15,0
1700021940,11,15,2,739,15,0
1700022060,11,15,2,741,15,0
1700022120,11,15,2,742,15,1
1700022180,11,15,2,743,15,1
1700022240,11,15,2,744,15,0
1700022300,11,15,2,745,15,1
1700022360,11,15,2,746,15,1
1700022420,11,15,2,747,15,0
1700022480,11,15,2,748,15,0
1700022540,11,15,2,749,15,0
1700022660,11,15,2,751,15,0
1700022720,11,15,2,752,15,0
1700022780,11,15,2,753,15,0
1700022840,11,15,2,754,15,0
1700022960,11,15,2,756,15,0
1700023080,11,15,2,758,15,0
1700023140,11,15,2,759,15,0
1700023260,11,15,2,761,15,0
1700023320,11,15,2,762,15,1
1700023440,11,15,2,764,15,0
1700023560,11,15,2,766,15,1
1700023680,11,15,2,768,15,1
1700023740,11,15,2,769,15,1
1700023860,11,15,2,771,15,0
1700023920,11,15,2,772,15,0
1700024040,11,15,2,774,15,0
1700024160,11,15,2,776,15,0
1700024220,11,15,2,777,15,1
1700024280,11,15,2,778,15,0
1700024340,11,15,2,779,15,1
1700024460,11,15,2,781,15,0
1700024520,11,15,2,782,15,0
1700024580,11,15,2,783,15,0
1700024640,11,15,2,784,15,1
1700024700,11,15,2,785,15,1
1700024760,11,15,2,786,15,1
1700024820,11,15,2,787,15,0
1700024880,11,15,2,788,15,0
1700024940,11,15,2,789,15,0
1700025060,11,15,2,791,15,0
1700025120,11,15,2,792,15,0
1700025180,11,15,2,793,15,1
1700025240,11,15,2,794,15,0
1700025300,11,15,2,795,15,0
1700025360,11,15,2,796,15,0
1700025420,11,15,2,797,15,0
1700025480,11,15,2,798,15,1
1700025540,11,15,2,799,15,2
1700025660,11,15,2,801,15,2
1700025720,11,15,2,802,15,5
1700025840,11,15,2,804,15,3
1700025900,11,15,2,805,15,3
1700025960,11,15,2,806,15,3
1700026020,11,15,2,807,15,3
1700026080,11,15,2,808,15,3
1700026140,11,15,2,809,15,2
1700026200,11,15,2,810,15,3
1700026320,11,15,2,812,15,3
1700026380,11,15,2,813,15,1
1700026440,11,15,2,814,15,2
1700026500,11,15,2,815,15,2
1700026560,11,15,2,816,15,2
1700026620,11,15,2,817,15,2
1700026680,11,15,2,818,15,2
1700026740,11,15,2,819,15,1
1700026860,11,15,2,821,15,1
1700026920,11,15,2,822,15,1
1700026980,11,15,2,823,15,0
1700027040,11,15,2,824,15,0
1700027100,11,15,2,825,15,0
1700027160,11,15,2,826,15,1
1700027220,11,15,2,827,15,1
1700027280,11,15,2,828,15,0
1700027340,11,15,2,829,15,1
1700027460,11,15,2,831,15,1
1700027520,11,15,2,832,15,1
1700027580,11,15,2,833,15,0
1700027640,11,15,2,834,15,0
1700027700,11,15,2,835,15,0
1700027760,11,15,2,836,15,0
1700027820,11,15,2,837,15,0
1700027880,11,15,2,838,15,0
1700027940,11,15,2,839,15,0
1700028060,11,15,2,841,15,0
1700028120,11,15,2,842,15,0
1700028180,11,15,2,843,15,0
1700028240,11,15,2,844,15,0
1700028300,11,15,2,845,15,0
1700028360,11,15,2,846,15,0
1700028420,11,15,2,847,15,0
1700028480,11,15,2,848,15,0
1700028540,11,15,2,849,15,0
1700028660,11,15,2,851,15,0
1700028720,11,15,2,852,15,0
1700028780,11,15,2,853,15,0
1700028840,11,15,2,854,15,0
1700028900,11,15,2,855,15,0
1700028960,11,15,2,856,15,0
1700029020,11,15,2,857,15,0
1700029080,11,15,2,858,15,0
1700029140,11,15,2,859,15,0
1700029260,11,15,2,861,15,0
1700029320,11,15,2,862,15,0
1700029380,11,15,2,863,15,0
1700029440,11,15,2,864,15,0
1700029500,11,15,2,865,15,0
1700029560,11,15,2,866,15,0
1700029620,11,15,2,867,15,0
1700029680,11,15,2,868,15,0
1700029740,11,15,2,869,15,0
1700029860,11,15,2,871,15,0
1700029920,11,15,2,872,15,0
1700029980,11,15,2,873,15,0
1700030040,11,15,2,874,15,0
1700030100,11,15,2,875,15,0
1700030160,11,15,2,876,15,0
1700030220,11,15,2,877,15,0
1700030280,11,15,2,878,15,1
1700030340,11,15,2,879,15,1
1700030400,11,15,2,880,15,1
1700030460,11,15,2,881,15,0
1700030520,11,15,2,882,15,0
1700030580,11,15,2,883,15,0
1700030640,11,15,2,884,15,0
1700030700,11,15,2,885,15,0
1700030760,11,15,2,886,15,0
1700030820,11,15,2,887,15,0
1700030880,11,15,2,888,15,0
1700030940,11,15,2,889,15,0
1700031000,11,15,2,890,15,0
1700031060,11,15,2,891,15,0
1700031120,11,15,2,892,15,0
1700031180,11,15,2,893,15,0
1700031240,11,15,2,894,15,1
1700031300,11,15,2,895,15,1
1700031360,11,15,2,896,15,1
1700031420,11,15,2,897,15,1
1700031480,11,15,2,898,15,1
1700031540,11,15,2,899,15,1
1700031600,11,15,2,900,15,1
1700031720,11,15,2,902,15,1
1700031780,11,15,2,903,15,1
1700031840,11,15,2,904,15,1
1700031900,11,15,2,905,15,1
1700031960,11,15,2,906,15,2
1700032020,11,15,2,907,15,3
1700032080,11,15,2,908,15,3
1700032140,11,15,2,909,15,3
1700032200,11,15,2,910,15,4
1700032260,11,15,2,911,15,4
1700032320,11,15,2,912,15,3
1700032380,11,15,2,913,15,3
1700032440,11,15,2,914,15,3
1700032500,11,15,2,915,15,3
1700032560,11,15,2,916,15,3
1700032620,11,15,2,917,15,3
1700032680,11,15,2,918,15,3
1700032740,11,15,2,919,15,3
1700032860,11,15,2,921,15,2
1700032920,11,15,2,922,15,2
1700032980,11,15,2,923,15,2
1700033040,11,15,2,924,15,2
1700033100,11,15,2,925,15,2
1700033160,11,15,2,926,15,0
1700033220,11,15,2,927,15,0
1700033280,11,15,2,928,15,0
1700033340,11,15,2,929,15,0
1700033460,11,15,2,931,15,1
1700033520,11,15,2,932,15,1
1700033580,11,15,2,933,15,1
1700033640,11,15,2,934,15,1
1700033700,11,15,2,935,15,1
1700033760,11,15,2,936,15,0
1700033820,11,15,2,937,15,0
1700033880,11,15,2,938,15,0
1700033940,11,15,2,939,15,0
1700034000,11,15,2,940,15,0
1700034060,11,15,2,941,15,0
1700034120,11,15,2,942,15,0
1700034180,11,15,2,943,15,1
1700034240,11,15,2,944,15,2
1700034300,11,15,2,945,15,2
1700034360,11,15,2,946,15,3
1700034420,11,15,2,947,15,3
1700034480,11,15,2,948,15,3
1700034540,11,15,2,949,15,3
1700034600,11,15,2,950,15,3
1700034660,11,15,2,951,15,3
1700034720,11,15,2,952,15,3
1700034780,11,15,2,953,15,3
1700034840,11,15,2,954,15,3
1700034900,11,15,2,955,15,3
1700034960,11,15,2,956,15,3
1700035020,11,15,2,957,15,2
1700035080,11,15,2,958,15,1
1700035140,11,15,2,959,15,1
1700035260,11,15,2,961,15,0
1700035320,11,15,2,962,15,1
1700035380,11,15,2,963,15,1
1700035440,11,15,2,964,15,0
1700035500,11,15,2,965,15,0
1700035560,11,15,2,966,15,0
1700035620,11,15,2,967,15,0
1700035680,11,15,2,968,15,0
1700035740,11,15,2,969,15,0
1700035800,11,15,2,970,15,1
1700035860,11,15,2,971,15,1
1700035920,11,15,2,972,15,0
1700035980,11,15,2,973,15,0
1700036040,11,15,2,974,15,0
1700036100,11,15,2,975,15,0
1700036160,11,15,2,976,15,0
1700036220,11,15,2,977,15,0
1700036280,11,15,2,978,15,0
1700036340,11,15,2,979,15,0
1700036460,11,15,2,981,15,0
1700036520,11,15,2,982,15,0
1700036580,11,15,2,983,15,0
1700036640,11,15,2,984,15,0
1700036700,11,15,2,985,15,0
1700036760,11,15,2,986,15,1
1700036820,11,15,2,987,15,0
1700036880,11,15,2,988,15,0
1700036940,11,15,2,989,15,0
1700037060,11,15,2,991,15,0
1700037120,11,15,2,992,15,0
1700037180,11,15,2,993,15,0
1700037240,11,15,2,994,15,0
1700037300,11,15,2,995,15,0
1700037360,11,15,2,996,15,0
1700037420,11,15,2,997,15,0
1700037480,11,15,2,998,15,0
1700037540,11,15,2,999,15,0
1700037600,11,15,2,1000,15,0
1700037660,11,15,2,1001,15,0
1700037720,11,15,2,1002,15,0
1700037780,11,15,2,1003,15,0
1700037840,11,15,2,1004,15,0
1700037900,11,15,2,1005,15,1
1700037960,11,15,2,1006,15,1
1700038020,11,15,2,1007,15,1
1700038080,11,15,2,1008,15,1
1700038140,11,15,2,1009,15,2
1700038200,11,15,2,1010,15,2
1700038260,11,15,2,1011,15,2
1700038320,11,15,2,1012,15,1
1700038380,11,15,2,1013,15,2
1700038440,11,15,2,1014,15,3
1700038500,11,15,2,1015,15,3
1700038560,11,15,2,1016,15,2
1700038620,11,15,2,1017,15,2
1700038680,11,15,2,1018,15,2
1700038740,11,15,2,1019,15,2
1700038860,11,15,2,1021,15,1
1700039040,11,15,2,1024,15,0
1700039100,11,15,2,1025,15,0
1700039160,11,15,2,1026,15,0
1700039220,11,15,2,1027,15,0
1700039340,11,15,2,1029,15,1
1700039460,11,15,2,1031,15,1
1700039520,11,15,2,1032,15,1
1700039580,11,15,2,1033,15,1
1700039640,11,15,2,1034,15,2
1700039700,11,15,2,1035,15,2
1700039760,11,15,2,1036,15,2
1700039820,11,15,2,1037,15,4
1700039880,11,15,2,1038,15,4
1700039940,11,15,2,1039,15,2
1700040060,11,15,2,1041,15,3
1700040120,11,15,2,1042,15,3
1700040180,11,15,2,1043,15,2
1700040240,11,15,2,1044,15,1
1700040300,11,15,2,1045,15,3
1700040360,11,15,2,1046,15,2
1700040420,11,15,2,1047,15,1
1700040480,11,15,2,1048,15,0
1700040540,11,15,2,1049,15,2
1700040660,11,15,2,1051,15,0
1700040720,11,15,2,1052,15,0
1700040780,11,15,2,1053,15,0
1700040840,11,15,2,1054,15,0
1700040900,11,15,2,1055,15,0
1700040960,11,15,2,1056,15,0
1700041020,11,15,2,1057,15,2
1700041080,11,15,2,1058,15,2
1700041140,11,15,2,1059,15,1
1700041260,11,15,2,1061,15,0
1700041320,11,15,2,1062,15,0
1700041380,11,15,2,1063,15,0
1700041440,11,15,2,1064,15,0
1700041500,11,15,2,1065,15,1
1700041560,11,15,2,1066,15,1
1700041620,11,15,2,1067,15,0
1700041680,11,15,2,1068,15,0
1700041740,11,15,2,1069,15,1
1700041860,11,15,2,1071,15,0
1700041920,11,15,2,1072,15,0
1700041980,11,15,2,1073,15,0
1700042040,11,15,2,1074,15,2
1700042100,11,15,2,1075,15,2
1700042160,11,15,2,1076,15,0
1700042220,11,15,2,1077,15,1
1700042280,11,15,2,1078,15,0
1700042340,11,15,2,1079,15,0
1700042460,11,15,2,1081,15,1
1700042520,11,15,2,1082,15,0
1700042580,11,15,2,1083,15,0
1700042640,11,15,2,1084,15,0
1700042700,11,15,2,1085,15,1
1700042760,11,15,2,1086,15,1
1700042880,11,15,2,1088,15,0
1700042940,11,15,2,1089,15,0
1700043060,11,15,2,1091,15,0
1700043120,11,15,2,1092,15,0
1700043180,11,15,2,1093,15,0
1700043240,11,15,2,1094,15,0
1700043300,11,15,2,1095,15,0
1700043360,11,15,2,1096,15,0
1700043420,11,15,2,1097,15,0
1700043480,11,15,2,1098,15,0
1700043540,11,15,2,1099,15,0
1700043660,11,15,2,1101,15,1
1700043720,11,15,2,1102,15,0
1700043780,11,15,2,1103,15,0
1700043840,11,15,2,1104,15,0
1700043900,11,15,2,1105,15,0
1700043960,11,15,2,1106,15,0
1700044020,11,15,2,1107,15,0
1700044080,11,15,2,1108,15,0
1700044140,11,15,2,1109,15,1
1700044260,11,15,2,1111,15,0
1700044320,11,15,2,1112,15,0
1700044380,11,15,2,1113,15,2
1700044440,11,15,2,1114,15,1
1700044500,11,15,2,1115,15,0
1700044560,11,15,2,1116,15,0
1700044620,11,15,2,1117,15,0
1700044680,11,15,2,1118,15,0
1700044740,11,15,2,1119,15,0
1700044860,11,15,2,1121,15,0
1700044920,11,15,2,1122,15,1
1700044980,11,15,2,1123,15,0
1700045040,11,15,2,1124,15,0
1700045100,11,15,2,1125,15,3
1700045160,11,15,2,1126,15,3
1700045220,11,15,2,1127,15,3
1700045280,11,15,2,1128,15,3
1700045340,11,15,2,1129,15,0
1700045460,11,15,2,1131,15,0
1700045520,11,15,2,1132,15,0
1700045580,11,15,2,1133,15,0
1700045640,11,15,2,1134,15,0
1700045700,11,15,2,1135,15,0
1700045760,11,15,2,1136,15,0
1700045820,11,15,2,1137,15,3
1700045880,11,15,2,1138,15,1
1700045940,11,15,2,1139,15,1
1700046060,11,15,2,1141,15,1
1700046120,11,15,2,1142,15,0
1700046180,11,15,2,1143,15,0
1700046240,11,15,2,1144,15,0
1700046300,11,15,2,1145,15,0
1700046360,11,15,2,1146,15,0
1700046420,11,15,2,1147,15,0
1700046480,11,15,2,1148,15,0
1700046540,11,15,2,1149,15,1
1700046600,11,15,2,1150,15,1
1700046660,11,15,2,1151,15,1
1700046720,11,15,2,1152,15,1
1700046780,11,15,2,1153,15,3
1700046840,11,15,2,1154,15,2
1700046900,11,15,2,1155,15,2
1700046960,11,15,2,1156,15,2
1700047020,11,15,2,1157,15,2
1700047080,11,15,2,1158,15,2
1700047140,11,15,2,1159,15,3
1700047260,11,15,2,1161,15,1
1700047320,11,15,2,1162,15,0
1700047380,11,15,2,1163,15,0
1700047440,11,15,2,1164,15,0
1700047500,11,15,2,1165,15,0
1700047560,11,15,2,1166,15,0
1700047620,11,15,2,1167,15,0
1700047680,11,15,2,1168,15,0
1700047740,11,15,2,1169,15,2
1700047860,11,15,2,1171,15,2
1700047920,11,15,2,1172,15,1
1700047980,11,15,2,1173,15,1
1700048040,11,15,2,1174,15,1
1700048100,11,15,2,1175,15,1
1700048160,11,15,2,1176,15,1
1700048220,11,15,2,1177,15,1
1700048280,11,15,2,1178,15,2
1700048340,11,15,2,1179,15,2
1700048400,11,15,2,1180,15,2
1700048460,11,15,2,1181,15,2
1700048520,11,15,2,1182,15,3
1700048580,11,15,2,1183,15,1
1700048640,11,15,2,1184,15,1
1700048700,11,15,2,1185,15,1
1700048760,11,15,2,1186,15,1
1700048820,11,15,2,1187,15,1
1700048880,11,15,2,1188,15,0
1700048940,11,15,2,1189,15,1
1700049000,11,15,2,1190,15,1
1700049060,11,15,2,1191,15,0
1700049120,11,15,2,1192,15,0
1700049180,11,15,2,1193,15,0
1700049240,11,15,2,1194,15,0
1700049300,11,15,2,1195,15,0
1700049360,11,15,2,1196,15,0
1700049420,11,15,2,1197,15,0
1700049480,11,15,2,1198,15,0
1700049540,11,15,2,1199,15,0
1700049660,11,15,2,1201,15,0
1700049720,11,15,2,1202,15,0
1700049780,11,15,2,1203,15,0
1700049840,11,15,2,1204,15,0
1700049900,11,15,2,1205,15,0
1700049960,11,15,2,1206,15,0
1700050020,11,15,2,1207,15,0
1700050080,11,15,2,1208,15,0
1700050140,11,15,2,1209,15,0
1700050200,11,15,2,1210,15,1
1700050260,11,15,2,1211,15,1
1700050320,11,15,2,1212,15,1
1700050380,11,15,2,1213,15,1
1700050440,11,15,2,1214,15,1
1700050500,11,15,2,1215,15,1
1700050560,11,15,2,1216,15,1
1700050620,11,15,2,1217,15,1
1700050680,11,15,2,1218,15,2
1700050740,11,15,2,1219,15,2
1700050860,11,15,2,1221,15,2
1700050920,11,15,2,1222,15,2
1700050980,11,15,2,1223,15,2
1700051040,11,15,2,1224,15,2
1700051100,11,15,2,1225,15,3
1700051160,11,15,2,1226,15,2
1700051220,11,15,2,1227,15,2
1700051280,11,15,2,1228,15,2
1700051340,11,15,2,1229,15,2
1700051460,11,15,2,1231,15,3
1700051520,11,15,2,1232,15,3
1700051580,11,15,2,1233,15,3
1700051640,11,15,2,1234,15,3
1700051700,11,15,2,1235,15,3
1700051760,11,15,2,1236,15,3
1700051820,11,15,2,1237,15,3
1700051880,11,15,2,1238,15,3
1700051940,11,15,2,1239,15,3
1700052000,11,15,2,1240,15,3
1700052060,11,15,2,1241,15,3
1700052120,11,15,2,1242,15,5
1700052180,11,15,2,1243,15,5
1700052240,11,15,2,1244,15,5
1700052300,11,15,2,1245,15,6
1700052360,11,15,2,1246,15,5
1700052420,11,15,2,1247,15,5
1700052480,11,15,2,1248,15,5
1700052540,11,15,2,1249,15,5
1700052600,11,15,2,1250,15,5
1700052660,11,15,2,1251,15,6
1700052720,11,15,2,1252,15,6
1700052780,11,15,2,1253,15,6
1700052840,11,15,2,1254,15,7
1700052900,11,15,2,1255,15,7
1700052960,11,15,2,1256,15,7
1700053020,11,15,2,1257,15,7
1700053080,11,15,2,1258,15,7
1700053140,11,15,2,1259,15,7
1700053260,11,15,2,1261,15,7
1700053320,11,15,2,1262,15,7
1700053380,11,15,2,1263,15,7
1700053440,11,15,2,1264,15,7
1700053500,11,15,2,1265,15,7
1700053560,11,15,2,1266,15,9
1700053620,11,15,2,1267,15,9
1700053680,11,15,2,1268,15,9
1700053740,11,15,2,1269,15,9
1700053800,11,15,2,1270,15,8
1700053860,11,15,2,1271,15,8
1700053920,11,15,2,1272,15,8
1700053980,11,15,2,1273,15,8
1700054040,11,15,2,1274,15,8
1700054100,11,15,2,1275,15,8
1700054160,11,15,2,1276,15,8
1700054220,11,15,2,1277,15,8
1700054280,11,15,2,1278,15,9
1700054340,11,15,2,1279,15,9
1700054460,11,15,2,1281,15,9
1700054580,11,15,2,1283,15,10
1700054640,11,15,2,1284,15,10
1700054700,11,15,2,1285,15,10
1700054760,11,15,2,1286,15,12
1700054820,11,15,2,1287,15,12
1700054880,11,15,2,1288,15,12
1700054940,11,15,2,1289,15,12
1700055060,11,15,2,1291,15,12
1700055120,11,15,2,1292,15,12
1700055180,11,15,2,1293,15,12
1700055240,11,15,2,1294,15,13
1700055300,11,15,2,1295,15,13
1700055360,11,15,2,1296,15,14
1700055420,11,15,2,1297,15,14
1700055480,11,15,2,1298,15,12
1700055540,11,15,2,1299,15,11
1700055660,11,15,2,1301,15,11
1700055720,11,15,2,1302,15,12
1700055780,11,15,2,1303,15,12
1700055840,11,15,2,1304,15,12
1700055900,11,15,2,1305,15,12
1700055960,11,15,2,1306,15,12
1700056020,11,15,2,1307,15,12
1700056080,11,15,2,1308,15,12
1700056140,11,15,2,1309,15,11
1700056260,11,15,2,1311,15,10
1700056320,11,15,2,1312,15,10
1700056380,11,15,2,1313,15,10
1700056440,11,15,2,1314,15,8
1700056500,11,15,2,1315,15,8
1700056560,11,15,2,1316,15,7
1700056620,11,15,2,1317,15,7
1700056680,11,15,2,1318,15,8
1700056740,11,15,2,1319,15,8
1700056800,11,15,2,1320,15,8
1700056920,11,15,2,1322,15,8
1700056980,11,15,2,1323,15,8
1700057040,11,15,2,1324,15,8
1700057100,11,15,2,1325,15,8
1700057160,11,15,2,1326,15,8
1700057220,11,15,2,1327,15,8
1700057280,11,15,2,1328,15,8
1700057340,11,15,2,1329,15,8
1700057460,11,15,2,1331,15,8
1700057520,11,15,2,1332,15,7
1700057580,11,15,2,1333,15,7
1700057640,11,15,2,1334,15,7
1700057700,11,15,2,1335,15,7
1700057760,11,15,2,1336,15,6
1700057820,11,15,2,1337,15,4
1700057880,11,15,2,1338,15,5
1700057940,11,15,2,1339,15,5
1700058060,11,15,2,1341,15,5
1700058120,11,15,2,1342,15,6
1700058180,11,15,2,1343,15,6
1700058240,11,15,2,1344,15,6
1700058300,11,15,2,1345,15,6
1700058360,11,15,2,1346,15,5
1700058420,11,15,2,1347,15,5
1700058480,11,15,2,1348,15,5
1700058540,11,15,2,1349,15,5
1700058660,11,15,2,1351,15,6
1700058720,11,15,2,1352,15,6
1700058780,11,15,2,1353,15,6
1700058840,11,15,2,1354,15,5
1700058900,11,15,2,1355,15,5
1700058960,11,15,2,1356,15,5
1700059020,11,15,2,1357,15,5
1700059080,11,15,2,1358,15,5
1700059140,11,15,2,1359,15,5
1700059260,11,15,2,1361,15,5
1700059320,11,15,2,1362,15,6
1700059380,11,15,2,1363,15,6
1700059440,11,15,2,1364,15,6
1700059500,11,15,2,1365,15,6
1700059560,11,15,2,1366,15,7
1700059620,11,15,2,1367,15,7
1700059680,11,15,2,1368,15,7
1700059740,11,15,2,1369,15,6
1700059860,11,15,2,1371,15,7
1700059920,11,15,2,1372,15,7
1700059980,11,15,2,1373,15,7
1700060040,11,15,2,1374,15,7
1700060100,11,15,2,1375,15,7
1700060160,11,15,2,1376,15,7
1700060220,11,15,2,1377,15,7
1700060280,11,15,2,1378,15,9
1700060340,11,15,2,1379,15,9
1700060460,11,15,2,1381,15,9
1700060520,11,15,2,1382,15,8
1700060580,11,15,2,1383,15,8
1700060640,11,15,2,1384,15,8
1700060700,11,15,2,1385,15,9
1700060760,11,15,2,1386,15,9
1700060820,11,15,2,1387,15,9
1700060880,11,15,2,1388,15,9
1700060940,11,15,2,1389,15,10
1700061060,11,15,2,1391,15,10
1700061120,11,15,2,1392,15,10
1700061180,11,15,2,1393,15,10
1700061240,11,15,2,1394,15,10
1700061300,11,15,2,1395,15,11
1700061360,11,15,2,1396,15,11
1700061420,11,15,2,1397,15,11
1700061480,11,15,2,1398,15,11
1700061540,11,15,2,1399,15,11
1700061660,11,15,2,1401,15,8
1700061720,11,15,2,1402,15,8
1700061780,11,15,2,1403,15,8
1700061840,11,15,2,1404,15,8
1700061900,11,15,2,1405,15,8
1700061960,11,15,2,1406,15,8
1700062020,11,15,2,1407,15,8
1700062080,11,15,2,1408,15,8
1700062140,11,15,2,1409,15,8
1700062200,11,15,2,1410,15,8
1700062260,11,15,2,1411,15,8
1700062320,11,15,2,1412,15,8
1700062380,11,15,2,1413,15,8
1700062440,11,15,2,1414,15,8
1700062500,11,15,2,1415,15,8
1700062560,11,15,2,1416,15,8
1700062620,11,15,2,1417,15,8
1700062680,11,15,2,1418,15,8
1700062740,11,15,2,1419,15,8
1700062800,11,15,2,1420,15,8
1700062860,11,15,2,1421,15,8
1700062920,11,15,2,1422,15,8
1700062980,11,15,2,1423,15,9
1700063040,11,15,2,1424,15,9
1700063100,11,15,2,1425,15,9
1700063160,11,15,2,1426,15,9
1700063220,11,15,2,1427,15,9
1700063280,11,15,2,1428,15,7
1700063340,11,15,2,1429,15,8
1700063400,11,15,2,1430,15,7
1700063460,11,15,2,1431,15,8
1700063520,11,15,2,1432,15,8
1700063580,11,15,2,1433,15,8
1700063640,11,15,2,1434,15,8
1700063700,11,15,2,1435,15,8
1700063760,11,15,2,1436,15,8
1700063820,11,15,2,1437,15,8
1700063880,11,15,2,1438,15,8
1700063940,11,15,2,1439,15,8
1700064060,11,16,3,1,15,9
1700064120,11,16,3,2,15,9
1700064180,11,16,3,3,15,11
1700064240,11,16,3,4,15,11
1700064300,11,16,3,5,15,11
1700064360,11,16,3,6,15,11
1700064420,11,16,3,7,15,11
1700064480,11,16,3,8,15,11
1700064540,11,16,3,9,15,12
1700064600,11,16,3,10,15,10
1700064660,11,16,3,11,15,9
1700064720,11,16,3,12,15,9
1700064780,11,16,3,13,15,9
1700064840,11,16,3,14,15,9
1700064900,11,16,3,15,15,11
1700064960,11,16,3,16,15,11
1700065020,11,16,3,17,15,11
1700065080,11,16,3,18,15,11
1700065140,11,16,3,19,15,12
1700065260,11,16,3,21,15,12
1700065320,11,16,3,22,15,12
1700065380,11,16,3,23,15,12
1700065440,11,16,3,24,15,12
1700065500,11,16,3,25,15,12
1700065560,11,16,3,26,15,12
1700065620,11,16,3,27,15,12
1700065680,11,16,3,28,15,12
1700065740,11,16,3,29,15,12
1700065800,11,16,3,30,15,12
1700065860,11,16,3,31,15,11
1700065920,11,16,3,32,15,11
1700065980,11,16,3,33,15,11
1700066040,11,16,3,34,15,11
1700066100,11,16,3,35,15,11
1700066160,11,16,3,36,15,11
1700066220,11,16,3,37,15,11
1700066280,11,16,3,38,15,11
1700066340,11,16,3,39,15,11
1700066400,11,16,3,40,15,11
1700066460,11,16,3,41,15,11
1700066520,11,16,3,42,15,11
1700066580,11,16,3,43,15,11
1700066640,11,16,3,44,15,11
1700066700,11,16,3,45,15,11
1700066760,11,16,3,46,15,10
1700066820,11,16,3,47,15,11
1700066880,11,16,3,48,15,11
1700066940,11,16,3,49,15,11
1700067000,11,16,3,50,15,11
1700067060,11,16,3,51,15,11
1700067120,11,16,3,52,15,11
1700067180,11,16,3,53,15,11
1700067240,11,16,3,54,15,10
1700067300,11,16,3,55,15,10
1700067360,11,16,3,56,15,10
1700067420,11,16,3,57,15,8
1700067480,11,16,3,58,15,8
1700067540,11,16,3,59,15,8
1700067600,11,16,3,60,15,8
1700067660,11,16,3,61,15,8
1700067720,11,16,3,62,15,8
1700067780,11,16,3,63,15,8
1700067840,11,16,3,64,15,8
1700067900,11,16,3,65,15,8
1700067960,11,16,3,66,15,8
1700068020,11,16,3,67,15,8
1700068080,11,16,3,68,15,7
1700068140,11,16,3,69,15,7
1700068200,11,16,3,70,15,7
1700068260,11,16,3,71,15,8
1700068320,11,16,3,72,15,8
1700068380,11,16,3,73,15,8
1700068440,11,16,3,74,15,8
1700068500,11,16,3,75,15,8
1700068560,11,16,3,76,15,8
1700068620,11,16,3,77,15,8
1700068680,11,16,3,78,15,8
1700068740,11,16,3,79,15,8
1700068860,11,16,3,81,15,8
1700068920,11,16,3,82,15,9
1700068980,11,16,3,83,15,9
1700069040,11,16,3,84,15,9
1700069100,11,16,3,85,15,9
1700069160,11,16,3,86,15,9
1700069220,11,16,3,87,15,9
1700069280,11,16,3,88,15,9
1700069340,11,16,3,89,15,9
1700069400,11,16,3,90,15,8
1700069460,11,16,3,91,15,8
1700069520,11,16,3,92,15,8
1700069580,11,16,3,93,15,8
1700069640,11,16,3,94,15,9
1700069700,11,16,3,95,15,9
1700069760,11,16,3,96,15,9
1700069880,11,16,3,98,15,9
1700069940,11,16,3,99,15,10
1700070060,11,16,3,101,15,10
1700070120,11,16,3,102,15,10
1700070180,11,16,3,103,15,10
1700070240,11,16,3,104,15,10
1700070300,11,16,3,105,15,10
1700070360,11,16,3,106,15,10
1700070420,11,16,3,107,15,10
1700070480,11,16,3,108,15,10
1700070540,11,16,3,109,15,10
1700070660,11,16,3,111,15,10
1700070720,11,16,3,112,15,10
1700070780,11,16,3,113,15,10
1700070840,11,16,3,114,15,10
1700070900,11,16,3,115,15,10
1700070960,11,16,3,116,15,11
1700071020,11,16,3,117,15,11
1700071080,11,16,3,118,15,11
1700071140,11,16,3,119,15,11
1700071260,11,16,3,121,15,11
1700071320,11,16,3,122,15,11
1700071380,11,16,3,123,15,11
1700071440,11,16,3,124,15,11
1700071500,11,16,3,125,15,11
1700071560,11,16,3,126,15,11
1700071620,11,16,3,127,15,11
1700071680,11,16,3,128,15,11
1700071740,11,16,3,129,15,11
1700071860,11,16,3,131,15,11
1700071920,11,16,3,132,15,11
1700071980,11,16,3,133,15,11
1700072040,11,16,3,134,15,11
1700072100,11,16,3,135,15,11
1700072160,11,16,3,136,15,11
1700072220,11,16,3,137,15,11
1700072280,11,16,3,138,15,11
1700072340,11,16,3,139,15,11
1700072460,11,16,3,141,15,11
1700072520,11,16,3,142,15,11
1700072580,11,16,3,143,15,11
1700072640,11,16,3,144,15,11
1700072700,11,16,3,145,15,11
1700072760,11,16,3,146,15,11
1700072820,11,16,3,147,15,11
1700072880,11,16,3,148,15,11
1700072940,11,16,3,149,15,11
1700073060,11,16,3,151,15,11
1700073120,11,16,3,152,15,11
1700073180,11,16,3,153,15,11
1700073240,11,16,3,154,15,11
1700073300,11,16,3,155,15,11
1700073360,11,16,3,156,15,11
1700073420,11,16,3,157,15,11
1700073480,11,16,3,158,15,11
1700073540,11,16,3,159,15,11
1700073660,11,16,3,161,15,11
1700073720,11,16,3,162,15,11
1700073780,11,16,3,163,15,11
1700073840,11,16,3,164,15,11
1700073900,11,16,3,165,15,11
1700073960,11,16,3,166,15,11
1700074020,11,16,3,167,15,11
1700074080,11,16,3,168,15,11
1700074140,11,16,3,169,15,11
1700074260,11,16,3,171,15,11
1700074320,11,16,3,172,15,11
1700074380,11,16,3,173,15,11
1700074440,11,16,3,174,15,11
1700074500,11,16,3,175,15,11
1700074560,11,16,3,176,15,11
1700074620,11,16,3,177,15,11
1700074680,11,16,3,178,15,11
1700074740,11,16,3,179,15,11
1700074860,11,16,3,181,15,11
1700074920,11,16,3,182,15,11
1700074980,11,16,3,183,15,11
1700075040,11,16,3,184,15,11
1700075100,11,16,3,185,15,11
1700075160,11,16,3,186,15,11
1700075220,11,16,3,187,15,11
1700075280,11,16,3,188,15,11
1700075340,11,16,3,189,15,11
1700075460,11,16,3,191,15,11
1700075520,11,16,3,192,15,11
1700075580,11,16,3,193,15,11
1700075640,11,16,3,194,15,11
1700075700,11,16,3,195,15,11
1700075760,11,16,3,196,15,11
1700075820,11,16,3,197,15,11
1700075880,11,16,3,198,15,11
1700075940,11,16,3,199,15,11
1700076060,11,16,3,201,15,11
1700076120,11,16,3,202,15,11
1700076180,11,16,3,203,15,11
1700076240,11,16,3,204,15,11
1700076300,11,16,3,205,15,11
1700076360,11,16,3,206,15,11
1700076420,11,16,3,207,15,11
1700076480,11,16,3,208,15,11
1700076540,11,16,3,209,15,11
1700076600,11,16,3,210,15,11
1700076660,11,16,3,211,15,11
1700076720,11,16,3,212,15,11
1700076780,11,16,3,213,15,11
1700076840,11,16,3,214,15,11
1700076900,11,16,3,215,15,11
1700076960,11,16,3,216,15,11
1700077020,11,16,3,217,15,11
1700077080,11,16,3,218,15,11
1700077140,11,16,3,219,15,11
1700077200,11,16,3,220,15,11
1700077260,11,16,3,221,15,11
1700077320,11,16,3,222,15,11
1700077380,11,16,3,223,15,11
1700077440,11,16,3,224,15,11
1700077500,11,16,3,225,15,11
1700077560,11,16,3,226,15,11
1700077620,11,16,3,227,15,11
1700077680,11,16,3,228,15,11
1700077740,11,16,3,229,15,11
1700077800,11,16,3,230,15,11
1700077860,11,16,3,231,15,11
1700077920,11,16,3,232,15,11
1700077980,11,16,3,233,15,11
1700078040,11,16,3,234,15,11
1700078100,11,16,3,235,15,11
1700078160,11,16,3,236,15,11
1700078220,11,16,3,237,15,11
1700078280,11,16,3,238,15,11
1700078340,11,16,3,239,15,11
1700078400,11,16,3,240,15,11
1700078460,11,16,3,241,15,11
1700078520,11,16,3,242,15,11
1700078580,11,16,3,243,15,11
1700078640,11,16,3,244,15,11
1700078700,11,16,3,245,15,11
1700078760,11,16,3,246,15,11
1700078820,11,16,3,247,15,11
1700078880,11,16,3,248,15,11
1700078940,11,16,3,249,15,11
1700079000,11,16,3,250,15,11
1700079060,11,16,3,251,15,11
1700079120,11,16,3,252,15,11
1700079180,11,16,3,253,15,11
1700079240,11,16,3,254,15,11
1700079300,11,16,3,255,15,11
1700079360,11,16,3,256,15,11
1700079420,11,16,3,257,15,11
1700079480,11,16,3,258,15,11
1700079540,11,16,3,259,15,11
1700079660,11,16,3,261,15,11
1700079720,11,16,3,262,15,11
1700079780,11,16,3,263,15,11
1700079840,11,16,3,264,15,11
1700079900,11,16,3,265,15,11
1700079960,11,16,3,266,15,11
1700080020,11,16,3,267,15,11
1700080080,11,16,3,268,15,11
1700080140,11,16,3,269,15,11
1700080200,11,16,3,270,15,11
1700080260,11,16,3,271,15,11
1700080320,11,16,3,272,15,11
1700080380,11,16,3,273,15,11
1700080440,11,16,3,274,15,11
1700080500,11,16,3,275,15,11
1700080560,11,16,3,276,15,11
1700080620,11,16,3,277,15,11
1700080680,11,16,3,278,15,11
1700080740,11,16,3,279,15,11
1700080800,11,16,3,280,15,11
1700080860,11,16,3,281,15,11
1700080920,11,16,3,282,15,11
1700080980,11,16,3,283,15,12
1700081040,11,16,3,284,15,12
1700081100,11,16,3,285,15,12
1700081160,11,16,3,286,15,12
1700081220,11,16,3,287,15,13
1700081280,11,16,3,288,15,13
1700081340,11,16,3,289,15,13
1700081400,11,16,3,290,15,13
1700081460,11,16,3,291,15,13
1700081520,11,16,3,292,15,13
1700081580,11,16,3,293,15,13
1700081640,11,16,3,294,15,13
1700081700,11,16,3,295,15,13
1700081760,11,16,3,296,15,13
1700081820,11,16,3,297,15,13
1700081880,11,16,3,298,15,13
1700081940,11,16,3,299,15,13
1700082000,11,16,3,300,15,13
1700082060,11,16,3,301,15,12
1700082120,11,16,3,302,15,12
1700082180,11,16,3,303,15,12
1700082240,11,16,3,304,15,12
1700082300,11,16,3,305,15,12
1700082360,11,16,3,306,15,12
1700082420,11,16,3,307,15,12
1700082480,11,16,3,308,15,12
1700082540,11,16,3,309,15,12
1700082600,11,16,3,310,15,12
1700082660,11,16,3,311,15,12
1700082720,11,16,3,312,15,12
1700082780,11,16,3,313,15,12
1700082840,11,16,3,314,15,12
1700082900,11,16,3,315,15,11
1700082960,11,16,3,316,15,11
1700083020,11,16,3,317,15,11
1700083080,11,16,3,318,15,10
1700083140,11,16,3,319,15,10
1700083260,11,16,3,321,15,10
1700083320,11,16,3,322,15,10
1700083380,11,16,3,323,15,10
1700083440,11,16,3,324,15,10
1700083500,11,16,3,325,15,10
1700083560,11,16,3,326,15,10
1700083620,11,16,3,327,15,11
1700083680,11,16,3,328,15,11
1700083740,11,16,3,329,15,11
1700083800,11,16,3,330,15,11
1700083860,11,16,3,331,15,11
1700083920,11,16,3,332,15,11
1700083980,11,16,3,333,15,11
1700084040,11,16,3,334,15,11
1700084100,11,16,3,335,15,11
1700084160,11,16,3,336,15,11
1700084220,11,16,3,337,15,11
1700084280,11,16,3,338,15,11
1700084340,11,16,3,339,15,10
1700084400,11,16,3,340,15,10
1700084460,11,16,3,341,15,10
1700084520,11,16,3,342,15,10
1700084580,11,16,3,343,15,10
1700084640,11,16,3,344,15,10
1700084700,11,16,3,345,15,10
1700084760,11,16,3,346,15,10
1700084820,11,16,3,347,15,10
1700084880,11,16,3,348,15,11
1700084940,11,16,3,349,15,11
1700085000,11,16,3,350,15,12
1700085060,11,16,3,351,15,12
1700085180,11,16,3,353,15,12
1700085240,11,16,3,354,15,12
1700085300,11,16,3,355,15,12
1700085360,11,16,3,356,15,12
1700085420,11,16,3,357,15,12
1700085480,11,16,3,358,15,12
1700085540,11,16,3,359,15,12
1700085660,11,16,3,361,15,12
1700085720,11,16,3,362,15,12
1700085780,11,16,3,363,15,12
1700085840,11,16,3,364,15,12
1700085900,11,16,3,365,15,12
1700085960,11,16,3,366,15,12
1700086020,11,16,3,367,15,13
1700086080,11,16,3,368,15,13
1700086140,11,16,3,369,15,13
1700086260,11,16,3,371,15,13
1700086320,11,16,3,372,15,13
1700086380,11,16,3,373,15,13
1700086440,11,16,3,374,15,13
1700086500,11,16,3,375,15,13
1700086560,11,16,3,376,15,13
1700086620,11,16,3,377,15,13
1700086680,11,16,3,378,15,13
1700086740,11,16,3,379,15,13
1700086860,11,16,3,381,15,13
1700086920,11,16,3,382,15,13
1700086980,11,16,3,383,15,12
1700087040,11,16,3,384,15,12
1700087100,11,16,3,385,15,12
1700087160,11,16,3,386,15,12
1700087220,11,16,3,387,15,12
1700087280,11,16,3,388,15,12
1700087340,11,16,3,389,15,13
1700087460,11,16,3,391,15,13
1700087520,11,16,3,392,15,13
1700087580,11,16,3,393,15,13
1700087640,11,16,3,394,15,13
1700087700,11,16,3,395,15,14
1700087760,11,16,3,396,15,14
1700087820,11,16,3,397,15,14
1700087880,11,16,3,398,15,14
1700087940,11,16,3,399,15,14
1700088060,11,16,3,401,15,14
1700088120,11,16,3,402,15,14
1700088180,11,16,3,403,15,14
1700088240,11,16,3,404,15,14
1700088300,11,16,3,405,15,14
1700088360,11,16,3,406,15,14
1700088420,11,16,3,407,15,14
1700088480,11,16,3,408,15,14
1700088540,11,16,3,409,15,14
1700088660,11,16,3,411,15,14
1700088720,11,16,3,412,15,14
1700088780,11,16,3,413,15,14
1700088840,11,16,3,414,15,14
1700088900,11,16,3,415,15,14
1700088960,11,16,3,416,15,14
1700089020,11,16,3,417,15,14
1700089080,11,16,3,418,15,14
1700089140,11,16,3,419,15,14
1700089260,11,16,3,421,15,14
1700089320,11,16,3,422,15,14
1700089380,11,16,3,423,15,14
1700089440,11,16,3,424,15,14
1700089500,11,16,3,425,15,14
1700089560,11,16,3,426,15,14
1700089620,11,16,3,427,15,14
1700089680,11,16,3,428,15,14
1700089740,11,16,3,429,15,14
1700089860,11,16,3,431,15,14
1700089920,11,16,3,432,15,14
1700089980,11,16,3,433,15,14
1700090040,11,16,3,434,15,14
1700090100,11,16,3,435,15,14
1700090160,11,16,3,436,15,14
1700090220,11,16,3,437,15,14
1700090280,11,16,3,438,15,14
1700090340,11,16,3,439,15,14
1700090460,11,16,3,441,15,13
1700090520,11,16,3,442,15,13
1700090580,11,16,3,443,15,13
1700090640,11,16,3,444,15,13
1700090700,11,16,3,445,15,12
1700090760,11,16,3,446,15,11
1700090820,11,16,3,447,15,11
1700090880,11,16,3,448,15,11
1700090940,11,16,3,449,15,12
1700091060,11,16,3,451,15,12
1700091120,11,16,3,452,15,12
1700091180,11,16,3,453,15,12
1700091240,11,16,3,454,15,10
1700091300,11,16,3,455,15,11
1700091360,11,16,3,456,15,12
1700091420,11,16,3,457,15,11
1700091480,11,16,3,458,15,11
1700091540,11,16,3,459,15,11
1700091660,11,16,3,461,15,11
1700091720,11,16,3,462,15,13
1700091780,11,16,3,463,15,13
1700091840,11,16,3,464,15,13
1700091900,11,16,3,465,15,12
1700091960,11,16,3,466,15,12
1700092020,11,16,3,467,15,12
1700092080,11,16,3,468,15,12
1700092140,11,16,3,469,15,12
1700092200,11,16,3,470,15,12
1700092260,11,16,3,471,15,12
1700092320,11,16,3,472,15,12
1700092380,11,16,3,473,15,12
1700092440,11,16,3,474,15,13
1700092500,11,16,3,475,15,13
1700092560,11,16,3,476,15,15
1700092620,11,16,3,477,15,15
1700092680,11,16,3,478,15,14
1700092740,11,16,3,479,15,14
1700092860,11,16,3,481,15,14
1700092920,11,16,3,482,15,14
1700092980,11,16,3,483,15,14
1700093040,11,16,3,484,15,14
1700093100,11,16,3,485,15,14
1700093160,11,16,3,486,15,14
1700093220,11,16,3,487,15,14
1700093280,11,16,3,488,15,14
1700093340,11,16,3,489,15,13
1700093400,11,16,3,490,15,12
1700093460,11,16,3,491,15,12
1700093520,11,16,3,492,15,12
1700093580,11,16,3,493,15,10
1700093640,11,16,3,494,15,10
1700093700,11,16,3,495,15,10
1700093760,11,16,3,496,15,10
1700093820,11,16,3,497,15,10
1700093880,11,16,3,498,15,10
1700093940,11,16,3,499,15,9
1700094060,11,16,3,501,15,9
1700094120,11,16,3,502,15,10
1700094180,11,16,3,503,15,8
1700094240,11,16,3,504,15,8
1700094300,11,16,3,505,15,8
1700094360,11,16,3,506,15,7
1700094420,11,16,3,507,15,7
1700094480,11,16,3,508,15,8
1700094540,11,16,3,509,15,8
1700094660,11,16,3,511,15,8
1700094720,11,16,3,512,15,7
1700094780,11,16,3,513,15,7
1700094840,11,16,3,514,15,7
1700094900,11,16,3,515,15,9
1700094960,11,16,3,516,15,9
1700095020,11,16,3,517,15,9
1700095080,11,16,3,518,15,10
1700095140,11,16,3,519,15,10
1700095200,11,16,3,520,15,10
1700095260,11,16,3,521,15,10
1700095320,11,16,3,522,15,11
1700095380,11,16,3,523,15,11
1700095440,11,16,3,524,15,10
1700095500,11,16,3,525,15,10
1700095560,11,16,3,526,15,11
1700095620,11,16,3,527,15,11
1700095680,11,16,3,528,15,11
1700095740,11,16,3,529,15,11
1700095800,11,16,3,530,15,11
1700095860,11,16,3,531,15,10
1700095920,11,16,3,532,15,11
1700095980,11,16,3,533,15,11
1700096040,11,16,3,534,15,11
1700096100,11,16,3,535,15,11
1700096160,11,16,3,536,15,12
1700096220,11,16,3,537,15,11
1700096280,11,16,3,538,15,11
1700096340,11,16,3,539,15,10
1700096460,11,16,3,541,15,8
1700096520,11,16,3,542,15,8
1700096580,11,16,3,543,15,8
1700096640,11,16,3,544,15,8
1700096700,11,16,3,545,15,10
1700096760,11,16,3,546,15,10
1700096820,11,16,3,547,15,10
1700096880,11,16,3,548,15,10
1700096940,11,16,3,549,15,8
1700097000,11,16,3,550,15,7
1700097060,11,16,3,551,15,5
1700097120,11,16,3,552,15,3
1700097180,11,16,3,553,15,3
1700097240,11,16,3,554,15,1
1700097300,11,16,3,555,15,1
1700097360,11,16,3,556,15,0
1700097420,11,16,3,557,15,0
1700097480,11,16,3,558,15,1
1700097540,11,16,3,559,15,1
1700097660,11,16,3,561,15,1
1700097720,11,16,3,562,15,1
1700097780,11,16,3,563,15,1
1700097840,11,16,3,564,15,1
1700097900,11,16,3,565,15,1
1700097960,11,16,3,566,15,0
1700098020,11,16,3,567,15,0
1700098080,11,16,3,568,15,4
1700098140,11,16,3,569,15,4
1700098200,11,16,3,570,15,3
1700098320,11,16,3,572,15,2
1700098380,11,16,3,573,15,2
1700098440,11,16,3,574,15,2
1700098500,11,16,3,575,15,2
1700098560,11,16,3,576,15,2
1700098620,11,16,3,577,15,2
1700098680,11,16,3,578,15,2
1700098740,11,16,3,579,15,2
1700098800,11,16,3,580,15,2
1700098860,11,16,3,581,15,2
1700098920,11,16,3,582,15,3
1700098980,11,16,3,583,15,3
1700099040,11,16,3,584,15,2
1700099100,11,16,3,585,15,3
1700099160,11,16,3,586,15,2
1700099220,11,16,3,587,15,2
1700099280,11,16,3,588,15,0
1700099340,11,16,3,589,15,0
1700099400,11,16,3,590,15,0
1700099460,11,16,3,591,15,0
1700099520,11,16,3,592,15,0
1700099580,11,16,3,593,15,0
1700099640,11,16,3,594,15,0
1700099700,11,16,3,595,15,0
1700099760,11,16,3,596,15,1
1700099820,11,16,3,597,15,0
1700099880,11,16,3,598,15,0
1700099940,11,16,3,599,15,0
1700100060,11,16,3,601,15,0
1700100120,11,16,3,602,15,1
1700100180,11,16,3,603,15,0
1700100240,11,16,3,604,15,0
1700100300,11,16,3,605,15,0
1700100360,11,16,3,606,15,0
1700100420,11,16,3,607,15,0
1700100480,11,16,3,608,15,0
1700100540,11,16,3,609,15,0
1700100600,11,16,3,610,15,0
1700100660,11,16,3,611,15,0
1700100720,11,16,3,612,15,1
1700100780,11,16,3,613,15,1
1700100840,11,16,3,614,15,0
1700100900,11,16,3,615,15,1
1700100960,11,16,3,616,15,1
1700101020,11,16,3,617,15,1
1700101080,11,16,3,618,15,0
1700101140,11,16,3,619,15,0
1700101260,11,16,3,621,15,0
1700101380,11,16,3,623,15,0
1700101440,11,16,3,624,15,0
1700101500,11,16,3,625,15,0
1700101560,11,16,3,626,15,0
1700101620,11,16,3,627,15,0
1700101680,11,16,3,628,15,0
1700101740,11,16,3,629,15,0
1700101860,11,16,3,631,15,0
1700101920,11,16,3,632,15,1
1700101980,11,16,3,633,15,1
1700102040,11,16,3,634,15,0
1700102100,11,16,3,635,15,0
1700102160,11,16,3,636,15,0
1700102220,11,16,3,637,15,0
1700102280,11,16,3,638,15,0
1700102340,11,16,3,639,15,0
1700102460,11,16,3,641,15,0
1700102520,11,16,3,642,15,1
1700102580,11,16,3,643,15,1
1700102640,11,16,3,644,15,1
1700102700,11,16,3,645,15,1
1700102760,11,16,3,646,15,1
1700102820,11,16,3,647,15,0
1700102880,11,16,3,648,15,0
1700102940,11,16,3,649,15,0
1700103060,11,16,3,651,15,0
1700103120,11,16,3,652,15,0
1700103180,11,16,3,653,15,0
1700103240,11,16,3,654,15,0
1700103300,11,16,3,655,15,0
1700103360,11,16,3,656,15,0
1700103420,11,16,3,657,15,0
1700103480,11,16,3,658,15,2
1700103540,11,16,3,659,15,1
1700103660,11,16,3,661,15,1
1700103720,11,16,3,662,15,2
1700103780,11,16,3,663,15,2
1700103840,11,16,3,664,15,1
1700103900,11,16,3,665,15,1
1700103960,11,16,3,666,15,1
1700104020,11,16,3,667,15,1
1700104080,11,16,3,668,15,1
1700104140,11,16,3,669,15,1
1700104260,11,16,3,671,15,1
1700104320,11,16,3,672,15,1
1700104380,11,16,3,673,15,1
1700104440,11,16,3,674,15,2
1700104500,11,16,3,675,15,0
1700104560,11,16,3,676,15,0
1700104620,11,16,3,677,15,0
1700104680,11,16,3,678,15,0
1700104740,11,16,3,679,15,1
1700104860,11,16,3,681,15,1
1700104920,11,16,3,682,15,1
1700104980,11,16,3,683,15,1
1700105040,11,16,3,684,15,1
1700105100,11,16,3,685,15,0
1700105160,11,16,3,686,15,0
1700105220,11,16,3,687,15,0
1700105280,11,16,3,688,15,0
1700105340,11,16,3,689,15,1
1700105460,11,16,3,691,15,0
1700105520,11,16,3,692,15,0
1700105580,11,16,3,693,15,2
1700105640,11,16,3,694,15,2
1700105700,11,16,3,695,15,2
1700105760,11,16,3,696,15,1
1700105820,11,16,3,697,15,1
1700105880,11,16,3,698,15,1
1700105940,11,16,3,699,15,1
1700106060,11,16,3,701,15,1
1700106120,11,16,3,702,15,1
1700106180,11,16,3,703,15,1
1700106240,11,16,3,704,15,0
1700106300,11,16,3,705,15,0
1700106360,11,16,3,706,15,1
1700106420,11,16,3,707,15,1
1700106480,11,16,3,708,15,0
1700106540,11,16,3,709,15,0
1700106660,11,16,3,711,15,0
1700106720,11,16,3,712,15,0
1700106780,11,16,3,713,15,0
1700106840,11,16,3,714,15,0
1700106900,11,16,3,715,15,0
1700106960,11,16,3,716,15,0
1700107020,11,16,3,717,15,0
1700107080,11,16,3,718,15,0
1700107140,11,16,3,719,15,1
1700107260,11,16,3,721,15,0
1700107320,11,16,3,722,15,0
1700107380,11,16,3,723,15,0
1700107440,11,16,3,724,15,0
1700107500,11,16,3,725,15,0
1700107560,11,16,3,726,15,0
1700107620,11,16,3,727,15,0
1700107680,11,16,3,728,15,0
1700107740,11,16,3,729,15,0
1700107800,11,16,3,730,15,0
1700107860,11,16,3,731,15,0
1700107920,11,16,3,732,15,0
1700107980,11,16,3,733,15,0
1700108040,11,16,3,734,15,0
1700108100,11,16,3,735,15,0
1700108160,11,16,3,736,15,0
1700108220,11,16,3,737,15,0
1700108280,11,16,3,738,15,0
1700108340,11,16,3,739,15,0
1700108460,11,16,3,741,15,0
1700108520,11,16,3,742,15,2
1700108580,11,16,3,743,15,2
1700108640,11,16,3,744,15,2
1700108700,11,16,3,745,15,2
1700108760,11,16,3,746,15,2
1700108820,11,16,3,747,15,2
1700108880,11,16,3,748,15,2
1700108940,11,16,3,749,15,3
1700109000,11,16,3,750,15,3
1700109060,11,16,3,751,15,3
1700109120,11,16,3,752,15,3
1700109180,11,16,3,753,15,2
1700109240,11,16,3,754,15,2
1700109300,11,16,3,755,15,2
1700109360,11,16,3,756,15,2
1700109420,11,16,3,757,15,1
1700109480,11,16,3,758,15,0
1700109540,11,16,3,759,15,1
1700109600,11,16,3,760,15,0
1700109660,11,16,3,761,15,0
1700109720,11,16,3,762,15,2
1700109780,11,16,3,763,15,2
1700109840,11,16,3,764,15,3
1700109900,11,16,3,765,15,3
1700109960,11,16,3,766,15,3
1700110020,11,16,3,767,15,3
1700110080,11,16,3,768,15,3
1700110140,11,16,3,769,15,3
1700110200,11,16,3,770,15,3
1700110260,11,16,3,771,15,2
1700110320,11,16,3,772,15,2
1700110380,11,16,3,773,15,2
1700110440,11,16,3,774,15,1
1700110500,11,16,3,775,15,1
1700110560,11,16,3,776,15,0
1700110620,11,16,3,777,15,0
1700110680,11,16,3,778,15,0
1700110740,11,16,3,779,15,0
1700110860,11,16,3,781,15,0
1700110920,11,16,3,782,15,2
1700110980,11,16,3,783,15,2
1700111040,11,16,3,784,15,2
1700111100,11,16,3,785,15,1
1700111160,11,16,3,786,15,1
1700111220,11,16,3,787,15,1
1700111280,11,16,3,788,15,1
1700111340,11,16,3,789,15,1
1700111400,11,16,3,790,15,3
1700111460,11,16,3,791,15,3
1700111520,11,16,3,792,15,3
1700111580,11,16,3,793,15,1
1700111640,11,16,3,794,15,2
1700111700,11,16,3,795,15,2
1700111760,11,16,3,796,15,0
1700111820,11,16,3,797,15,0
1700111880,11,16,3,798,15,0
1700111940,11,16,3,799,15,0
1700112060,11,16,3,801,15,0
1700112120,11,16,3,802,15,1
1700112180,11,16,3,803,15,1
1700112240,11,16,3,804,15,0
1700112300,11,16,3,805,15,0
1700112360,11,16,3,806,15,0
1700112420,11,16,3,807,15,0
1700112480,11,16,3,808,15,0
1700112540,11,16,3,809,15,0
1700112660,11,16,3,811,15,0
1700112720,11,16,3,812,15,0
1700112780,11,16,3,813,15,0
1700112840,11,16,3,814,15,0
1700112900,11,16,3,815,15,0
1700112960,11,16,3,816,15,0
1700113020,11,16,3,817,15,0
1700113080,11,16,3,818,15,0
1700113140,11,16,3,819,15,0
1700113200,11,16,3,820,15,0
1700113260,11,16,3,821,15,0
1700113320,11,16,3,822,15,0
1700113380,11,16,3,823,15,0
1700113440,11,16,3,824,15,0
1700113500,11,16,3,825,15,0
1700113560,11,16,3,826,15,0
1700113620,11,16,3,827,15,0
1700113680,11,16,3,828,15,0
1700113740,11,16,3,829,15,0
1700113800,11,16,3,830,15,1
1700113860,11,16,3,831,15,1
1700113920,11,16,3,832,15,1
1700113980,11,16,3,833,15,2
1700114040,11,16,3,834,15,2
1700114100,11,16,3,835,15,2
1700114160,11,16,3,836,15,1
1700114220,11,16,3,837,15,1
1700114280,11,16,3,838,15,1
1700114340,11,16,3,839,15,0
1700114460,11,16,3,841,15,0
1700114520,11,16,3,842,15,0
1700114580,11,16,3,843,15,0
1700114640,11,16,3,844,15,0
1700114700,11,16,3,845,15,0
1700114760,11,16,3,846,15,0
1700114820,11,16,3,847,15,0
1700114880,11,16,3,848,15,0
1700114940,11,16,3,849,15,0
1700115000,11,16,3,850,15,4
1700115060,11,16,3,851,15,4
1700115120,11,16,3,852,15,4
1700115180,11,16,3,853,15,4
1700115240,11,16,3,854,15,6
1700115300,11,16,3,855,15,6
1700115360,11,16,3,856,15,5
1700115420,11,16,3,857,15,5
1700115480,11,16,3,858,15,7
1700115540,11,16,3,859,15,7
1700115660,11,16,3,861,15,7
1700115720,11,16,3,862,15,7
1700115780,11,16,3,863,15,7
1700115840,11,16,3,864,15,7
1700115900,11,16,3,865,15,7
1700115960,11,16,3,866,15,8
1700116020,11,16,3,867,15,8
1700116080,11,16,3,868,15,8
1700116140,11,16,3,869,15,8
1700116260,11,16,3,871,15,9
1700116320,11,16,3,872,15,9
1700116380,11,16,3,873,15,9
1700116440,11,16,3,874,15,9
1700116560,11,16,3,876,15,8
1700116680,11,16,3,878,15,8
1700116740,11,16,3,879,15,8
1700116860,11,16,3,881,15,6
1700116920,11,16,3,882,15,6
1700116980,11,16,3,883,15,5
1700117040,11,16,3,884,15,5
1700117100,11,16,3,885,15,5
1700117160,11,16,3,886,15,5
1700117220,11,16,3,887,15,5
1700117280,11,16,3,888,15,5
1700117340,11,16,3,889,15,5
1700117460,11,16,3,891,15,6
1700117520,11,16,3,892,15,6
1700117580,11,16,3,893,15,6
1700117640,11,16,3,894,15,8
1700117700,11,16,3,895,15,8
1700117760,11,16,3,896,15,8
1700117820,11,16,3,897,15,9
1700117880,11,16,3,898,15,9
1700117940,11,16,3,899,15,9
1700118060,11,16,3,901,15,6
1700118120,11,16,3,902,15,4
1700118180,11,16,3,903,15,4
1700118240,11,16,3,904,15,4
1700118300,11,16,3,905,15,5
1700118360,11,16,3,906,15,6
1700118420,11,16,3,907,15,6
1700118480,11,16,3,908,15,5
1700118540,11,16,3,909,15,5
1700118660,11,16,3,911,15,6
1700118720,11,16,3,912,15,6
1700118780,11,16,3,913,15,6
1700118840,11,16,3,914,15,5
1700118900,11,16,3,915,15,4
1700118960,11,16,3,916,15,3
1700119020,11,16,3,917,15,3
1700119080,11,16,3,918,15,2
1700119140,11,16,3,919,15,1
1700119260,11,16,3,921,15,0
1700119320,11,16,3,922,15,0
1700119380,11,16,3,923,15,0
1700119440,11,16,3,924,15,0
1700119500,11,16,3,925,15,0
1700119560,11,16,3,926,15,0
1700119620,11,16,3,927,15,0
1700119680,11,16,3,928,15,0
1700119740,11,16,3,929,15,0
1700119860,11,16,3,931,15,2
1700119920,11,16,3,932,15,1
1700119980,11,16,3,933,15,1
1700120040,11,16,3,934,15,1
1700120100,11,16,3,935,15,1
1700120160,11,16,3,936,15,1
1700120220,11,16,3,937,15,1
1700120280,11,16,3,938,15,2
1700120340,11,16,3,939,15,2
1700120460,11,16,3,941,15,2
1700120520,11,16,3,942,15,2
1700120580,11,16,3,943,15,2
1700120640,11,16,3,944,15,2
1700120700,11,16,3,945,15,2
1700120760,11,16,3,946,15,1
1700120820,11,16,3,947,15,1
1700120880,11,16,3,948,15,2
1700120940,11,16,3,949,15,2
1700121060,11,16,3,951,15,2
1700121120,11,16,3,952,15,2
1700121180,11,16,3,953,15,1
1700121240,11,16,3,954,15,1
1700121300,11,16,3,955,15,1
1700121360,11,16,3,956,15,0
1700121420,11,16,3,957,15,0
1700121480,11,16,3,958,15,0
1700121540,11,16,3,959,15,0
1700121660,11,16,3,961,15,0
1700121720,11,16,3,962,15,0
1700121780,11,16,3,963,15,0
1700121840,11,16,3,964,15,0
1700121900,11,16,3,965,15,0
1700121960,11,16,3,966,15,1
1700122020,11,16,3,967,15,1
1700122080,11,16,3,968,15,1
1700122140,11,16,3,969,15,1
1700122260,11,16,3,971,15,2
1700122320,11,16,3,972,15,1
1700122380,11,16,3,973,15,1
1700122440,11,16,3,974,15,1
1700122500,11,16,3,975,15,1
1700122560,11,16,3,976,15,0
1700122680,11,16,3,978,15,1
1700122740,11,16,3,979,15,1
1700122860,11,16,3,981,15,0
1700122920,11,16,3,982,15,0
1700122980,11,16,3,983,15,0
1700123040,11,16,3,984,15,0
1700123100,11,16,3,985,15,0
1700123160,11,16,3,986,15,0
1700123220,11,16,3,987,15,0
1700123280,11,16,3,988,15,0
1700123340,11,16,3,989,15,0
1700123460,11,16,3,991,15,0
1700123520,11,16,3,992,15,0
1700123580,11,16,3,993,15,0
1700123640,11,16,3,994,15,1
1700123700,11,16,3,995,15,1
1700123760,11,16,3,996,15,1
1700123820,11,16,3,997,15,2
1700123880,11,16,3,998,15,2
1700123940,11,16,3,999,15,2
1700124000,11,16,3,1000,15,0
1700124060,11,16,3,1001,15,1
1700124120,11,16,3,1002,15,1
1700124180,11,16,3,1003,15,1
1700124240,11,16,3,1004,15,0
1700124300,11,16,3,1005,15,0
1700124360,11,16,3,1006,15,0
1700124420,11,16,3,1007,15,0
1700124480,11,16,3,1008,15,0
1700124540,11,16,3,1009,15,1
1700124600,11,16,3,1010,15,1
1700124660,11,16,3,1011,15,1
1700124720,11,16,3,1012,15,1
1700124780,11,16,3,1013,15,2
1700124840,11,16,3,1014,15,1
1700124900,11,16,3,1015,15,1
1700124960,11,16,3,1016,15,0
1700125020,11,16,3,1017,15,0
1700125080,11,16,3,1018,15,0
1700125140,11,16,3,1019,15,0
1700125260,11,16,3,1021,15,4
1700125320,11,16,3,1022,15,5
1700125380,11,16,3,1023,15,5
1700125440,11,16,3,1024,15,5
1700125500,11,16,3,1025,15,5
1700125560,11,16,3,1026,15,5
1700125620,11,16,3,1027,15,4
1700125680,11,16,3,1028,15,4
1700125740,11,16,3,1029,15,2
1700125800,11,16,3,1030,15,2
1700125860,11,16,3,1031,15,2
1700125920,11,16,3,1032,15,2
1700125980,11,16,3,1033,15,3
1700126040,11,16,3,1034,15,2
1700126100,11,16,3,1035,15,2
1700126160,11,16,3,1036,15,2
1700126220,11,16,3,1037,15,2
1700126280,11,16,3,1038,15,2
1700126340,11,16,3,1039,15,2
1700126460,11,16,3,1041,15,0
1700126520,11,16,3,1042,15,0
1700126580,11,16,3,1043,15,0
1700126640,11,16,3,1044,15,0
1700126700,11,16,3,1045,15,0
1700126760,11,16,3,1046,15,0
1700126820,11,16,3,1047,15,0
1700126880,11,16,3,1048,15,0
1700126940,11,16,3,1049,15,0
1700127060,11,16,3,1051,15,0
1700127120,11,16,3,1052,15,0
1700127180,11,16,3,1053,15,0
1700127240,11,16,3,1054,15,0
1700127300,11,16,3,1055,15,0
1700127360,11,16,3,1056,15,0
1700127420,11,16,3,1057,15,0
1700127480,11,16,3,1058,15,0
1700127540,11,16,3,1059,15,0
1700127600,11,16,3,1060,15,0
1700127660,11,16,3,1061,15,1
1700127720,11,16,3,1062,15,1
1700127780,11,16,3,1063,15,0
1700127840,11,16,3,1064,15,0
1700127900,11,16,3,1065,15,0
1700127960,11,16,3,1066,15,0
1700128020,11,16,3,1067,15,0
1700128080,11,16,3,1068,15,0
1700128140,11,16,3,1069,15,0
1700128200,11,16,3,1070,15,1
1700128260,11,16,3,1071,15,0
1700128320,11,16,3,1072,15,0
1700128380,11,16,3,1073,15,0
1700128440,11,16,3,1074,15,0
1700128500,11,16,3,1075,15,0
1700128560,11,16,3,1076,15,0
1700128620,11,16,3,1077,15,0
1700128680,11,16,3,1078,15,1
1700128740,11,16,3,1079,15,0
1700128860,11,16,3,1081,15,0
1700128920,11,16,3,1082,15,0
1700128980,11,16,3,1083,15,0
1700129040,11,16,3,1084,15,0
1700129100,11,16,3,1085,15,0
1700129160,11,16,3,1086,15,1
1700129220,11,16,3,1087,15,0
1700129280,11,16,3,1088,15,0
1700129340,11,16,3,1089,15,0
1700129400,11,16,3,1090,15,0
1700129460,11,16,3,1091,15,0
1700129520,11,16,3,1092,15,0
1700129580,11,16,3,1093,15,0
1700129640,11,16,3,1094,15,0
1700129700,11,16,3,1095,15,0
1700129760,11,16,3,1096,15,0
1700129820,11,16,3,1097,15,0
1700129880,11,16,3,1098,15,0
1700129940,11,16,3,1099,15,0
1700130060,11,16,3,1101,15,0
1700130120,11,16,3,1102,15,0
1700130180,11,16,3,1103,15,0
1700130240,11,16,3,1104,15,0
1700130300,11,16,3,1105,15,1
1700130360,11,16,3,1106,15,1
1700130420,11,16,3,1107,15,1
1700130480,11,16,3,1108,15,1
1700130540,11,16,3,1109,15,0
1700130660,11,16,3,1111,15,0
1700130720,11,16,3,1112,15,0
1700130780,11,16,3,1113,15,0
1700130840,11,16,3,1114,15,0
1700130900,11,16,3,1115,15,0
1700130960,11,16,3,1116,15,0
1700131020,11,16,3,1117,15,1
1700131080,11,16,3,1118,15,1
1700131140,11,16,3,1119,15,0
1700131200,11,16,3,1120,15,0
1700131260,11,16,3,1121,15,0
1700131320,11,16,3,1122,15,0
1700131380,11,16,3,1123,15,0
1700131440,11,16,3,1124,15,0
1700131500,11,16,3,1125,15,0
1700131560,11,16,3,1126,15,0
1700131620,11,16,3,1127,15,0
1700131680,11,16,3,1128,15,0
1700131740,11,16,3,1129,15,0
1700131800,11,16,3,1130,15,0
1700131860,11,16,3,1131,15,0
1700131920,11,16,3,1132,15,0
1700131980,11,16,3,1133,15,0
1700132040,11,16,3,1134,15,0
1700132100,11,16,3,1135,15,0
1700132220,11,16,3,1137,15,0
1700132280,11,16,3,1138,15,0
1700132340,11,16,3,1139,15,0
1700132460,11,16,3,1141,15,0
1700132520,11,16,3,1142,15,0
1700132580,11,16,3,1143,15,0
1700132640,11,16,3,1144,15,0
1700132700,11,16,3,1145,15,1
1700132760,11,16,3,1146,15,1
1700132820,11,16,3,1147,15,0
1700132880,11,16,3,1148,15,0
1700132940,11,16,3,1149,15,0
1700133060,11,16,3,1151,15,0
1700133120,11,16,3,1152,15,0
1700133180,11,16,3,1153,15,0
1700133240,11,16,3,1154,15,0
1700133300,11,16,3,1155,15,0
1700133420,11,16,3,1157,15,0
1700133480,11,16,3,1158,15,0
1700133540,11,16,3,1159,15,0
1700133660,11,16,3,1161,15,0
1700133720,11,16,3,1162,15,0
1700133780,11,16,3,1163,15,0
1700133840,11,16,3,1164,15,0
1700133900,11,16,3,1165,15,1
1700133960,11,16,3,1166,15,1
1700134020,11,16,3,1167,15,1
1700134080,11,16,3,1168,15,1
1700134140,11,16,3,1169,15,2
1700134260,11,16,3,1171,15,2
1700134320,11,16,3,1172,15,2
1700134380,11,16,3,1173,15,2
1700134440,11,16,3,1174,15,2
1700134500,11,16,3,1175,15,1
1700134560,11,16,3,1176,15,1
1700134620,11,16,3,1177,15,1
1700134680,11,16,3,1178,15,2
1700134740,11,16,3,1179,15,1
1700134860,11,16,3,1181,15,0
1700134920,11,16,3,1182,15,0
1700134980,11,16,3,1183,15,0
1700135040,11,16,3,1184,15,0
1700135100,11,16,3,1185,15,0
1700135160,11,16,3,1186,15,0
1700135220,11,16,3,1187,15,0
1700135280,11,16,3,1188,15,0
1700135340,11,16,3,1189,15,0
1700135460,11,16,3,1191,15,0
1700135520,11,16,3,1192,15,0
1700135580,11,16,3,1193,15,0
1700135640,11,16,3,1194,15,0
1700135700,11,16,3,1195,15,0
1700135760,11,16,3,1196,15,0
1700135820,11,16,3,1197,15,0
1700135880,11,16,3,1198,15,0
1700135940,11,16,3,1199,15,0
1700136060,11,16,3,1201,15,0
1700136120,11,16,3,1202,15,3
1700136180,11,16,3,1203,15,3
1700136240,11,16,3,1204,15,3
1700136300,11,16,3,1205,15,2
1700136360,11,16,3,1206,15,2
1700136420,11,16,3,1207,15,2
1700136480,11,16,3,1208,15,2
1700136540,11,16,3,1209,15,1
1700136660,11,16,3,1211,15,1
1700136720,11,16,3,1212,15,1
1700136780,11,16,3,1213,15,1
1700136840,11,16,3,1214,15,2
1700136900,11,16,3,1215,15,1
1700136960,11,16,3,1216,15,1
1700137020,11,16,3,1217,15,1
1700137080,11,16,3,1218,15,0
1700137140,11,16,3,1219,15,0
1700137260,11,16,3,1221,15,0
1700137320,11,16,3,1222,15,0
1700137380,11,16,3,1223,15,0
1700137440,11,16,3,1224,15,0
1700137500,11,16,3,1225,15,0
1700137560,11,16,3,1226,15,1
1700137620,11,16,3,1227,15,1
1700137680,11,16,3,1228,15,1
1700137740,11,16,3,1229,15,1
1700137860,11,16,3,1231,15,1
1700137920,11,16,3,1232,15,1
1700137980,11,16,3,1233,15,1
1700138040,11,16,3,1234,15,1
1700138100,11,16,3,1235,15,0
1700138160,11,16,3,1236,15,0
1700138220,11,16,3,1237,15,0
1700138280,11,16,3,1238,15,2
1700138340,11,16,3,1239,15,2
1700138400,11,16,3,1240,15,2
1700138460,11,16,3,1241,15,1
1700138520,11,16,3,1242,15,1
1700138580,11,16,3,1243,15,0
1700138640,11,16,3,1244,15,0
1700138700,11,16,3,1245,15,0
1700138760,11,16,3,1246,15,0
1700138820,11,16,3,1247,15,0
1700138880,11,16,3,1248,15,0
1700138940,11,16,3,1249,15,0
1700139000,11,16,3,1250,15,0
1700139060,11,16,3,1251,15,0
1700139120,11,16,3,1252,15,0
1700139180,11,16,3,1253,15,0
1700139240,11,16,3,1254,15,0
1700139300,11,16,3,1255,15,0
1700139360,11,16,3,1256,15,0
1700139420,11,16,3,1257,15,0
1700139480,11,16,3,1258,15,1
1700139540,11,16,3,1259,15,1
1700139660,11,16,3,1261,15,1
1700139720,11,16,3,1262,15,4
1700139780,11,16,3,1263,15,4
1700139840,11,16,3,1264,15,3
1700139900,11,16,3,1265,15,3
1700139960,11,16,3,1266,15,3
1700140020,11,16,3,1267,15,3
1700140080,11,16,3,1268,15,3
1700140140,11,16,3,1269,15,3
1700140200,11,16,3,1270,15,2
1700140260,11,16,3,1271,15,2
1700140320,11,16,3,1272,15,2
1700140380,11,16,3,1273,15,2
1700140440,11,16,3,1274,15,2
1700140500,11,16,3,1275,15,2
1700140560,11,16,3,1276,15,2
1700140620,11,16,3,1277,15,2
1700140680,11,16,3,1278,15,2
1700140740,11,16,3,1279,15,2
1700140860,11,16,3,1281,15,2
1700140920,11,16,3,1282,15,4
1700140980,11,16,3,1283,15,4
1700141040,11,16,3,1284,15,5
1700141100,11,16,3,1285,15,5
1700141160,11,16,3,1286,15,5
1700141220,11,16,3,1287,15,4
1700141280,11,16,3,1288,15,4
1700141340,11,16,3,1289,15,4
1700141400,11,16,3,1290,15,4
1700141460,11,16,3,1291,15,4
1700141520,11,16,3,1292,15,4
1700141580,11,16,3,1293,15,4
1700141640,11,16,3,1294,15,4
1700141700,11,16,3,1295,15,4
1700141760,11,16,3,1296,15,4
1700141820,11,16,3,1297,15,3
1700141880,11,16,3,1298,15,3
1700141940,11,16,3,1299,15,3
1700142000,11,16,3,1300,15,3
1700142060,11,16,3,1301,15,3
1700142120,11,16,3,1302,15,4
1700142180,11,16,3,1303,15,4
1700142240,11,16,3,1304,15,4
1700142300,11,16,3,1305,15,4
1700142360,11,16,3,1306,15,4
1700142420,11,16,3,1307,15,4
1700142480,11,16,3,1308,15,4
1700142540,11,16,3,1309,15,4
1700142600,11,16,3,1310,15,4
1700142660,11,16,3,1311,15,4
1700142720,11,16,3,1312,15,4
1700142780,11,16,3,1313,15,4
1700142840,11,16,3,1314,15,4
1700142900,11,16,3,1315,15,4
1700142960,11,16,3,1316,15,4
1700143020,11,16,3,1317,15,4
1700143080,11,16,3,1318,15,4
1700143140,11,16,3,1319,15,3
1700143260,11,16,3,1321,15,3
1700143320,11,16,3,1322,15,3
1700143380,11,16,3,1323,15,3
1700143440,11,16,3,1324,15,3
1700143500,11,16,3,1325,15,3
1700143560,11,16,3,1326,15,5
1700143620,11,16,3,1327,15,5
1700143680,11,16,3,1328,15,5
1700143740,11,16,3,1329,15,5
1700143800,11,16,3,1330,15,5
1700143860,11,16,3,1331,15,5
1700143920,11,16,3,1332,15,4
1700143980,11,16,3,1333,15,4
1700144040,11,16,3,1334,15,4
1700144100,11,16,3,1335,15,4
1700144160,11,16,3,1336,15,4
1700144220,11,16,3,1337,15,4
1700144280,11,16,3,1338,15,5
1700144340,11,16,3,1339,15,5
1700144460,11,16,3,1341,15,4
1700144520,11,16,3,1342,15,4
1700144580,11,16,3,1343,15,4
1700144640,11,16,3,1344,15,4
1700144700,11,16,3,1345,15,3
1700144760,11,16,3,1346,15,4
1700144820,11,16,3,1347,15,4
1700144880,11,16,3,1348,15,4
1700144940,11,16,3,1349,15,4
1700145000,11,16,3,1350,15,4
1700145060,11,16,3,1351,15,7
1700145120,11,16,3,1352,15,7
1700145180,11,16,3,1353,15,7
1700145240,11,16,3,1354,15,8
1700145300,11,16,3,1355,15,8
1700145360,11,16,3,1356,15,8
1700145420,11,16,3,1357,15,9
1700145480,11,16,3,1358,15,9
1700145540,11,16,3,1359,15,9
1700145600,11,16,3,1360,15,9
1700145660,11,16,3,1361,15,9
1700145720,11,16,3,1362,15,10
1700145780,11,16,3,1363,15,10
1700145840,11,16,3,1364,15,10
1700145900,11,16,3,1365,15,10
1700145960,11,16,3,1366,15,10
1700146020,11,16,3,1367,15,10
1700146080,11,16,3,1368,15,10
1700146140,11,16,3,1369,15,10
1700146200,11,16,3,1370,15,10
1700146260,11,16,3,1371,15,10
1700146320,11,16,3,1372,15,10
1700146380,11,16,3,1373,15,10
1700146440,11,16,3,1374,15,10
1700146500,11,16,3,1375,15,10
1700146560,11,16,3,1376,15,10
1700146620,11,16,3,1377,15,10
1700146680,11,16,3,1378,15,10
1700146740,11,16,3,1379,15,10
1700146860,11,16,3,1381,15,10
1700146920,11,16,3,1382,15,10
1700146980,11,16,3,1383,15,10
1700147040,11,16,3,1384,15,10
1700147100,11,16,3,1385,15,10
1700147160,11,16,3,1386,15,10
1700147220,11,16,3,1387,15,10
1700147280,11,16,3,1388,15,10
1700147340,11,16,3,1389,15,10
1700147400,11,16,3,1390,15,10
1700147460,11,16,3,1391,15,10
1700147520,11,16,3,1392,15,10
1700147580,11,16,3,1393,15,10
1700147640,11,16,3,1394,15,10
1700147700,11,16,3,1395,15,10
1700147760,11,16,3,1396,15,10
1700147820,11,16,3,1397,15,10
1700147880,11,16,3,1398,15,10
1700147940,11,16,3,1399,15,12
1700148060,11,16,3,1401,15,12
1700148180,11,16,3,1403,15,12
1700148240,11,16,3,1404,15,11
1700148300,11,16,3,1405,15,13
1700148360,11,16,3,1406,15,13
1700148420,11,16,3,1407,15,13
1700148480,11,16,3,1408,15,13
1700148540,11,16,3,1409,15,13
1700148660,11,16,3,1411,15,14
1700148720,11,16,3,1412,15,14
1700148780,11,16,3,1413,15,14
1700148840,11,16,3,1414,15,14
1700148900,11,16,3,1415,15,14
1700148960,11,16,3,1416,15,14
1700149020,11,16,3,1417,15,14
1700149080,11,16,3,1418,15,14
1700149140,11,16,3,1419,15,14
1700149260,11,16,3,1421,15,14
1700149320,11,16,3,1422,15,14
1700149380,11,16,3,1423,15,14
1700149440,11,16,3,1424,15,14
1700149500,11,16,3,1425,15,14
1700149560,11,16,3,1426,15,14
1700149620,11,16,3,1427,15,14
1700149680,11,16,3,1428,15,14
1700149740,11,16,3,1429,15,14
1700149860,11,16,3,1431,15,14
1700149920,11,16,3,1432,15,14
1700149980,11,16,3,1433,15,14
1700150040,11,16,3,1434,15,14
1700150100,11,16,3,1435,15,14
1700150160,11,16,3,1436,15,14
1700150220,11,16,3,1437,15,15
1700150280,11,16,3,1438,15,15
1700150340,11,16,3,1439,15,15
1700150460,11,17,4,1,15,15
1700150520,11,17,4,2,15,15
1700150580,11,17,4,3,15,15
1700150640,11,17,4,4,15,15
1700150700,11,17,4,5,15,15
1700150760,11,17,4,6,15,15
1700150820,11,17,4,7,15,15
1700150880,11,17,4,8,15,15
1700150940,11,17,4,9,15,15
1700151060,11,17,4,11,15,15
1700151120,11,17,4,12,15,15
1700151180,11,17,4,13,15,15
1700151240,11,17,4,14,15,15
1700151300,11,17,4,15,15,15
1700151360,11,17,4,16,15,15
1700151420,11,17,4,17,15,15
1700151480,11,17,4,18,15,15
1700151540,11,17,4,19,15,15
1700151660,11,17,4,21,15,15
1700151720,11,17,4,22,15,15
1700151780,11,17,4,23,15,15
1700151840,11,17,4,24,15,15
1700151900,11,17,4,25,15,15
1700151960,11,17,4,26,15,15
1700152020,11,17,4,27,15,15
1700152080,11,17,4,28,15,15
1700152140,11,17,4,29,15,15
1700152260,11,17,4,31,15,15
1700152320,11,17,4,32,15,15
1700152380,11,17,4,33,15,15
1700152440,11,17,4,34,15,15
1700152500,11,17,4,35,15,15
1700152560,11,17,4,36,15,15
1700152620,11,17,4,37,15,15
1700152680,11,17,4,38,15,15
1700152740,11,17,4,39,15,15
1700152860,11,17,4,41,15,15
1700152920,11,17,4,42,15,15
1700152980,11,17,4,43,15,15
1700153040,11,17,4,44,15,14
1700153100,11,17,4,45,15,13
1700153160,11,17,4,46,15,13
1700153220,11,17,4,47,15,13
1700153280,11,17,4,48,15,13
1700153340,11,17,4,49,15,13
1700153460,11,17,4,51,15,13
1700153520,11,17,4,52,15,13
1700153580,11,17,4,53,15,13
1700153640,11,17,4,54,15,13
1700153700,11,17,4,55,15,13
1700153760,11,17,4,56,15,13
1700153820,11,17,4,57,15,13
1700153880,11,17,4,58,15,13
1700153940,11,17,4,59,15,12
1700154060,11,17,4,61,15,12
1700154120,11,17,4,62,15,13
1700154180,11,17,4,63,15,13
1700154240,11,17,4,64,15,13
1700154300,11,17,4,65,15,13
1700154360,11,17,4,66,15,13
1700154420,11,17,4,67,15,14
1700154480,11,17,4,68,15,14
1700154540,11,17,4,69,15,14
1700154600,11,17,4,70,15,14
1700154660,11,17,4,71,15,14
1700154720,11,17,4,72,15,15
1700154780,11,17,4,73,15,15
1700154840,11,17,4,74,15,15
1700154900,11,17,4,75,15,15
1700154960,11,17,4,76,15,15
1700155020,11,17,4,77,15,15
1700155080,11,17,4,78,15,15
1700155140,11,17,4,79,15,15
1700155260,11,17,4,81,15,15
1700155320,11,17,4,82,15,15
1700155380,11,17,4,83,15,15
1700155440,11,17,4,84,15,15
1700155500,11,17,4,85,15,15
1700155560,11,17,4,86,15,15
1700155620,11,17,4,87,15,15
1700155680,11,17,4,88,15,15
1700155740,11,17,4,89,15,15
1700155800,11,17,4,90,15,15
1700155860,11,17,4,91,15,15
1700155920,11,17,4,92,15,15
1700155980,11,17,4,93,15,15
1700156040,11,17,4,94,15,15
1700156100,11,17,4,95,15,15
1700156160,11,17,4,96,15,15
1700156220,11,17,4,97,15,15
1700156280,11,17,4,98,15,15
1700156340,11,17,4,99,15,15
1700156400,11,17,4,100,15,15
1700156460,11,17,4,101,15,15
1700156520,11,17,4,102,15,15
1700156580,11,17,4,103,15,15
1700156640,11,17,4,104,15,15
1700156700,11,17,4,105,15,15
1700156760,11,17,4,106,15,15
1700156820,11,17,4,107,15,15
1700156880,11,17,4,108,15,15
1700156940,11,17,4,109,15,15
1700157000,11,17,4,110,15,15
1700157060,11,17,4,111,15,15
1700157180,11,17,4,113,15,15
1700157240,11,17,4,114,15,15
1700157300,11,17,4,115,15,15
1700157360,11,17,4,116,15,15
1700157420,11,17,4,117,15,15
1700157480,11,17,4,118,15,15
1700157540,11,17,4,119,15,15
1700157660,11,17,4,121,15,15
1700157720,11,17,4,122,15,15
1700157840,11,17,4,124,15,15
1700157900,11,17,4,125,15,15
1700157960,11,17,4,126,15,15
1700158020,11,17,4,127,15,15
1700158080,11,17,4,128,15,15
1700158140,11,17,4,129,15,15
1700158200,11,17,4,130,15,15
1700158260,11,17,4,131,15,15
1700158320,11,17,4,132,15,15
1700158380,11,17,4,133,15,15
1700158440,11,17,4,134,15,15
1700158500,11,17,4,135,15,15
1700158560,11,17,4,136,15,15
1700158620,11,17,4,137,15,15
1700158680,11,17,4,138,15,15
1700158740,11,17,4,139,15,15
1700158860,11,17,4,141,15,15
1700158920,11,17,4,142,15,15
1700158980,11,17,4,143,15,15
1700159040,11,17,4,144,15,15
1700159100,11,17,4,145,15,15
1700159160,11,17,4,146,15,15
1700159220,11,17,4,147,15,15
1700159280,11,17,4,148,15,15
1700159340,11,17,4,149,15,15
1700159400,11,17,4,150,15,15
1700159460,11,17,4,151,15,15
1700159520,11,17,4,152,15,15
1700159580,11,17,4,153,15,15
1700159640,11,17,4,154,15,15
1700159700,11,17,4,155,15,15
1700159760,11,17,4,156,15,15
1700159820,11,17,4,157,15,15
1700159880,11,17,4,158,15,15
1700159940,11,17,4,159,15,15
1700160000,11,17,4,160,15,15
1700160060,11,17,4,161,15,15
1700160120,11,17,4,162,15,15
1700160180,11,17,4,163,15,15
1700160240,11,17,4,164,15,15
1700160300,11,17,4,165,15,15
1700160360,11,17,4,166,15,15
1700160420,11,17,4,167,15,15
1700160480,11,17,4,168,15,15
1700160540,11,17,4,169,15,15
1700160600,11,17,4,170,15,15
1700160660,11,17,4,171,15,15
1700160720,11,17,4,172,15,15
1700160780,11,17,4,173,15,15
1700160840,11,17,4,174,15,15
1700160900,11,17,4,175,15,15
1700160960,11,17,4,176,15,15
1700161020,11,17,4,177,15,15
1700161080,11,17,4,178,15,15
1700161140,11,17,4,179,15,15
1700161200,11,17,4,180,15,15
1700161260,11,17,4,181,15,15
1700161320,11,17,4,182,15,15
1700161380,11,17,4,183,15,15
1700161440,11,17,4,184,15,15
1700161500,11,17,4,185,15,15
1700161560,11,17,4,186,15,15
1700161620,11,17,4,187,15,15
1700161680,11,17,4,188,15,15
1700161740,11,17,4,189,15,15
1700161800,11,17,4,190,15,15
1700161860,11,17,4,191,15,15
1700161920,11,17,4,192,15,15
1700161980,11,17,4,193,15,15
1700162040,11,17,4,194,15,15
1700162100,11,17,4,195,15,15
1700162160,11,17,4,196,15,15
1700162220,11,17,4,197,15,15
1700162280,11,17,4,198,15,15
1700162340,11,17,4,199,15,15
1700162460,11,17,4,201,15,15
1700162520,11,17,4,202,15,15
1700162580,11,17,4,203,15,15
1700162640,11,17,4,204,15,15
1700162700,11,17,4,205,15,15
1700162760,11,17,4,206,15,15
1700162820,11,17,4,207,15,15
1700162880,11,17,4,208,15,15
1700162940,11,17,4,209,15,15
1700163000,11,17,4,210,15,15
1700163060,11,17,4,211,15,15
1700163120,11,17,4,212,15,15
1700163180,11,17,4,213,15,15
1700163240,11,17,4,214,15,15
1700163300,11,17,4,215,15,15
1700163360,11,17,4,216,15,15
1700163480,11,17,4,218,15,15
1700163540,11,17,4,219,15,15
1700163660,11,17,4,221,15,15
1700163720,11,17,4,222,15,15
1700163780,11,17,4,223,15,15
1700163840,11,17,4,224,15,15
1700163900,11,17,4,225,15,15
1700163960,11,17,4,226,15,15
1700164020,11,17,4,227,15,15
1700164080,11,17,4,228,15,15
1700164140,11,17,4,229,15,15
1700164260,11,17,4,231,15,15
1700164320,11,17,4,232,15,15
1700164380,11,17,4,233,15,15
1700164440,11,17,4,234,15,15
1700164500,11,17,4,235,15,15
1700164560,11,17,4,236,15,15
1700164620,11,17,4,237,15,15
1700164680,11,17,4,238,15,15
1700164740,11,17,4,239,15,15
1700164860,11,17,4,241,15,15
1700164920,11,17,4,242,15,15
1700164980,11,17,4,243,15,15
1700165040,11,17,4,244,15,15
1700165100,11,17,4,245,15,15
1700165160,11,17,4,246,15,15
1700165220,11,17,4,247,15,15
1700165280,11,17,4,248,15,15
1700165340,11,17,4,249,15,15
1700165460,11,17,4,251,15,15
1700165520,11,17,4,252,15,15
1700165580,11,17,4,253,15,15
1700165640,11,17,4,254,15,15
1700165700,11,17,4,255,15,15
1700165760,11,17,4,256,15,15
1700165820,11,17,4,257,15,15
1700165880,11,17,4,258,15,15
1700165940,11,17,4,259,15,15
1700166060,11,17,4,261,15,15
1700166120,11,17,4,262,15,15
1700166180,11,17,4,263,15,15
1700166240,11,17,4,264,15,15
1700166300,11,17,4,265,15,15
1700166360,11,17,4,266,15,15
1700166420,11,17,4,267,15,15
1700166480,11,17,4,268,15,15
1700166540,11,17,4,269,15,15
1700166660,11,17,4,271,15,15
1700166720,11,17,4,272,15,15
1700166780,11,17,4,273,15,15
1700166840,11,17,4,274,15,15
1700166900,11,17,4,275,15,15
1700166960,11,17,4,276,15,15
1700167020,11,17,4,277,15,15
1700167080,11,17,4,278,15,15
1700167140,11,17,4,279,15,15
1700167260,11,17,4,281,15,15
1700167320,11,17,4,282,15,15
1700167380,11,17,4,283,15,15
1700167440,11,17,4,284,15,15
1700167500,11,17,4,285,15,15
1700167560,11,17,4,286,15,15
1700167620,11,17,4,287,15,15
1700167680,11,17,4,288,15,15
1700167740,11,17,4,289,15,15
1700167860,11,17,4,291,15,15
1700167920,11,17,4,292,15,15
1700167980,11,17,4,293,15,15
1700168040,11,17,4,294,15,15
1700168100,11,17,4,295,15,15
1700168160,11,17,4,296,15,15
1700168220,11,17,4,297,15,15
1700168280,11,17,4,298,15,15
1700168340,11,17,4,299,15,15
1700168400,11,17,4,300,15,15
1700168460,11,17,4,301,15,15
1700168520,11,17,4,302,15,15
1700168580,11,17,4,303,15,15
1700168640,11,17,4,304,15,15
1700168700,11,17,4,305,15,15
1700168760,11,17,4,306,15,15
1700168820,11,17,4,307,15,15
1700168880,11,17,4,308,15,15
1700168940,11,17,4,309,15,15
1700169000,11,17,4,310,15,15
1700169060,11,17,4,311,15,15
1700169120,11,17,4,312,15,15
1700169180,11,17,4,313,15,15
1700169240,11,17,4,314,15,15
1700169300,11,17,4,315,15,15
1700169360,11,17,4,316,15,15
1700169420,11,17,4,317,15,15
1700169480,11,17,4,318,15,15
1700169540,11,17,4,319,15,15
1700169660,11,17,4,321,15,15
1700169720,11,17,4,322,15,15
1700169780,11,17,4,323,15,15
1700169840,11,17,4,324,15,15
1700169900,11,17,4,325,15,15
1700169960,11,17,4,326,15,15
1700170020,11,17,4,327,15,15
1700170080,11,17,4,328,15,15
1700170140,11,17,4,329,15,15
1700170200,11,17,4,330,15,15
1700170260,11,17,4,331,15,15
1700170320,11,17,4,332,15,15
1700170380,11,17,4,333,15,15
1700170440,11,17,4,334,15,15
1700170500,11,17,4,335,15,15
1700170560,11,17,4,336,15,15
1700170620,11,17,4,337,15,15
1700170680,11,17,4,338,15,15
1700170740,11,17,4,339,15,15
1700170800,11,17,4,340,15,15
1700170860,11,17,4,341,15,15
1700170920,11,17,4,342,15,15
1700170980,11,17,4,343,15,15
1700171040,11,17,4,344,15,15
1700171100,11,17,4,345,15,15
1700171160,11,17,4,346,15,15
1700171220,11,17,4,347,15,15
1700171280,11,17,4,348,15,15
1700171340,11,17,4,349,15,15
1700171400,11,17,4,350,15,15
1700171460,11,17,4,351,15,15
1700171520,11,17,4,352,15,15
1700171580,11,17,4,353,15,15
1700171640,11,17,4,354,15,15
1700171700,11,17,4,355,15,15
1700171760,11,17,4,356,15,15
1700171820,11,17,4,357,15,15
1700171880,11,17,4,358,15,15
1700171940,11,17,4,359,15,15
1700172000,11,17,4,360,15,15
1700172060,11,17,4,361,15,15
1700172120,11,17,4,362,15,15
1700172180,11,17,4,363,15,15
1700172240,11,17,4,364,15,15
1700172300,11,17,4,365,15,15
1700172360,11,17,4,366,15,15
1700172420,11,17,4,367,15,15
1700172480,11,17,4,368,15,15
1700172540,11,17,4,369,15,15
1700172600,11,17,4,370,15,15
1700172660,11,17,4,371,15,15
1700172720,11,17,4,372,15,15
1700172780,11,17,4,373,15,15
1700172840,11,17,4,374,15,15
1700172900,11,17,4,375,15,15
1700172960,11,17,4,376,15,15
1700173020,11,17,4,377,15,15
1700173080,11,17,4,378,15,15
1700173140,11,17,4,379,15,15
1700173260,11,17,4,381,15,15
1700173320,11,17,4,382,15,15
1700173380,11,17,4,383,15,15
1700173440,11,17,4,384,15,15
1700173500,11,17,4,385,15,15
1700173560,11,17,4,386,15,15
1700173620,11,17,4,387,15,15
1700173680,11,17,4,388,15,15
1700173740,11,17,4,389,15,15
1700173800,11,17,4,390,15,15
1700173860,11,17,4,391,15,15
1700173920,11,17,4,392,15,15
1700173980,11,17,4,393,15,15
1700174040,11,17,4,394,15,15
1700174100,11,17,4,395,15,15
1700174160,11,17,4,396,15,15
1700174220,11,17,4,397,15,14
1700174280,11,17,4,398,15,14
1700174340,11,17,4,399,15,14
1700174400,11,17,4,400,15,14
1700174460,11,17,4,401,15,14
1700174520,11,17,4,402,15,14
1700174580,11,17,4,403,15,14
1700174640,11,17,4,404,15,14
1700174700,11,17,4,405,15,13
1700174760,11,17,4,406,15,13
1700174820,11,17,4,407,15,13
1700174880,11,17,4,408,15,13
1700174940,11,17,4,409,15,13
1700175000,11,17,4,410,15,13
1700175060,11,17,4,411,15,13
1700175120,11,17,4,412,15,13
1700175180,11,17,4,413,15,13
1700175240,11,17,4,414,15,13
1700175300,11,17,4,415,15,13
1700175360,11,17,4,416,15,11
1700175420,11,17,4,417,15,11
1700175480,11,17,4,418,15,11
1700175540,11,17,4,419,15,11
1700175660,11,17,4,421,15,10
1700175720,11,17,4,422,15,10
1700175780,11,17,4,423,15,11
1700175840,11,17,4,424,15,11
1700175900,11,17,4,425,15,11
1700175960,11,17,4,426,15,11
1700176020,11,17,4,427,15,11
1700176080,11,17,4,428,15,11
1700176140,11,17,4,429,15,11
1700176200,11,17,4,430,15,11
1700176260,11,17,4,431,15,11
1700176320,11,17,4,432,15,11
1700176380,11,17,4,433,15,11
1700176440,11,17,4,434,15,10
1700176500,11,17,4,435,15,10
1700176560,11,17,4,436,15,10
1700176620,11,17,4,437,15,10
1700176680,11,17,4,438,15,10
1700176740,11,17,4,439,15,10
1700176860,11,17,4,441,15,10
1700176920,11,17,4,442,15,10
1700176980,11,17,4,443,15,10
1700177040,11,17,4,444,15,10
1700177100,11,17,4,445,15,11
1700177160,11,17,4,446,15,11
1700177220,11,17,4,447,15,11
1700177280,11,17,4,448,15,11
1700177340,11,17,4,449,15,11
1700177460,11,17,4,451,15,11
1700177520,11,17,4,452,15,11
1700177580,11,17,4,453,15,11
1700177640,11,17,4,454,15,12
1700177700,11,17,4,455,15,13
1700177760,11,17,4,456,15,13
1700177820,11,17,4,457,15,13
1700177880,11,17,4,458,15,13
1700177940,11,17,4,459,15,13
1700178000,11,17,4,460,15,13
1700178060,11,17,4,461,15,13
1700178120,11,17,4,462,15,13
1700178180,11,17,4,463,15,13
1700178240,11,17,4,464,15,13
1700178300,11,17,4,465,15,14
1700178360,11,17,4,466,15,14
1700178420,11,17,4,467,15,14
1700178480,11,17,4,468,15,15
1700178540,11,17,4,469,15,15
1700178600,11,17,4,470,15,15
1700178660,11,17,4,471,15,15
1700178720,11,17,4,472,15,14
1700178780,11,17,4,473,15,13
1700178840,11,17,4,474,15,13
1700178960,11,17,4,476,15,13
1700179080,11,17,4,478,15,14
1700179140,11,17,4,479,15,14
1700179260,11,17,4,481,15,13
1700179320,11,17,4,482,15,13
1700179380,11,17,4,483,15,13
1700179440,11,17,4,484,15,13
1700179500,11,17,4,485,15,13
1700179560,11,17,4,486,15,12
1700179620,11,17,4,487,15,11
1700179680,11,17,4,488,15,12
1700179740,11,17,4,489,15,12
1700179860,11,17,4,491,15,11
1700179920,11,17,4,492,15,11
1700179980,11,17,4,493,15,11
1700180040,11,17,4,494,15,11
1700180100,11,17,4,495,15,10
1700180160,11,17,4,496,15,10
1700180220,11,17,4,497,15,10
1700180280,11,17,4,498,15,7
1700180340,11,17,4,499,15,9
1700180460,11,17,4,501,15,7
1700180520,11,17,4,502,15,7
1700180580,11,17,4,503,15,6
1700180640,11,17,4,504,15,5
1700180700,11,17,4,505,15,6
1700180760,11,17,4,506,15,6
1700180820,11,17,4,507,15,6
1700180880,11,17,4,508,15,6
1700180940,11,17,4,509,15,5
1700181060,11,17,4,511,15,5
1700181120,11,17,4,512,15,5
1700181180,11,17,4,513,15,5
1700181240,11,17,4,514,15,5
1700181300,11,17,4,515,15,6
1700181360,11,17,4,516,15,6
1700181420,11,17,4,517,15,6
1700181480,11,17,4,518,15,6
1700181540,11,17,4,519,15,6
1700181600,11,17,4,520,15,5
1700181660,11,17,4,521,15,1
1700181720,11,17,4,522,15,2
1700181780,11,17,4,523,15,2
1700181840,11,17,4,524,15,2
1700181900,11,17,4,525,15,1
1700181960,11,17,4,526,15,0
1700182020,11,17,4,527,15,0
1700182080,11,17,4,528,15,0
1700182140,11,17,4,529,15,0
1700182260,11,17,4,531,15,0
1700182320,11,17,4,532,15,1
1700182380,11,17,4,533,15,3
1700182440,11,17,4,534,15,3
1700182500,11,17,4,535,15,3
1700182560,11,17,4,536,15,4
1700182620,11,17,4,537,15,3
1700182680,11,17,4,538,15,1
1700182740,11,17,4,539,15,3
1700182860,11,17,4,541,15,0
1700182920,11,17,4,542,15,1
1700182980,11,17,4,543,15,0
1700183040,11,17,4,544,15,0
1700183100,11,17,4,545,15,1
1700183160,11,17,4,546,15,0
1700183220,11,17,4,547,15,0
1700183280,11,17,4,548,15,0
1700183340,11,17,4,549,15,0
1700183400,11,17,4,550,15,0
1700183460,11,17,4,551,15,0
1700183520,11,17,4,552,15,1
1700183580,11,17,4,553,15,0
1700183640,11,17,4,554,15,0
1700183700,11,17,4,555,15,1
1700183760,11,17,4,556,15,1
1700183820,11,17,4,557,15,1
1700183880,11,17,4,558,15,1
1700183940,11,17,4,559,15,1
1700184060,11,17,4,561,15,0
1700184120,11,17,4,562,15,0
1700184180,11,17,4,563,15,0
1700184240,11,17,4,564,15,0
1700184300,11,17,4,565,15,1
1700184360,11,17,4,566,15,1
1700184420,11,17,4,567,15,0
1700184480,11,17,4,568,15,1
1700184540,11,17,4,569,15,1
1700184660,11,17,4,571,15,1
1700184720,11,17,4,572,15,0
1700184780,11,17,4,573,15,0
1700184840,11,17,4,574,15,0
1700184900,11,17,4,575,15,1
1700184960,11,17,4,576,15,1
1700185020,11,17,4,577,15,0
1700185080,11,17,4,578,15,0
1700185140,11,17,4,579,15,0
1700185200,11,17,4,580,15,0
1700185260,11,17,4,581,15,0
1700185320,11,17,4,582,15,0
1700185380,11,17,4,583,15,0
1700185440,11,17,4,584,15,0
1700185500,11,17,4,585,15,0
1700185560,11,17,4,586,15,0
1700185620,11,17,4,587,15,0
1700185680,11,17,4,588,15,0
1700185740,11,17,4,589,15,0
1700185800,11,17,4,590,15,0
1700185860,11,17,4,591,15,0
1700185920,11,17,4,592,15,1
1700185980,11,17,4,593,15,0
1700186040,11,17,4,594,15,0
1700186100,11,17,4,595,15,0
1700186160,11,17,4,596,15,0
1700186220,11,17,4,597,15,0
1700186280,11,17,4,598,15,0
1700186340,11,17,4,599,15,0
1700186460,11,17,4,601,15,0
1700186520,11,17,4,602,15,0
1700186580,11,17,4,603,15,0
1700186640,11,17,4,604,15,0
1700186700,11,17,4,605,15,1
1700186760,11,17,4,606,15,0
1700186820,11,17,4,607,15,0
1700186880,11,17,4,608,15,0
1700186940,11,17,4,609,15,0
1700187000,11,17,4,610,15,0
1700187060,11,17,4,611,15,0
1700187120,11,17,4,612,15,0
1700187180,11,17,4,613,15,0
1700187240,11,17,4,614,15,0
1700187300,11,17,4,615,15,0
1700187360,11,17,4,616,15,1
1700187420,11,17,4,617,15,0
1700187480,11,17,4,618,15,0
1700187540,11,17,4,619,15,0
1700187660,11,17,4,621,15,0
1700187720,11,17,4,622,15,0
1700187780,11,17,4,623,15,0
1700187840,11,17,4,624,15,0
1700187900,11,17,4,625,15,0
1700187960,11,17,4,626,15,0
1700188020,11,17,4,627,15,0
1700188080,11,17,4,628,15,0
1700188140,11,17,4,629,15,0
1700188260,11,17,4,631,15,0
1700188320,11,17,4,632,15,0
1700188380,11,17,4,633,15,0
1700188440,11,17,4,634,15,0
1700188500,11,17,4,635,15,0
1700188560,11,17,4,636,15,0
1700188620,11,17,4,637,15,0
1700188680,11,17,4,638,15,0
1700188740,11,17,4,639,15,0
1700188800,11,17,4,640,15,0
1700188860,11,17,4,641,15,0
1700188920,11,17,4,642,15,1
1700188980,11,17,4,643,15,1
1700189040,11,17,4,644,15,0
1700189100,11,17,4,645,15,0
1700189160,11,17,4,646,15,0
1700189220,11,17,4,647,15,0
1700189280,11,17,4,648,15,0
1700189340,11,17,4,649,15,1
1700189400,11,17,4,650,15,2
1700189460,11,17,4,651,15,1
1700189520,11,17,4,652,15,2
1700189580,11,17,4,653,15,2
1700189640,11,17,4,654,15,1
1700189700,11,17,4,655,15,1
1700189760,11,17,4,656,15,1
1700189820,11,17,4,657,15,1
1700189880,11,17,4,658,15,1
1700189940,11,17,4,659,15,1
1700190060,11,17,4,661,15,0
1700190120,11,17,4,662,15,1
1700190180,11,17,4,663,15,1
1700190240,11,17,4,664,15,1
1700190300,11,17,4,665,15,1
1700190360,11,17,4,666,15,1
1700190420,11,17,4,667,15,1
1700190480,11,17,4,668,15,1
1700190540,11,17,4,669,15,1
1700190600,11,17,4,670,15,1
1700190660,11,17,4,671,15,0
1700190720,11,17,4,672,15,1
1700190780,11,17,4,673,15,2
1700190840,11,17,4,674,15,0
1700190900,11,17,4,675,15,0
1700190960,11,17,4,676,15,0
1700191020,11,17,4,677,15,0
1700191080,11,17,4,678,15,0
1700191140,11,17,4,679,15,0
1700191260,11,17,4,681,15,0
1700191320,11,17,4,682,15,0
1700191380,11,17,4,683,15,0
1700191440,11,17,4,684,15,0
1700191500,11,17,4,685,15,0
1700191560,11,17,4,686,15,0
1700191620,11,17,4,687,15,0
1700191680,11,17,4,688,15,0
1700191740,11,17,4,689,15,0
1700191860,11,17,4,691,15,0
1700191920,11,17,4,692,15,2
1700191980,11,17,4,693,15,1
1700192040,11,17,4,694,15,1
1700192100,11,17,4,695,15,2
1700192160,11,17,4,696,15,3
1700192220,11,17,4,697,15,3
1700192280,11,17,4,698,15,3
1700192340,11,17,4,699,15,3
1700192400,11,17,4,700,15,3
1700192460,11,17,4,701,15,3
1700192520,11,17,4,702,15,3
1700192580,11,17,4,703,15,3
1700192640,11,17,4,704,15,3
1700192700,11,17,4,705,15,3
1700192760,11,17,4,706,15,3
1700192820,11,17,4,707,15,3
1700192880,11,17,4,708,15,3
1700192940,11,17,4,709,15,4
1700193000,11,17,4,710,15,3
1700193120,11,17,4,712,15,1
1700193180,11,17,4,713,15,1
1700193240,11,17,4,714,15,1
1700193300,11,17,4,715,15,1
1700193360,11,17,4,716,15,0
1700193420,11,17,4,717,15,0
1700193480,11,17,4,718,15,0
1700193540,11,17,4,719,15,0
1700193660,11,17,4,721,15,0
1700193720,11,17,4,722,15,2
1700193780,11,17,4,723,15,2
1700193840,11,17,4,724,15,2
1700193900,11,17,4,725,15,2
1700193960,11,17,4,726,15,2
1700194020,11,17,4,727,15,0
1700194080,11,17,4,728,15,0
1700194140,11,17,4,729,15,1
1700194260,11,17,4,731,15,1
1700194320,11,17,4,732,15,1
1700194380,11,17,4,733,15,1
1700194440,11,17,4,734,15,1
1700194500,11,17,4,735,15,1
1700194560,11,17,4,736,15,0
1700194620,11,17,4,737,15,0
1700194680,11,17,4,738,15,0
1700194740,11,17,4,739,15,1
1700194860,11,17,4,741,15,0
1700194920,11,17,4,742,15,0
1700194980,11,17,4,743,15,0
1700195040,11,17,4,744,15,0
1700195100,11,17,4,745,15,0
1700195160,11,17,4,746,15,2
1700195220,11,17,4,747,15,1
1700195280,11,17,4,748,15,1
1700195340,11,17,4,749,15,1
1700195460,11,17,4,751,15,0
1700195520,11,17,4,752,15,1
1700195580,11,17,4,753,15,1
1700195640,11,17,4,754,15,1
1700195700,11,17,4,755,15,2
1700195760,11,17,4,756,15,2
1700195820,11,17,4,757,15,2
1700195880,11,17,4,758,15,1
1700195940,11,17,4,759,15,0
1700196060,11,17,4,761,15,0
1700196120,11,17,4,762,15,0
1700196180,11,17,4,763,15,0
1700196240,11,17,4,764,15,0
1700196300,11,17,4,765,15,0
1700196360,11,17,4,766,15,0
1700196420,11,17,4,767,15,0
1700196480,11,17,4,768,15,0
1700196540,11,17,4,769,15,0
1700196600,11,17,4,770,15,0
1700196660,11,17,4,771,15,0
1700196720,11,17,4,772,15,0
1700196780,11,17,4,773,15,0
1700196840,11,17,4,774,15,0
1700196900,11,17,4,775,15,0
1700196960,11,17,4,776,15,1
1700197020,11,17,4,777,15,1
1700197080,11,17,4,778,15,1
1700197140,11,17,4,779,15,1
1700197260,11,17,4,781,15,0
1700197320,11,17,4,782,15,0
1700197380,11,17,4,783,15,0
1700197440,11,17,4,784,15,0
1700197500,11,17,4,785,15,0
1700197560,11,17,4,786,15,0
1700197620,11,17,4,787,15,0
1700197680,11,17,4,788,15,0
1700197740,11,17,4,789,15,0
1700197800,11,17,4,790,15,0
1700197860,11,17,4,791,15,0
1700197920,11,17,4,792,15,0
1700197980,11,17,4,793,15,0
1700198040,11,17,4,794,15,2
1700198100,11,17,4,795,15,1
1700198160,11,17,4,796,15,1
1700198220,11,17,4,797,15,1
1700198280,11,17,4,798,15,1
1700198340,11,17,4,799,15,1
1700198460,11,17,4,801,15,0
1700198520,11,17,4,802,15,0
1700198580,11,17,4,803,15,0
1700198640,11,17,4,804,15,0
1700198700,11,17,4,805,15,0
1700198760,11,17,4,806,15,1
1700198820,11,17,4,807,15,1
1700198880,11,17,4,808,15,1
1700198940,11,17,4,809,15,1
1700199000,11,17,4,810,15,1
1700199060,11,17,4,811,15,0
1700199120,11,17,4,812,15,0
1700199180,11,17,4,813,15,0
1700199240,11,17,4,814,15,1
1700199300,11,17,4,815,15,0
1700199360,11,17,4,816,15,0
1700199420,11,17,4,817,15,0
1700199480,11,17,4,818,15,0
1700199540,11,17,4,819,15,0
1700199600,11,17,4,820,15,1
1700199660,11,17,4,821,15,1
1700199720,11,17,4,822,15,1
1700199780,11,17,4,823,15,0
1700199840,11,17,4,824,15,0
1700199900,11,17,4,825,15,0
1700199960,11,17,4,826,15,0
1700200020,11,17,4,827,15,0
1700200080,11,17,4,828,15,0
1700200140,11,17,4,829,15,0
1700200200,11,17,4,830,15,1
1700200260,11,17,4,831,15,1
1700200320,11,17,4,832,15,1
1700200380,11,17,4,833,15,1
1700200440,11,17,4,834,15,1
1700200500,11,17,4,835,15,1
1700200560,11,17,4,836,15,1
1700200620,11,17,4,837,15,1
1700200680,11,17,4,838,15,4
1700200740,11,17,4,839,15,4
1700200860,11,17,4,841,15,4
1700200920,11,17,4,842,15,3
1700200980,11,17,4,843,15,3
1700201040,11,17,4,844,15,2
1700201100,11,17,4,845,15,0
1700201160,11,17,4,846,15,0
1700201220,11,17,4,847,15,0
1700201280,11,17,4,848,15,0
1700201340,11,17,4,849,15,0
1700201400,11,17,4,850,15,2
1700201460,11,17,4,851,15,2
1700201520,11,17,4,852,15,1
1700201580,11,17,4,853,15,1
1700201640,11,17,4,854,15,1
1700201700,11,17,4,855,15,0
1700201760,11,17,4,856,15,0
1700201820,11,17,4,857,15,0
1700201880,11,17,4,858,15,1
1700201940,11,17,4,859,15,1
1700202060,11,17,4,861,15,1
1700202120,11,17,4,862,15,1
1700202180,11,17,4,863,15,1
1700202240,11,17,4,864,15,1
1700202300,11,17,4,865,15,0
1700202360,11,17,4,866,15,0
1700202420,11,17,4,867,15,0
1700202480,11,17,4,868,15,0
1700202540,11,17,4,869,15,0
1700202660,11,17,4,871,15,0
1700202720,11,17,4,872,15,0
1700202780,11,17,4,873,15,0
1700202840,11,17,4,874,15,1
1700202900,11,17,4,875,15,1
1700202960,11,17,4,876,15,0
1700203020,11,17,4,877,15,0
1700203080,11,17,4,878,15,0
1700203140,11,17,4,879,15,0
1700203200,11,17,4,880,15,0
1700203260,11,17,4,881,15,0
1700203320,11,17,4,882,15,1
1700203380,11,17,4,883,15,2
1700203440,11,17,4,884,15,2
1700203500,11,17,4,885,15,2
1700203560,11,17,4,886,15,2
1700203620,11,17,4,887,15,2
1700203680,11,17,4,888,15,2
1700203740,11,17,4,889,15,2
1700203800,11,17,4,890,15,2
1700203860,11,17,4,891,15,2
1700203920,11,17,4,892,15,2
1700203980,11,17,4,893,15,2
1700204040,11,17,4,894,15,2
1700204100,11,17,4,895,15,2
1700204160,11,17,4,896,15,2
1700204220,11,17,4,897,15,2
1700204280,11,17,4,898,15,1
1700204340,11,17,4,899,15,1
1700204460,11,17,4,901,15,1
1700204520,11,17,4,902,15,1
1700204580,11,17,4,903,15,1
1700204640,11,17,4,904,15,1
1700204700,11,17,4,905,15,1
1700204760,11,17,4,906,15,3
1700204820,11,17,4,907,15,3
1700204880,11,17,4,908,15,3
1700204940,11,17,4,909,15,3
1700205000,11,17,4,910,15,3
1700205060,11,17,4,911,15,3
1700205120,11,17,4,912,15,1
1700205180,11,17,4,913,15,2
1700205240,11,17,4,914,15,0
1700205300,11,17,4,915,15,0
1700205360,11,17,4,916,15,0
1700205420,11,17,4,917,15,0
1700205480,11,17,4,918,15,0
1700205540,11,17,4,919,15,0
1700205660,11,17,4,921,15,0
1700205720,11,17,4,922,15,0
1700205780,11,17,4,923,15,0
1700205840,11,17,4,924,15,0
1700205960,11,17,4,926,15,0
1700206020,11,17,4,927,15,0
1700206080,11,17,4,928,15,0
1700206140,11,17,4,929,15,0
1700206260,11,17,4,931,15,1
1700206320,11,17,4,932,15,1
1700206380,11,17,4,933,15,0
1700206440,11,17,4,934,15,1
1700206500,11,17,4,935,15,2
1700206560,11,17,4,936,15,2
1700206620,11,17,4,937,15,2
1700206680,11,17,4,938,15,2
1700206740,11,17,4,939,15,2
1700206860,11,17,4,941,15,2
1700206920,11,17,4,942,15,3
1700206980,11,17,4,943,15,3
1700207040,11,17,4,944,15,3
1700207100,11,17,4,945,15,3
1700207160,11,17,4,946,15,3
1700207220,11,17,4,947,15,3
1700207280,11,17,4,948,15,3
1700207340,11,17,4,949,15,3
1700207460,11,17,4,951,15,2
1700207520,11,17,4,952,15,2
1700207580,11,17,4,953,15,2
1700207640,11,17,4,954,15,1
1700207700,11,17,4,955,15,1
1700207760,11,17,4,956,15,1
1700207820,11,17,4,957,15,1
1700207880,11,17,4,958,15,1
1700207940,11,17,4,959,15,1
1700208060,11,17,4,961,15,1
1700208120,11,17,4,962,15,1
1700208180,11,17,4,963,15,1
1700208240,11,17,4,964,15,1
1700208300,11,17,4,965,15,1
1700208360,11,17,4,966,15,1
1700208420,11,17,4,967,15,1
1700208480,11,17,4,968,15,1
1700208540,11,17,4,969,15,2
1700208660,11,17,4,971,15,3
1700208720,11,17,4,972,15,3
1700208780,11,17,4,973,15,3
1700208840,11,17,4,974,15,2
1700208900,11,17,4,975,15,2
1700208960,11,17,4,976,15,2
1700209020,11,17,4,977,15,2
1700209080,11,17,4,978,15,2
1700209140,11,17,4,979,15,2
1700209260,11,17,4,981,15,0
1700209320,11,17,4,982,15,0
1700209380,11,17,4,983,15,0
1700209440,11,17,4,984,15,0
1700209500,11,17,4,985,15,0
1700209560,11,17,4,986,15,1
1700209620,11,17,4,987,15,0
1700209680,11,17,4,988,15,0
1700209740,11,17,4,989,15,0
1700209800,11,17,4,990,15,0
1700209920,11,17,4,992,15,0
1700209980,11,17,4,993,15,1
1700210040,11,17,4,994,15,1
1700210100,11,17,4,995,15,1
1700210160,11,17,4,996,15,1
1700210220,11,17,4,997,15,0
1700210280,11,17,4,998,15,0
1700210340,11,17,4,999,15,1
1700210460,11,17,4,1001,15,0
1700210520,11,17,4,1002,15,0
1700210580,11,17,4,1003,15,0
1700210640,11,17,4,1004,15,0
1700210700,11,17,4,1005,15,2
1700210760,11,17,4,1006,15,2
1700210820,11,17,4,1007,15,1
1700210880,11,17,4,1008,15,1
1700210940,11,17,4,1009,15,1
1700211060,11,17,4,1011,15,1
1700211120,11,17,4,1012,15,0
1700211180,11,17,4,1013,15,1
1700211240,11,17,4,1014,15,1
1700211300,11,17,4,1015,15,1
1700211360,11,17,4,1016,15,0
1700211420,11,17,4,1017,15,0
1700211480,11,17,4,1018,15,0
1700211540,11,17,4,1019,15,0
1700211660,11,17,4,1021,15,1
1700211720,11,17,4,1022,15,1
1700211780,11,17,4,1023,15,0
1700211840,11,17,4,1024,15,0
1700211900,11,17,4,1025,15,0
1700211960,11,17,4,1026,15,0
1700212020,11,17,4,1027,15,0
1700212080,11,17,4,1028,15,0
1700212140,11,17,4,1029,15,0
1700212260,11,17,4,1031,15,0
1700212320,11,17,4,1032,15,0
1700212380,11,17,4,1033,15,0
1700212440,11,17,4,1034,15,0
1700212500,11,17,4,1035,15,0
1700212560,11,17,4,1036,15,0
1700212620,11,17,4,1037,15,0
1700212680,11,17,4,1038,15,0
1700212740,11,17,4,1039,15,0
1700212860,11,17,4,1041,15,0
1700212920,11,17,4,1042,15,0
1700212980,11,17,4,1043,15,0
1700213040,11,17,4,1044,15,0
1700213100,11,17,4,1045,15,0
1700213160,11,17,4,1046,15,0
1700213220,11,17,4,1047,15,0
1700213280,11,17,4,1048,15,0
1700213340,11,17,4,1049,15,0
1700213460,11,17,4,1051,15,0
1700213520,11,17,4,1052,15,0
1700213580,11,17,4,1053,15,1
1700213640,11,17,4,1054,15,1
1700213700,11,17,4,1055,15,1
1700213760,11,17,4,1056,15,1
1700213820,11,17,4,1057,15,2
1700213880,11,17,4,1058,15,1
1700213940,11,17,4,1059,15,0
1700214000,11,17,4,1060,15,0
1700214060,11,17,4,1061,15,0
1700214120,11,17,4,1062,15,0
1700214180,11,17,4,1063,15,0
1700214240,11,17,4,1064,15,0
1700214300,11,17,4,1065,15,0
1700214360,11,17,4,1066,15,0
1700214420,11,17,4,1067,15,0
1700214480,11,17,4,1068,15,0
1700214540,11,17,4,1069,15,0
1700214600,11,17,4,1070,15,0
1700214660,11,17,4,1071,15,0
1700214720,11,17,4,1072,15,0
1700214780,11,17,4,1073,15,0
1700214840,11,17,4,1074,15,0
1700214900,11,17,4,1075,15,0
1700214960,11,17,4,1076,15,0
1700215020,11,17,4,1077,15,0
1700215080,11,17,4,1078,15,0
1700215140,11,17,4,1079,15,0
1700215260,11,17,4,1081,15,2
1700215320,11,17,4,1082,15,1
1700215380,11,17,4,1083,15,1
1700215440,11,17,4,1084,15,0
1700215500,11,17,4,1085,15,0
1700215560,11,17,4,1086,15,0
1700215620,11,17,4,1087,15,0
1700215680,11,17,4,1088,15,1
1700215740,11,17,4,1089,15,0
1700215800,11,17,4,1090,15,0
1700215860,11,17,4,1091,15,0
1700215920,11,17,4,1092,15,0
1700215980,11,17,4,1093,15,0
1700216040,11,17,4,1094,15,0
1700216100,11,17,4,1095,15,0
1700216160,11,17,4,1096,15,0
1700216220,11,17,4,1097,15,0
1700216280,11,17,4,1098,15,1
1700216340,11,17,4,1099,15,1
1700216460,11,17,4,1101,15,7
1700216520,11,17,4,1102,15,3
1700216580,11,17,4,1103,15,1
1700216640,11,17,4,1104,15,0
1700216700,11,17,4,1105,15,1
1700216760,11,17,4,1106,15,1
1700216820,11,17,4,1107,15,0
1700216880,11,17,4,1108,15,0
1700216940,11,17,4,1109,15,1
1700217060,11,17,4,1111,15,0
1700217120,11,17,4,1112,15,0
1700217180,11,17,4,1113,15,0
1700217240,11,17,4,1114,15,0
1700217300,11,17,4,1115,15,0
1700217360,11,17,4,1116,15,0
1700217420,11,17,4,1117,15,0
1700217480,11,17,4,1118,15,0
1700217540,11,17,4,1119,15,0
1700217600,11,17,4,1120,15,0
1700217660,11,17,4,1121,15,0
1700217720,11,17,4,1122,15,1
1700217780,11,17,4,1123,15,0
1700217840,11,17,4,1124,15,0
1700217900,11,17,4,1125,15,0
1700217960,11,17,4,1126,15,0
1700218020,11,17,4,1127,15,0
1700218080,11,17,4,1128,15,0
1700218140,11,17,4,1129,15,0
1700218200,11,17,4,1130,15,0
1700218260,11,17,4,1131,15,0
1700218320,11,17,4,1132,15,0
1700218380,11,17,4,1133,15,0
1700218440,11,17,4,1134,15,0
1700218500,11,17,4,1135,15,0
1700218560,11,17,4,1136,15,0
1700218620,11,17,4,1137,15,0
1700218680,11,17,4,1138,15,0
1700218740,11,17,4,1139,15,0
1700218860,11,17,4,1141,15,0
1700218920,11,17,4,1142,15,0
1700218980,11,17,4,1143,15,0
1700219040,11,17,4,1144,15,0
1700219100,11,17,4,1145,15,0
1700219160,11,17,4,1146,15,0
1700219220,11,17,4,1147,15,0
1700219280,11,17,4,1148,15,0
1700219340,11,17,4,1149,15,0
1700219400,11,17,4,1150,15,0
1700219460,11,17,4,1151,15,0
1700219520,11,17,4,1152,15,0
1700219580,11,17,4,1153,15,0
1700219640,11,17,4,1154,15,0
1700219700,11,17,4,1155,15,0
1700219760,11,17,4,1156,15,0
1700219820,11,17,4,1157,15,0
1700219880,11,17,4,1158,15,1
1700219940,11,17,4,1159,15,0
1700220060,11,17,4,1161,15,1
1700220120,11,17,4,1162,15,1
1700220180,11,17,4,1163,15,1
1700220240,11,17,4,1164,15,1
1700220300,11,17,4,1165,15,1
1700220360,11,17,4,1166,15,0
1700220420,11,17,4,1167,15,0
1700220480,11,17,4,1168,15,0
1700220540,11,17,4,1169,15,0
1700220600,11,17,4,1170,15,0
1700220720,11,17,4,1172,15,0
1700220780,11,17,4,1173,15,0
1700220840,11,17,4,1174,15,0
1700220900,11,17,4,1175,15,0
1700220960,11,17,4,1176,15,0
1700221020,11,17,4,1177,15,0
1700221080,11,17,4,1178,15,0
1700221140,11,17,4,1179,15,0
1700221200,11,17,4,1180,15,0
1700221260,11,17,4,1181,15,0
1700221320,11,17,4,1182,15,1
1700221380,11,17,4,1183,15,1
1700221440,11,17,4,1184,15,0
1700221500,11,17,4,1185,15,0
1700221560,11,17,4,1186,15,0
1700221680,11,17,4,1188,15,0
1700221740,11,17,4,1189,15,0
1700221860,11,17,4,1191,15,0
1700221920,11,17,4,1192,15,0
1700221980,11,17,4,1193,15,0
1700222040,11,17,4,1194,15,0
1700222100,11,17,4,1195,15,0
1700222160,11,17,4,1196,15,0
1700222220,11,17,4,1197,15,0
1700222280,11,17,4,1198,15,0
1700222340,11,17,4,1199,15,0
1700222460,11,17,4,1201,15,0
1700222520,11,17,4,1202,15,1
1700222580,11,17,4,1203,15,1
1700222640,11,17,4,1204,15,1
1700222700,11,17,4,1205,15,1
1700222760,11,17,4,1206,15,0
1700222820,11,17,4,1207,15,0
1700222880,11,17,4,1208,15,0
1700222940,11,17,4,1209,15,0
1700223060,11,17,4,1211,15,0
1700223120,11,17,4,1212,15,0
1700223180,11,17,4,1213,15,0
1700223240,11,17,4,1214,15,3
1700223300,11,17,4,1215,15,2
1700223360,11,17,4,1216,15,2
1700223420,11,17,4,1217,15,2
1700223480,11,17,4,1218,15,4
1700223540,11,17,4,1219,15,4
1700223660,11,17,4,1221,15,4
1700223720,11,17,4,1222,15,6
1700223780,11,17,4,1223,15,6
1700223840,11,17,4,1224,15,6
1700223900,11,17,4,1225,15,6
1700223960,11,17,4,1226,15,6
1700224020,11,17,4,1227,15,6
1700224080,11,17,4,1228,15,6
1700224140,11,17,4,1229,15,6
1700224260,11,17,4,1231,15,6
1700224320,11,17,4,1232,15,6
1700224380,11,17,4,1233,15,6
1700224440,11,17,4,1234,15,9
1700224500,11,17,4,1235,15,9
1700224560,11,17,4,1236,15,9
1700224620,11,17,4,1237,15,10
1700224680,11,17,4,1238,15,10
1700224740,11,17,4,1239,15,10
1700224860,11,17,4,1241,15,10
1700224920,11,17,4,1242,15,10
1700224980,11,17,4,1243,15,9
1700225040,11,17,4,1244,15,8
1700225100,11,17,4,1245,15,8
1700225160,11,17,4,1246,15,7
1700225220,11,17,4,1247,15,6
1700225280,11,17,4,1248,15,6
1700225340,11,17,4,1249,15,6
1700225460,11,17,4,1251,15,7
1700225520,11,17,4,1252,15,7
1700225580,11,17,4,1253,15,7
1700225640,11,17,4,1254,15,8
1700225700,11,17,4,1255,15,8
1700225760,11,17,4,1256,15,9
1700225820,11,17,4,1257,15,8
1700225880,11,17,4,1258,15,8
1700225940,11,17,4,1259,15,8
1700226060,11,17,4,1261,15,8
1700226120,11,17,4,1262,15,8
1700226180,11,17,4,1263,15,8
1700226240,11,17,4,1264,15,6
1700226300,11,17,4,1265,15,6
1700226360,11,17,4,1266,15,6
1700226420,11,17,4,1267,15,4
1700226480,11,17,4,1268,15,4
1700226540,11,17,4,1269,15,4
1700226660,11,17,4,1271,15,4
1700226720,11,17,4,1272,15,3
1700226780,11,17,4,1273,15,3
1700226840,11,17,4,1274,15,3
1700226900,11,17,4,1275,15,3
1700226960,11,17,4,1276,15,3
1700227020,11,17,4,1277,15,3
1700227080,11,17,4,1278,15,5
1700227140,11,17,4,1279,15,5
1700227260,11,17,4,1281,15,5
1700227320,11,17,4,1282,15,6
1700227380,11,17,4,1283,15,6
1700227440,11,17,4,1284,15,6
1700227500,11,17,4,1285,15,6
1700227560,11,17,4,1286,15,6
1700227620,11,17,4,1287,15,6
1700227680,11,17,4,1288,15,6
1700227740,11,17,4,1289,15,6
1700227860,11,17,4,1291,15,8
1700227920,11,17,4,1292,15,8
1700227980,11,17,4,1293,15,8
1700228040,11,17,4,1294,15,9
1700228100,11,17,4,1295,15,9
1700228160,11,17,4,1296,15,9
1700228220,11,17,4,1297,15,9
1700228280,11,17,4,1298,15,9
1700228340,11,17,4,1299,15,9
1700228400,11,17,4,1300,15,9
1700228460,11,17,4,1301,15,9
1700228520,11,17,4,1302,15,8
1700228580,11,17,4,1303,15,7
1700228640,11,17,4,1304,15,7
1700228700,11,17,4,1305,15,7
1700228760,11,17,4,1306,15,8
1700228820,11,17,4,1307,15,7
1700228880,11,17,4,1308,15,7
1700228940,11,17,4,1309,15,7
1700229000,11,17,4,1310,15,7
1700229060,11,17,4,1311,15,7
1700229120,11,17,4,1312,15,6
1700229180,11,17,4,1313,15,6
1700229240,11,17,4,1314,15,6
1700229300,11,17,4,1315,15,6
1700229360,11,17,4,1316,15,5
1700229420,11,17,4,1317,15,5
1700229480,11,17,4,1318,15,5
1700229540,11,17,4,1319,15,5
1700229600,11,17,4,1320,15,5
1700229720,11,17,4,1322,15,5
1700229780,11,17,4,1323,15,5
1700229840,11,17,4,1324,15,5
1700229900,11,17,4,1325,15,5
1700229960,11,17,4,1326,15,7
1700230020,11,17,4,1327,15,7
1700230080,11,17,4,1328,15,7
1700230140,11,17,4,1329,15,7
1700230200,11,17,4,1330,15,9
1700230260,11,17,4,1331,15,9
1700230320,11,17,4,1332,15,9
1700230380,11,17,4,1333,15,9
1700230440,11,17,4,1334,15,9
1700230500,11,17,4,1335,15,9
1700230560,11,17,4,1336,15,10
1700230620,11,17,4,1337,15,10
1700230680,11,17,4,1338,15,11
1700230740,11,17,4,1339,15,10
1700230860,11,17,4,1341,15,10
1700230920,11,17,4,1342,15,10
1700230980,11,17,4,1343,15,10
1700231040,11,17,4,1344,15,10
1700231100,11,17,4,1345,15,10
1700231160,11,17,4,1346,15,11
1700231220,11,17,4,1347,15,11
1700231280,11,17,4,1348,15,11
1700231340,11,17,4,1349,15,11
1700231400,11,17,4,1350,15,11
1700231460,11,17,4,1351,15,10
1700231520,11,17,4,1352,15,10
1700231580,11,17,4,1353,15,10
1700231640,11,17,4,1354,15,10
1700231700,11,17,4,1355,15,10
1700231760,11,17,4,1356,15,10
1700231820,11,17,4,1357,15,10
1700231880,11,17,4,1358,15,10
1700231940,11,17,4,1359,15,10
1700232000,11,17,4,1360,15,10
1700232060,11,17,4,1361,15,10
1700232120,11,17,4,1362,15,11
1700232180,11,17,4,1363,15,11
1700232240,11,17,4,1364,15,11
1700232300,11,17,4,1365,15,10
1700232360,11,17,4,1366,15,11
1700232420,11,17,4,1367,15,11
1700232480,11,17,4,1368,15,11
1700232540,11,17,4,1369,15,10
1700232600,11,17,4,1370,15,12
1700232660,11,17,4,1371,15,12
1700232720,11,17,4,1372,15,11
1700232780,11,17,4,1373,15,11
1700232840,11,17,4,1374,15,13
1700232900,11,17,4,1375,15,13
1700232960,11,17,4,1376,15,13
1700233020,11,17,4,1377,15,13
1700233080,11,17,4,1378,15,13
1700233140,11,17,4,1379,15,13
1700233260,11,17,4,1381,15,13
1700233320,11,17,4,1382,15,13
1700233380,11,17,4,1383,15,13
1700233440,11,17,4,1384,15,12
1700233500,11,17,4,1385,15,12
1700233560,11,17,4,1386,15,12
1700233620,11,17,4,1387,15,13
1700233680,11,17,4,1388,15,13
1700233740,11,17,4,1389,15,13
1700233800,11,17,4,1390,15,13
1700233860,11,17,4,1391,15,13
1700233920,11,17,4,1392,15,13
1700233980,11,17,4,1393,15,14
1700234040,11,17,4,1394,15,12
1700234100,11,17,4,1395,15,12
1700234160,11,17,4,1396,15,12
1700234220,11,17,4,1397,15,12
1700234280,11,17,4,1398,15,12
1700234340,11,17,4,1399,15,14
1700234460,11,17,4,1401,15,13
1700234520,11,17,4,1402,15,13
1700234580,11,17,4,1403,15,14
1700234640,11,17,4,1404,15,14
1700234700,11,17,4,1405,15,14
1700234760,11,17,4,1406,15,14
1700234820,11,17,4,1407,15,14
1700234880,11,17,4,1408,15,14
1700234940,11,17,4,1409,15,14
1700235000,11,17,4,1410,15,14
1700235060,11,17,4,1411,15,14
1700235120,11,17,4,1412,15,14
1700235180,11,17,4,1413,15,14
1700235240,11,17,4,1414,15,14
1700235300,11,17,4,1415,15,14
1700235360,11,17,4,1416,15,14
1700235420,11,17,4,1417,15,14
1700235480,11,17,4,1418,15,14
1700235540,11,17,4,1419,15,14
1700235660,11,17,4,1421,15,14
1700235720,11,17,4,1422,15,14
1700235780,11,17,4,1423,15,14
1700235840,11,17,4,1424,15,14
1700235900,11,17,4,1425,15,14
1700235960,11,17,4,1426,15,13
1700236020,11,17,4,1427,15,13
1700236080,11,17,4,1428,15,12
1700236140,11,17,4,1429,15,12
1700236200,11,17,4,1430,15,12
1700236260,11,17,4,1431,15,12
1700236320,11,17,4,1432,15,12
1700236380,11,17,4,1433,15,12
1700236440,11,17,4,1434,15,12
1700236500,11,17,4,1435,15,12
1700236560,11,17,4,1436,15,12
1700236620,11,17,4,1437,15,12
1700236680,11,17,4,1438,15,12
1700236740,11,17,4,1439,15,12
1700236860,11,18,5,1,15,13
1700236920,11,18,5,2,15,13
1700236980,11,18,5,3,15,14
1700237040,11,18,5,4,15,14
1700237100,11,18,5,5,15,14
1700237160,11,18,5,6,15,14
1700237220,11,18,5,7,15,13
1700237280,11,18,5,8,15,13
1700237340,11,18,5,9,15,13
1700237460,11,18,5,11,15,13
1700237520,11,18,5,12,15,13
1700237580,11,18,5,13,15,13
1700237640,11,18,5,14,15,12
1700237700,11,18,5,15,15,12
1700237760,11,18,5,16,15,12
1700237820,11,18,5,17,15,12
1700237880,11,18,5,18,15,13
1700237940,11,18,5,19,15,13
1700238060,11,18,5,21,15,13
1700238120,11,18,5,22,15,13
1700238180,11,18,5,23,15,11
1700238240,11,18,5,24,15,11
1700238300,11,18,5,25,15,10
1700238360,11,18,5,26,15,12
1700238420,11,18,5,27,15,12
1700238480,11,18,5,28,15,13
1700238540,11,18,5,29,15,13
1700238660,11,18,5,31,15,13
1700238720,11,18,5,32,15,13
1700238780,11,18,5,33,15,13
1700238840,11,18,5,34,15,13
1700238900,11,18,5,35,15,13
1700238960,11,18,5,36,15,13
1700239020,11,18,5,37,15,14
1700239080,11,18,5,38,15,14
1700239140,11,18,5,39,15,14
1700239260,11,18,5,41,15,14
1700239320,11,18,5,42,15,14
1700239380,11,18,5,43,15,14
1700239440,11,18,5,44,15,14
1700239500,11,18,5,45,15,14
1700239560,11,18,5,46,15,14
1700239620,11,18,5,47,15,14
1700239680,11,18,5,48,15,14
1700239740,11,18,5,49,15,14
1700239860,11,18,5,51,15,14
1700239920,11,18,5,52,15,14
1700239980,11,18,5,53,15,14
1700240040,11,18,5,54,15,14
1700240100,11,18,5,55,15,14
1700240160,11,18,5,56,15,14
1700240220,11,18,5,57,15,14
1700240280,11,18,5,58,15,14
1700240340,11,18,5,59,15,14
1700240460,11,18,5,61,15,14
1700240520,11,18,5,62,15,14
1700240580,11,18,5,63,15,14
1700240640,11,18,5,64,15,14
1700240700,11,18,5,65,15,14
1700240760,11,18,5,66,15,14
1700240820,11,18,5,67,15,14
1700240880,11,18,5,68,15,14
1700240940,11,18,5,69,15,14
1700241060,11,18,5,71,15,14
1700241120,11,18,5,72,15,14
1700241180,11,18,5,73,15,14
1700241240,11,18,5,74,15,14
1700241300,11,18,5,75,15,14
1700241360,11,18,5,76,15,14
1700241420,11,18,5,77,15,14
1700241480,11,18,5,78,15,14
1700241540,11,18,5,79,15,14
1700241660,11,18,5,81,15,14
1700241720,11,18,5,82,15,14
1700241780,11,18,5,83,15,14
1700241840,11,18,5,84,15,14
1700241900,11,18,5,85,15,14
1700241960,11,18,5,86,15,14
1700242020,11,18,5,87,15,14
1700242080,11,18,5,88,15,14
1700242200,11,18,5,90,15,14
1700242260,11,18,5,91,15,14
1700242320,11,18,5,92,15,14
1700242380,11,18,5,93,15,14
1700242440,11,18,5,94,15,14
1700242500,11,18,5,95,15,14
1700242560,11,18,5,96,15,14
1700242620,11,18,5,97,15,14
1700242680,11,18,5,98,15,14
1700242740,11,18,5,99,15,14
1700242800,11,18,5,100,15,14
1700242860,11,18,5,101,15,14
1700242920,11,18,5,102,15,14
1700242980,11,18,5,103,15,14
1700243040,11,18,5,104,15,14
1700243100,11,18,5,105,15,14
1700243160,11,18,5,106,15,14
1700243220,11,18,5,107,15,14
1700243280,11,18,5,108,15,14
1700243340,11,18,5,109,15,14
1700243400,11,18,5,110,15,14
1700243460,11,18,5,111,15,14
1700243520,11,18,5,112,15,14
1700243580,11,18,5,113,15,14
1700243640,11,18,5,114,15,14
1700243700,11,18,5,115,15,14
1700243760,11,18,5,116,15,14
1700243820,11,18,5,117,15,14
1700243880,11,18,5,118,15,14
1700243940,11,18,5,119,15,14
1700244060,11,18,5,121,15,14
1700244120,11,18,5,122,15,14
1700244180,11,18,5,123,15,14
1700244240,11,18,5,124,15,14
1700244300,11,18,5,125,15,14
1700244360,11,18,5,126,15,14
1700244420,11,18,5,127,15,14
1700244480,11,18,5,128,15,14
1700244540,11,18,5,129,15,14
1700244600,11,18,5,130,15,14
1700244660,11,18,5,131,15,14
1700244720,11,18,5,132,15,14
1700244780,11,18,5,133,15,14
1700244840,11,18,5,134,15,15
1700244900,11,18,5,135,15,15
1700244960,11,18,5,136,15,15
1700245020,11,18,5,137,15,15
1700245080,11,18,5,138,15,15
1700245140,11,18,5,139,15,15
1700245260,11,18,5,141,15,15
1700245320,11,18,5,142,15,15
1700245380,11,18,5,143,15,15
1700245440,11,18,5,144,15,15
1700245500,11,18,5,145,15,15
1700245560,11,18,5,146,15,15
1700245620,11,18,5,147,15,15
1700245680,11,18,5,148,15,15
1700245740,11,18,5,149,15,15
1700245800,11,18,5,150,15,15
1700245860,11,18,5,151,15,15
1700245920,11,18,5,152,15,15
1700245980,11,18,5,153,15,15
1700246040,11,18,5,154,15,15
1700246100,11,18,5,155,15,15
1700246160,11,18,5,156,15,15
1700246220,11,18,5,157,15,15
1700246280,11,18,5,158,15,15
1700246340,11,18,5,159,15,15
1700246400,11,18,5,160,15,15
1700246460,11,18,5,161,15,15
1700246520,11,18,5,162,15,15
1700246580,11,18,5,163,15,15
1700246640,11,18,5,164,15,15
1700246700,11,18,5,165,15,15
1700246760,11,18,5,166,15,15
1700246820,11,18,5,167,15,15
1700246880,11,18,5,168,15,15
1700246940,11,18,5,169,15,15
1700247000,11,18,5,170,15,15
1700247060,11,18,5,171,15,14
1700247120,11,18,5,172,15,14
1700247180,11,18,5,173,15,14
1700247240,11,18,5,174,15,14
1700247300,11,18,5,175,15,14
1700247360,11,18,5,176,15,14
1700247420,11,18,5,177,15,14
1700247480,11,18,5,178,15,14
1700247540,11,18,5,179,15,14
1700247600,11,18,5,180,15,14
1700247660,11,18,5,181,15,14
1700247720,11,18,5,182,15,14
1700247780,11,18,5,183,15,15
1700247840,11,18,5,184,15,15
1700247900,11,18,5,185,15,15
1700247960,11,18,5,186,15,15
1700248020,11,18,5,187,15,15
1700248140,11,18,5,189,15,15
1700248200,11,18,5,190,15,15
1700248260,11,18,5,191,15,14
1700248320,11,18,5,192,15,14
1700248380,11,18,5,193,15,14
1700248440,11,18,5,194,15,14
1700248500,11,18,5,195,15,14
1700248560,11,18,5,196,15,14
1700248620,11,18,5,197,15,14
1700248680,11,18,5,198,15,14
1700248740,11,18,5,199,15,14
1700248860,11,18,5,201,15,14
1700248920,11,18,5,202,15,14
1700248980,11,18,5,203,15,14
1700249040,11,18,5,204,15,14
1700249100,11,18,5,205,15,14
1700249160,11,18,5,206,15,14
1700249220,11,18,5,207,15,14
1700249280,11,18,5,208,15,14
1700249340,11,18,5,209,15,14
1700249400,11,18,5,210,15,14
1700249460,11,18,5,211,15,14
1700249520,11,18,5,212,15,14
1700249580,11,18,5,213,15,14
1700249640,11,18,5,214,15,14
1700249700,11,18,5,215,15,14
1700249760,11,18,5,216,15,14
1700249820,11,18,5,217,15,14
1700249880,11,18,5,218,15,14
1700249940,11,18,5,219,15,14
1700250000,11,18,5,220,15,13
1700250060,11,18,5,221,15,13
1700250120,11,18,5,222,15,13
1700250180,11,18,5,223,15,13
1700250240,11,18,5,224,15,13
1700250300,11,18,5,225,15,13
1700250360,11,18,5,226,15,13
1700250420,11,18,5,227,15,13
1700250480,11,18,5,228,15,13
1700250540,11,18,5,229,15,13
1700250600,11,18,5,230,15,13
1700250660,11,18,5,231,15,13
1700250720,11,18,5,232,15,13
1700250780,11,18,5,233,15,13
1700250840,11,18,5,234,15,13
1700250900,11,18,5,235,15,13
1700250960,11,18,5,236,15,13
1700251020,11,18,5,237,15,13
1700251080,11,18,5,238,15,13
1700251140,11,18,5,239,15,14
1700251200,11,18,5,240,15,14
1700251260,11,18,5,241,15,15
1700251320,11,18,5,242,15,15
1700251380,11,18,5,243,15,15
1700251440,11,18,5,244,15,15
1700251500,11,18,5,245,15,15
1700251620,11,18,5,247,15,15
1700251680,11,18,5,248,15,15
1700251740,11,18,5,249,15,15
1700251860,11,18,5,251,15,15
1700251920,11,18,5,252,15,15
1700251980,11,18,5,253,15,15
1700252040,11,18,5,254,15,15
1700252100,11,18,5,255,15,15
1700252160,11,18,5,256,15,15
1700252220,11,18,5,257,15,15
1700252280,11,18,5,258,15,15
1700252340,11,18,5,259,15,15
1700252460,11,18,5,261,15,15
1700252520,11,18,5,262,15,15
1700252580,11,18,5,263,15,15
1700252640,11,18,5,264,15,15
1700252700,11,18,5,265,15,15
1700252760,11,18,5,266,15,15
1700252820,11,18,5,267,15,15
1700252880,11,18,5,268,15,15
1700252940,11,18,5,269,15,15
1700253060,11,18,5,271,15,15
1700253120,11,18,5,272,15,15
1700253180,11,18,5,273,15,15
1700253240,11,18,5,274,15,15
1700253300,11,18,5,275,15,15
1700253360,11,18,5,276,15,15
1700253420,11,18,5,277,15,15
1700253480,11,18,5,278,15,15
1700253540,11,18,5,279,15,15
1700253660,11,18,5,281,15,15
1700253720,11,18,5,282,15,15
1700253780,11,18,5,283,15,15
1700253840,11,18,5,284,15,15
1700253900,11,18,5,285,15,15
1700253960,11,18,5,286,15,15
1700254020,11,18,5,287,15,15
1700254080,11,18,5,288,15,15
1700254140,11,18,5,289,15,15
1700254260,11,18,5,291,15,15
1700254320,11,18,5,292,15,15
1700254380,11,18,5,293,15,15
1700254440,11,18,5,294,15,15
1700254500,11,18,5,295,15,15
1700254560,11,18,5,296,15,15
1700254620,11,18,5,297,15,15
1700254680,11,18,5,298,15,15
1700254740,11,18,5,299,15,15
1700254860,11,18,5,301,15,15
1700254920,11,18,5,302,15,15
1700254980,11,18,5,303,15,15
1700255040,11,18,5,304,15,15
1700255100,11,18,5,305,15,15
1700255160,11,18,5,306,15,15
1700255220,11,18,5,307,15,15
1700255280,11,18,5,308,15,15
1700255340,11,18,5,309,15,15
1700255460,11,18,5,311,15,15
1700255520,11,18,5,312,15,15
1700255580,11,18,5,313,15,15
1700255640,11,18,5,314,15,15
1700255700,11,18,5,315,15,15
1700255760,11,18,5,316,15,15
1700255820,11,18,5,317,15,15
1700255880,11,18,5,318,15,15
1700255940,11,18,5,319,15,15
1700256060,11,18,5,321,15,15
1700256120,11,18,5,322,15,15
1700256180,11,18,5,323,15,15
1700256240,11,18,5,324,15,15
1700256300,11,18,5,325,15,15
1700256360,11,18,5,326,15,15
1700256420,11,18,5,327,15,15
1700256480,11,18,5,328,15,15
1700256540,11,18,5,329,15,15
1700256660,11,18,5,331,15,15
1700256720,11,18,5,332,15,15
1700256780,11,18,5,333,15,15
1700256840,11,18,5,334,15,15
1700256900,11,18,5,335,15,15
1700256960,11,18,5,336,15,15
1700257020,11,18,5,337,15,15
1700257080,11,18,5,338,15,15
1700257140,11,18,5,339,15,15
1700257260,11,18,5,341,15,15
1700257320,11,18,5,342,15,15
1700257380,11,18,5,343,15,15
1700257440,11,18,5,344,15,15
1700257500,11,18,5,345,15,15
1700257560,11,18,5,346,15,15
1700257620,11,18,5,347,15,15
1700257680,11,18,5,348,15,15
1700257740,11,18,5,349,15,15
1700257860,11,18,5,351,15,15
1700257920,11,18,5,352,15,15
1700257980,11,18,5,353,15,15
1700258040,11,18,5,354,15,15
1700258100,11,18,5,355,15,15
1700258160,11,18,5,356,15,15
1700258220,11,18,5,357,15,15
1700258280,11,18,5,358,15,15
1700258340,11,18,5,359,15,15
1700258400,11,18,5,360,15,15
1700258460,11,18,5,361,15,15
1700258520,11,18,5,362,15,15
1700258580,11,18,5,363,15,15
1700258640,11,18,5,364,15,15
1700258700,11,18,5,365,15,15
1700258760,11,18,5,366,15,15
1700258820,11,18,5,367,15,15
1700258880,11,18,5,368,15,15
1700258940,11,18,5,369,15,15
1700259000,11,18,5,370,15,15
1700259060,11,18,5,371,15,15
1700259120,11,18,5,372,15,15
1700259180,11,18,5,373,15,15
1700259240,11,18,5,374,15,15
1700259300,11,18,5,375,15,15
1700259360,11,18,5,376,15,15
1700259420,11,18,5,377,15,15
1700259480,11,18,5,378,15,15
1700259540,11,18,5,379,15,15
1700259660,11,18,5,381,15,15
1700259720,11,18,5,382,15,15
1700259780,11,18,5,383,15,15
1700259840,11,18,5,384,15,15
1700259900,11,18,5,385,15,15
1700259960,11,18,5,386,15,15
1700260020,11,18,5,387,15,15
1700260080,11,18,5,388,15,15
1700260140,11,18,5,389,15,15
1700260200,11,18,5,390,15,15
1700260260,11,18,5,391,15,15
1700260320,11,18,5,392,15,14
1700260380,11,18,5,393,15,14
1700260440,11,18,5,394,15,14
1700260500,11,18,5,395,15,13
1700260560,11,18,5,396,15,13
1700260620,11,18,5,397,15,13
1700260680,11,18,5,398,15,13
1700260740,11,18,5,399,15,13
1700260800,11,18,5,400,15,13
1700260860,11,18,5,401,15,13
1700260920,11,18,5,402,15,13
1700260980,11,18,5,403,15,13
1700261040,11,18,5,404,15,13
1700261100,11,18,5,405,15,13
1700261160,11,18,5,406,15,13
1700261220,11,18,5,407,15,13
1700261280,11,18,5,408,15,13
1700261340,11,18,5,409,15,13
1700261400,11,18,5,410,15,13
1700261460,11,18,5,411,15,13
1700261520,11,18,5,412,15,13
1700261580,11,18,5,413,15,13
1700261640,11,18,5,414,15,13
1700261700,11,18,5,415,15,13
1700261760,11,18,5,416,15,13
1700261820,11,18,5,417,15,12
1700261880,11,18,5,418,15,12
1700261940,11,18,5,419,15,12
1700262060,11,18,5,421,15,12
1700262120,11,18,5,422,15,12
1700262180,11,18,5,423,15,12
1700262240,11,18,5,424,15,12
1700262300,11,18,5,425,15,12
1700262360,11,18,5,426,15,12
1700262420,11,18,5,427,15,12
1700262480,11,18,5,428,15,11
1700262540,11,18,5,429,15,11
1700262600,11,18,5,430,15,11
1700262660,11,18,5,431,15,11
1700262720,11,18,5,432,15,11
1700262780,11,18,5,433,15,11
1700262840,11,18,5,434,15,10
1700262900,11,18,5,435,15,10
1700262960,11,18,5,436,15,10
1700263020,11,18,5,437,15,10
1700263080,11,18,5,438,15,10
1700263140,11,18,5,439,15,10
1700263260,11,18,5,441,15,10
1700263320,11,18,5,442,15,10
1700263380,11,18,5,443,15,10
1700263440,11,18,5,444,15,10
1700263500,11,18,5,445,15,10
1700263560,11,18,5,446,15,10
1700263620,11,18,5,447,15,10
1700263680,11,18,5,448,15,10
1700263740,11,18,5,449,15,10
1700263800,11,18,5,450,15,10
1700263860,11,18,5,451,15,10
1700263920,11,18,5,452,15,10
1700263980,11,18,5,453,15,10
1700264040,11,18,5,454,15,9
1700264100,11,18,5,455,15,9
1700264160,11,18,5,456,15,9
1700264220,11,18,5,457,15,9
1700264280,11,18,5,458,15,9
1700264340,11,18,5,459,15,9
1700264400,11,18,5,460,15,9
1700264460,11,18,5,461,15,9
1700264520,11,18,5,462,15,8
1700264580,11,18,5,463,15,8
1700264640,11,18,5,464,15,8
1700264700,11,18,5,465,15,8
1700264760,11,18,5,466,15,8
1700264820,11,18,5,467,15,8
1700264880,11,18,5,468,15,8
1700264940,11,18,5,469,15,10
1700265000,11,18,5,470,15,10
1700265060,11,18,5,471,15,11
1700265120,11,18,5,472,15,11
1700265180,11,18,5,473,15,11
1700265240,11,18,5,474,15,11
1700265360,11,18,5,476,15,12
1700265420,11,18,5,477,15,12
1700265480,11,18,5,478,15,12
1700265540,11,18,5,479,15,12
1700265600,11,18,5,480,15,12
1700265720,11,18,5,482,15,12
1700265780,11,18,5,483,15,12
1700265840,11,18,5,484,15,13
1700265900,11,18,5,485,15,13
1700265960,11,18,5,486,15,12
1700266020,11,18,5,487,15,12
1700266080,11,18,5,488,15,12
1700266140,11,18,5,489,15,11
1700266200,11,18,5,490,15,11
1700266260,11,18,5,491,15,11
1700266320,11,18,5,492,15,11
1700266380,11,18,5,493,15,11
1700266440,11,18,5,494,15,11
1700266500,11,18,5,495,15,10
1700266560,11,18,5,496,15,10
1700266620,11,18,5,497,15,10
1700266680,11,18,5,498,15,10
1700266740,11,18,5,499,15,10
1700266860,11,18,5,501,15,10
1700266920,11,18,5,502,15,10
1700266980,11,18,5,503,15,9
1700267040,11,18,5,504,15,9
1700267100,11,18,5,505,15,7
1700267160,11,18,5,506,15,7
1700267280,11,18,5,508,15,6
1700267340,11,18,5,509,15,6
1700267460,11,18,5,511,15,5
1700267520,11,18,5,512,15,5
1700267580,11,18,5,513,15,5
1700267640,11,18,5,514,15,5
1700267700,11,18,5,515,15,4
1700267760,11,18,5,516,15,4
1700267820,11,18,5,517,15,4
1700267880,11,18,5,518,15,4
1700267940,11,18,5,519,15,4
1700268060,11,18,5,521,15,4
1700268120,11,18,5,522,15,3
1700268180,11,18,5,523,15,2
1700268240,11,18,5,524,15,2
1700268300,11,18,5,525,15,2
1700268360,11,18,5,526,15,2
1700268420,11,18,5,527,15,2
1700268480,11,18,5,528,15,2
1700268540,11,18,5,529,15,2
1700268660,11,18,5,531,15,2
1700268720,11,18,5,532,15,1
1700268780,11,18,5,533,15,0
1700268840,11,18,5,534,15,0
1700268900,11,18,5,535,15,0
1700268960,11,18,5,536,15,0
1700269020,11,18,5,537,15,0
1700269080,11,18,5,538,15,0
1700269140,11,18,5,539,15,0
1700269260,11,18,5,541,15,0
1700269320,11,18,5,542,15,0
1700269380,11,18,5,543,15,0
1700269440,11,18,5,544,15,0
1700269500,11,18,5,545,15,0
1700269560,11,18,5,546,15,0
1700269620,11,18,5,547,15,0
1700269680,11,18,5,548,15,1
1700269740,11,18,5,549,15,2
1700269860,11,18,5,551,15,2
1700269920,11,18,5,552,15,2
1700269980,11,18,5,553,15,2
1700270040,11,18,5,554,15,3
1700270100,11,18,5,555,15,3
1700270160,11,18,5,556,15,2
1700270220,11,18,5,557,15,2
1700270280,11,18,5,558,15,2
1700270340,11,18,5,559,15,2
1700270460,11,18,5,561,15,2
1700270520,11,18,5,562,15,2
1700270580,11,18,5,563,15,2
1700270640,11,18,5,564,15,2
1700270700,11,18,5,565,15,2
1700270760,11,18,5,566,15,2
1700270820,11,18,5,567,15,1
1700270880,11,18,5,568,15,1
1700270940,11,18,5,569,15,0
1700271000,11,18,5,570,15,0
1700271120,11,18,5,572,15,0
1700271180,11,18,5,573,15,0
1700271240,11,18,5,574,15,1
1700271300,11,18,5,575,15,1
1700271360,11,18,5,576,15,1
1700271420,11,18,5,577,15,1
1700271480,11,18,5,578,15,0
1700271540,11,18,5,579,15,1
1700271660,11,18,5,581,15,1
1700271720,11,18,5,582,15,0
1700271780,11,18,5,583,15,0
1700271840,11,18,5,584,15,0
1700271900,11,18,5,585,15,0
1700271960,11,18,5,586,15,0
1700272020,11,18,5,587,15,0
1700272080,11,18,5,588,15,0
1700272140,11,18,5,589,15,0
1700272260,11,18,5,591,15,0
1700272320,11,18,5,592,15,0
1700272380,11,18,5,593,15,0
1700272440,11,18,5,594,15,0
1700272500,11,18,5,595,15,0
1700272560,11,18,5,596,15,1
1700272620,11,18,5,597,15,1
1700272680,11,18,5,598,15,1
1700272740,11,18,5,599,15,1
1700272860,11,18,5,601,15,1
1700272920,11,18,5,602,15,1
1700272980,11,18,5,603,15,1
1700273040,11,18,5,604,15,1
1700273100,11,18,5,605,15,1
1700273160,11,18,5,606,15,2
1700273220,11,18,5,607,15,2
1700273280,11,18,5,608,15,2
1700273340,11,18,5,609,15,2
1700273460,11,18,5,611,15,1
1700273520,11,18,5,612,15,1
1700273580,11,18,5,613,15,1
1700273640,11,18,5,614,15,1
1700273700,11,18,5,615,15,1
1700273760,11,18,5,616,15,1
1700273820,11,18,5,617,15,1
1700273880,11,18,5,618,15,1
1700273940,11,18,5,619,15,1
1700274060,11,18,5,621,15,1
1700274120,11,18,5,622,15,1
1700274180,11,18,5,623,15,1
1700274240,11,18,5,624,15,1
1700274300,11,18,5,625,15,0
1700274360,11,18,5,626,15,0
1700274420,11,18,5,627,15,0
1700274480,11,18,5,628,15,0
1700274540,11,18,5,629,15,1
1700274660,11,18,5,631,15,1
1700274720,11,18,5,632,15,0
1700274780,11,18,5,633,15,0
1700274840,11,18,5,634,15,0
1700274900,11,18,5,635,15,0
1700274960,11,18,5,636,15,0
1700275020,11,18,5,637,15,0
1700275080,11,18,5,638,15,0
1700275140,11,18,5,639,15,0
1700275200,11,18,5,640,15,0
1700275260,11,18,5,641,15,1
1700275320,11,18,5,642,15,0
1700275380,11,18,5,643,15,0
1700275440,11,18,5,644,15,0
1700275500,11,18,5,645,15,0
1700275560,11,18,5,646,15,0
1700275620,11,18,5,647,15,0
1700275680,11,18,5,648,15,0
1700275740,11,18,5,649,15,0
1700275800,11,18,5,650,15,0
1700275860,11,18,5,651,15,0
1700275920,11,18,5,652,15,0
1700275980,11,18,5,653,15,0
1700276040,11,18,5,654,15,0
1700276100,11,18,5,655,15,0
1700276160,11,18,5,656,15,0
1700276220,11,18,5,657,15,0
1700276280,11,18,5,658,15,0
1700276340,11,18,5,659,15,0
1700276460,11,18,5,661,15,0
1700276520,11,18,5,662,15,0
1700276580,11,18,5,663,15,0
1700276640,11,18,5,664,15,0
1700276700,11,18,5,665,15,0
1700276760,11,18,5,666,15,0
1700276820,11,18,5,667,15,0
1700276880,11,18,5,668,15,0
1700276940,11,18,5,669,15,0
1700277000,11,18,5,670,15,0
1700277060,11,18,5,671,15,0
1700277120,11,18,5,672,15,0
1700277180,11,18,5,673,15,0
1700277240,11,18,5,674,15,0
1700277300,11,18,5,675,15,0
1700277360,11,18,5,676,15,0
1700277420,11,18,5,677,15,0
1700277480,11,18,5,678,15,0
1700277540,11,18,5,679,15,0
1700277660,11,18,5,681,15,0
1700277720,11,18,5,682,15,0
1700277780,11,18,5,683,15,0
1700277840,11,18,5,684,15,0
1700277900,11,18,5,685,15,0
1700277960,11,18,5,686,15,0
1700278020,11,18,5,687,15,0
1700278080,11,18,5,688,15,0
1700278140,11,18,5,689,15,0
1700278260,11,18,5,691,15,0
1700278320,11,18,5,692,15,0
1700278380,11,18,5,693,15,0
1700278440,11,18,5,694,15,1
1700278500,11,18,5,695,15,1
1700278560,11,18,5,696,15,1
1700278620,11,18,5,697,15,1
1700278680,11,18,5,698,15,1
1700278740,11,18,5,699,15,1
1700278800,11,18,5,700,15,1
1700278860,11,18,5,701,15,1
1700278920,11,18,5,702,15,0
1700278980,11,18,5,703,15,0
1700279040,11,18,5,704,15,2
1700279100,11,18,5,705,15,2
1700279160,11,18,5,706,15,3
1700279220,11,18,5,707,15,3
1700279280,11,18,5,708,15,3
1700279340,11,18,5,709,15,3
1700279400,11,18,5,710,15,3
1700279460,11,18,5,711,15,4
1700279520,11,18,5,712,15,3
1700279580,11,18,5,713,15,1
1700279640,11,18,5,714,15,1
1700279700,11,18,5,715,15,1
1700279760,11,18,5,716,15,2
1700279820,11,18,5,717,15,2
1700279880,11,18,5,718,15,2
1700279940,11,18,5,719,15,0
1700280060,11,18,5,721,15,0
1700280120,11,18,5,722,15,0
1700280180,11,18,5,723,15,0
1700280240,11,18,5,724,15,0
1700280300,11,18,5,725,15,0
1700280360,11,18,5,726,15,1
1700280420,11,18,5,727,15,0
1700280480,11,18,5,728,15,0
1700280540,11,18,5,729,15,1
1700280600,11,18,5,730,15,1
1700280660,11,18,5,731,15,1
1700280720,11,18,5,732,15,1
1700280780,11,18,5,733,15,1
1700280840,11,18,5,734,15,0
1700280900,11,18,5,735,15,0
1700280960,11,18,5,736,15,0
1700281020,11,18,5,737,15,0
1700281080,11,18,5,738,15,0
1700281140,11,18,5,739,15,0
1700281260,11,18,5,741,15,0
1700281320,11,18,5,742,15,0
1700281380,11,18,5,743,15,0
1700281440,11,18,5,744,15,1
1700281500,11,18,5,745,15,1
1700281560,11,18,5,746,15,0
1700281620,11,18,5,747,15,1
1700281680,11,18,5,748,15,1
1700281740,11,18,5,749,15,0
1700281800,11,18,5,750,15,0
1700281920,11,18,5,752,15,0
1700281980,11,18,5,753,15,0
1700282040,11,18,5,754,15,0
1700282100,11,18,5,755,15,0
1700282160,11,18,5,756,15,0
1700282220,11,18,5,757,15,0
1700282280,11,18,5,758,15,0
1700282340,11,18,5,759,15,0
1700282400,11,18,5,760,15,0
1700282460,11,18,5,761,15,0
1700282520,11,18,5,762,15,0
1700282580,11,18,5,763,15,0
1700282640,11,18,5,764,15,0
1700282700,11,18,5,765,15,0
1700282760,11,18,5,766,15,0
1700282820,11,18,5,767,15,0
1700282880,11,18,5,768,15,0
1700282940,11,18,5,769,15,0
1700283000,11,18,5,770,15,1
1700283060,11,18,5,771,15,1
1700283120,11,18,5,772,15,1
1700283180,11,18,5,773,15,0
1700283240,11,18,5,774,15,0
1700283300,11,18,5,775,15,0
1700283360,11,18,5,776,15,0
1700283480,11,18,5,778,15,0
1700283540,11,18,5,779,15,0
1700283720,11,18,5,782,15,0
1700283780,11,18,5,783,15,0
1700283840,11,18,5,784,15,0
1700283900,11,18,5,785,15,0
1700284020,11,18,5,787,15,0
1700284140,11,18,5,789,15,0
1700284260,11,18,5,791,15,0
1700284320,11,18,5,792,15,0
1700284440,11,18,5,794,15,0
1700284500,11,18,5,795,15,1
1700284620,11,18,5,797,15,2
1700284680,11,18,5,798,15,2
1700284740,11,18,5,799,15,2
1700284860,11,18,5,801,15,1
1700284980,11,18,5,803,15,2
1700285100,11,18,5,805,15,0
1700285160,11,18,5,806,15,0
1700285220,11,18,5,807,15,0
1700285280,11,18,5,808,15,0
1700285340,11,18,5,809,15,0
1700285460,11,18,5,811,15,0
1700285520,11,18,5,812,15,0
1700285580,11,18,5,813,15,0
1700285640,11,18,5,814,15,0
1700285700,11,18,5,815,15,0
1700285760,11,18,5,816,15,0
1700285820,11,18,5,817,15,0
1700285880,11,18,5,818,15,0
1700285940,11,18,5,819,15,0
1700286060,11,18,5,821,15,0
1700286120,11,18,5,822,15,0
1700286240,11,18,5,824,15,0
1700286300,11,18,5,825,15,0
1700286360,11,18,5,826,15,0
1700286420,11,18,5,827,15,0
1700286480,11,18,5,828,15,0
1700286540,11,18,5,829,15,0
1700286660,11,18,5,831,15,0
1700286720,11,18,5,832,15,1
1700286780,11,18,5,833,15,1
1700286840,11,18,5,834,15,1
1700286900,11,18,5,835,15,1
1700286960,11,18,5,836,15,1
1700287020,11,18,5,837,15,1
1700287080,11,18,5,838,15,1
1700287140,11,18,5,839,15,1
1700287260,11,18,5,841,15,1
1700287320,11,18,5,842,15,1
1700287380,11,18,5,843,15,1
1700287440,11,18,5,844,15,1
1700287500,11,18,5,845,15,2
1700287560,11,18,5,846,15,1
1700287620,11,18,5,847,15,0
1700287680,11,18,5,848,15,0
1700287740,11,18,5,849,15,0
1700287860,11,18,5,851,15,0
1700287920,11,18,5,852,15,0
1700287980,11,18,5,853,15,0
1700288040,11,18,5,854,15,0
1700288100,11,18,5,855,15,0
1700288160,11,18,5,856,15,0
1700288220,11,18,5,857,15,0
1700288280,11,18,5,858,15,0
1700288340,11,18,5,859,15,0
1700288460,11,18,5,861,15,0
1700288520,11,18,5,862,15,0
1700288580,11,18,5,863,15,0
1700288640,11,18,5,864,15,0
1700288700,11,18,5,865,15,0
1700288760,11,18,5,866,15,0
1700288880,11,18,5,868,15,0
1700288940,11,18,5,869,15,0
1700289060,11,18,5,871,15,0
1700289120,11,18,5,872,15,2
1700289180,11,18,5,873,15,2
1700289240,11,18,5,874,15,2
1700289360,11,18,5,876,15,1
1700289420,11,18,5,877,15,0
1700289480,11,18,5,878,15,0
1700289540,11,18,5,879,15,1
1700289660,11,18,5,881,15,0
1700289720,11,18,5,882,15,1
1700289780,11,18,5,883,15,1
1700289960,11,18,5,886,15,1
1700290020,11,18,5,887,15,1
1700290080,11,18,5,888,15,1
1700290140,11,18,5,889,15,2
1700290260,11,18,5,891,15,1
1700290320,11,18,5,892,15,1
1700290380,11,18,5,893,15,1
1700290440,11,18,5,894,15,1
1700290500,11,18,5,895,15,1
1700290560,11,18,5,896,15,1
1700290620,11,18,5,897,15,0
1700290680,11,18,5,898,15,0
1700290740,11,18,5,899,15,1
1700290860,11,18,5,901,15,1
1700290920,11,18,5,902,15,3
1700290980,11,18,5,903,15,3
1700291040,11,18,5,904,15,2
1700291100,11,18,5,905,15,1
1700291160,11,18,5,906,15,2
1700291220,11,18,5,907,15,2
1700291280,11,18,5,908,15,2
1700291340,11,18,5,909,15,3
1700291400,11,18,5,910,15,3
1700291460,11,18,5,911,15,3
1700291520,11,18,5,912,15,3
1700291580,11,18,5,913,15,3
1700291640,11,18,5,914,15,3
1700291700,11,18,5,915,15,3
1700291760,11,18,5,916,15,3
1700291820,11,18,5,917,15,3
1700291880,11,18,5,918,15,3
1700291940,11,18,5,919,15,3
1700292060,11,18,5,921,15,3
1700292120,11,18,5,922,15,3
1700292180,11,18,5,923,15,3
1700292240,11,18,5,924,15,3
1700292300,11,18,5,925,15,3
1700292360,11,18,5,926,15,3
1700292420,11,18,5,927,15,3
1700292480,11,18,5,928,15,5
1700292540,11,18,5,929,15,5
1700292660,11,18,5,931,15,4
1700292720,11,18,5,932,15,4
1700292780,11,18,5,933,15,4
1700292840,11,18,5,934,15,4
1700292900,11,18,5,935,15,4
1700292960,11,18,5,936,15,4
1700293020,11,18,5,937,15,4
1700293080,11,18,5,938,15,4
1700293140,11,18,5,939,15,4
1700293200,11,18,5,940,15,4
1700293260,11,18,5,941,15,4
1700293320,11,18,5,942,15,4
1700293380,11,18,5,943,15,4
1700293440,11,18,5,944,15,4
1700293500,11,18,5,945,15,4
1700293560,11,18,5,946,15,4
1700293620,11,18,5,947,15,4
1700293680,11,18,5,948,15,5
1700293740,11,18,5,949,15,5
1700293800,11,18,5,950,15,4
1700293860,11,18,5,951,15,4
1700293920,11,18,5,952,15,6
1700293980,11,18,5,953,15,6
1700294040,11,18,5,954,15,6
1700294100,11,18,5,955,15,6
1700294160,11,18,5,956,15,7
1700294220,11,18,5,957,15,7
1700294280,11,18,5,958,15,7
1700294340,11,18,5,959,15,7
1700294460,11,18,5,961,15,7
1700294520,11,18,5,962,15,7
1700294580,11,18,5,963,15,7
1700294640,11,18,5,964,15,7
1700294700,11,18,5,965,15,7
1700294760,11,18,5,966,15,7
1700294820,11,18,5,967,15,7
1700294880,11,18,5,968,15,7
1700294940,11,18,5,969,15,7
1700295000,11,18,5,970,15,7
1700295060,11,18,5,971,15,7
1700295120,11,18,5,972,15,7
1700295180,11,18,5,973,15,7
1700295240,11,18,5,974,15,7
1700295300,11,18,5,975,15,5
1700295360,11,18,5,976,15,4
1700295420,11,18,5,977,15,4
1700295480,11,18,5,978,15,4
1700295540,11,18,5,979,15,7
1700295660,11,18,5,981,15,7
1700295720,11,18,5,982,15,7
1700295780,11,18,5,983,15,7
1700295840,11,18,5,984,15,7
1700295900,11,18,5,985,15,6
1700295960,11,18,5,986,15,6
1700296020,11,18,5,987,15,6
1700296080,11,18,5,988,15,5
1700296140,11,18,5,989,15,5
1700296260,11,18,5,991,15,5
1700296320,11,18,5,992,15,5
1700296380,11,18,5,993,15,5
1700296440,11,18,5,994,15,5
1700296500,11,18,5,995,15,6
1700296560,11,18,5,996,15,6
1700296620,11,18,5,997,15,6
1700296680,11,18,5,998,15,6
1700296740,11,18,5,999,15,4
1700296800,11,18,5,1000,15,3
1700296860,11,18,5,1001,15,3
1700296920,11,18,5,1002,15,4
1700296980,11,18,5,1003,15,4
1700297040,11,18,5,1004,15,4
1700297100,11,18,5,1005,15,4
1700297160,11,18,5,1006,15,3
1700297220,11,18,5,1007,15,3
1700297280,11,18,5,1008,15,3
1700297340,11,18,5,1009,15,3
1700297400,11,18,5,1010,15,3
1700297460,11,18,5,1011,15,3
1700297520,11,18,5,1012,15,4
1700297580,11,18,5,1013,15,4
1700297640,11,18,5,1014,15,4
1700297700,11,18,5,1015,15,4
1700297760,11,18,5,1016,15,4
1700297820,11,18,5,1017,15,4
1700297880,11,18,5,1018,15,4
1700297940,11,18,5,1019,15,3
1700298060,11,18,5,1021,15,2
1700298120,11,18,5,1022,15,2
1700298180,11,18,5,1023,15,2
1700298240,11,18,5,1024,15,2
1700298300,11,18,5,1025,15,1
1700298360,11,18,5,1026,15,1
1700298420,11,18,5,1027,15,0
1700298480,11,18,5,1028,15,0
1700298540,11,18,5,1029,15,0
1700298600,11,18,5,1030,15,0
1700298660,11,18,5,1031,15,0
1700298720,11,18,5,1032,15,0
1700298780,11,18,5,1033,15,0
1700298840,11,18,5,1034,15,0
1700298900,11,18,5,1035,15,0
1700298960,11,18,5,1036,15,0
1700299020,11,18,5,1037,15,0
1700299080,11,18,5,1038,15,0
1700299140,11,18,5,1039,15,0
1700299260,11,18,5,1041,15,0
1700299320,11,18,5,1042,15,0
1700299380,11,18,5,1043,15,0
1700299440,11,18,5,1044,15,0
1700299500,11,18,5,1045,15,0
1700299560,11,18,5,1046,15,0
1700299620,11,18,5,1047,15,0
1700299680,11,18,5,1048,15,0
1700299740,11,18,5,1049,15,0
1700299920,11,18,5,1052,15,1
1700299980,11,18,5,1053,15,0
1700300040,11,18,5,1054,15,0
1700300100,11,18,5,1055,15,0
1700300160,11,18,5,1056,15,0
1700300220,11,18,5,1057,15,0
1700300280,11,18,5,1058,15,0
1700300340,11,18,5,1059,15,1
1700300460,11,18,5,1061,15,0
1700300520,11,18,5,1062,15,1
1700300580,11,18,5,1063,15,0
1700300640,11,18,5,1064,15,0
1700300700,11,18,5,1065,15,1
1700300760,11,18,5,1066,15,1
1700300820,11,18,5,1067,15,1
1700300880,11,18,5,1068,15,1
1700300940,11,18,5,1069,15,2
1700301060,11,18,5,1071,15,2
1700301120,11,18,5,1072,15,1
1700301180,11,18,5,1073,15,1
1700301240,11,18,5,1074,15,1
1700301300,11,18,5,1075,15,1
1700301360,11,18,5,1076,15,2
1700301420,11,18,5,1077,15,2
1700301480,11,18,5,1078,15,0
1700301540,11,18,5,1079,15,0
1700301660,11,18,5,1081,15,0
1700301720,11,18,5,1082,15,2
1700301780,11,18,5,1083,15,2
1700301840,11,18,5,1084,15,2
1700301900,11,18,5,1085,15,2
1700301960,11,18,5,1086,15,1
1700302020,11,18,5,1087,15,1
1700302080,11,18,5,1088,15,1
1700302140,11,18,5,1089,15,1
1700302260,11,18,5,1091,15,0
1700302320,11,18,5,1092,15,1
1700302380,11,18,5,1093,15,0
1700302440,11,18,5,1094,15,0
1700302500,11,18,5,1095,15,1
1700302560,11,18,5,1096,15,1
1700302620,11,18,5,1097,15,1
1700302680,11,18,5,1098,15,0
1700302740,11,18,5,1099,15,0
1700302860,11,18,5,1101,15,0
1700302920,11,18,5,1102,15,0
1700302980,11,18,5,1103,15,0
1700303040,11,18,5,1104,15,0
1700303100,11,18,5,1105,15,1
1700303160,11,18,5,1106,15,1
1700303220,11,18,5,1107,15,1
1700303280,11,18,5,1108,15,1
1700303340,11,18,5,1109,15,1
1700303460,11,18,5,1111,15,1
1700303520,11,18,5,1112,15,1
1700303580,11,18,5,1113,15,1
1700303640,11,18,5,1114,15,1
1700303700,11,18,5,1115,15,1
1700303760,11,18,5,1116,15,0
1700303820,11,18,5,1117,15,0
1700303880,11,18,5,1118,15,0
1700303940,11,18,5,1119,15,0
1700304060,11,18,5,1121,15,0
1700304120,11,18,5,1122,15,0
1700304180,11,18,5,1123,15,0
1700304240,11,18,5,1124,15,0
1700304300,11,18,5,1125,15,0
1700304360,11,18,5,1126,15,0
1700304420,11,18,5,1127,15,0
1700304480,11,18,5,1128,15,0
1700304540,11,18,5,1129,15,0
1700304660,11,18,5,1131,15,0
1700304720,11,18,5,1132,15,1
1700304780,11,18,5,1133,15,1
1700304840,11,18,5,1134,15,1
1700304900,11,18,5,1135,15,1
1700304960,11,18,5,1136,15,2
1700305020,11,18,5,1137,15,2
1700305080,11,18,5,1138,15,2
1700305140,11,18,5,1139,15,2
1700305260,11,18,5,1141,15,2
1700305320,11,18,5,1142,15,1
1700305380,11,18,5,1143,15,1
1700305440,11,18,5,1144,15,1
1700305500,11,18,5,1145,15,1
1700305560,11,18,5,1146,15,1
1700305620,11,18,5,1147,15,2
1700305680,11,18,5,1148,15,2
1700305740,11,18,5,1149,15,2
1700305860,11,18,5,1151,15,2
1700305920,11,18,5,1152,15,2
1700305980,11,18,5,1153,15,2
1700306040,11,18,5,1154,15,2
1700306100,11,18,5,1155,15,2
1700306160,11,18,5,1156,15,2
1700306220,11,18,5,1157,15,4
1700306280,11,18,5,1158,15,4
1700306340,11,18,5,1159,15,4
1700306460,11,18,5,1161,15,4
1700306520,11,18,5,1162,15,4
1700306580,11,18,5,1163,15,4
1700306640,11,18,5,1164,15,4
1700306700,11,18,5,1165,15,4
1700306760,11,18,5,1166,15,4
1700306820,11,18,5,1167,15,4
1700306880,11,18,5,1168,15,4
1700306940,11,18,5,1169,15,5
1700307060,11,18,5,1171,15,5
1700307120,11,18,5,1172,15,4
1700307180,11,18,5,1173,15,4
1700307240,11,18,5,1174,15,4
1700307300,11,18,5,1175,15,4
1700307360,11,18,5,1176,15,4
1700307420,11,18,5,1177,15,5
1700307480,11,18,5,1178,15,5
1700307540,11,18,5,1179,15,6
1700307600,11,18,5,1180,15,6
1700307660,11,18,5,1181,15,6
1700307720,11,18,5,1182,15,7
1700307780,11,18,5,1183,15,7
1700307840,11,18,5,1184,15,7
1700307900,11,18,5,1185,15,7
1700307960,11,18,5,1186,15,7
1700308020,11,18,5,1187,15,7
1700308080,11,18,5,1188,15,7
1700308140,11,18,5,1189,15,7
1700308200,11,18,5,1190,15,6
1700308260,11,18,5,1191,15,6
1700308320,11,18,5,1192,15,7
1700308380,11,18,5,1193,15,8
1700308440,11,18,5,1194,15,8
1700308500,11,18,5,1195,15,8
1700308560,11,18,5,1196,15,8
1700308620,11,18,5,1197,15,8
1700308680,11,18,5,1198,15,8
1700308740,11,18,5,1199,15,8
1700308860,11,18,5,1201,15,8
1700308920,11,18,5,1202,15,8
1700308980,11,18,5,1203,15,7
1700309040,11,18,5,1204,15,8
1700309100,11,18,5,1205,15,8
1700309160,11,18,5,1206,15,8
1700309220,11,18,5,1207,15,8
1700309280,11,18,5,1208,15,9
1700309340,11,18,5,1209,15,10
1700309400,11,18,5,1210,15,10
1700309460,11,18,5,1211,15,10
1700309520,11,18,5,1212,15,11
1700309580,11,18,5,1213,15,11
1700309640,11,18,5,1214,15,12
1700309700,11,18,5,1215,15,12
1700309760,11,18,5,1216,15,11
1700309820,11,18,5,1217,15,11
1700309880,11,18,5,1218,15,10
1700309940,11,18,5,1219,15,11
1700310060,11,18,5,1221,15,11
1700310120,11,18,5,1222,15,11
1700310180,11,18,5,1223,15,11
1700310240,11,18,5,1224,15,11
1700310300,11,18,5,1225,15,11
1700310360,11,18,5,1226,15,11
1700310420,11,18,5,1227,15,11
1700310480,11,18,5,1228,15,11
1700310540,11,18,5,1229,15,12
1700310600,11,18,5,1230,15,12
1700310660,11,18,5,1231,15,12
1700310720,11,18,5,1232,15,12
1700310780,11,18,5,1233,15,12
1700310840,11,18,5,1234,15,12
1700310900,11,18,5,1235,15,12
1700310960,11,18,5,1236,15,12
1700311020,11,18,5,1237,15,12
1700311080,11,18,5,1238,15,12
1700311140,11,18,5,1239,15,12
1700311200,11,18,5,1240,15,12
1700311260,11,18,5,1241,15,12
1700311320,11,18,5,1242,15,13
1700311380,11,18,5,1243,15,13
1700311440,11,18,5,1244,15,14
1700311500,11,18,5,1245,15,13
1700311560,11,18,5,1246,15,13
1700311620,11,18,5,1247,15,13
1700311680,11,18,5,1248,15,13
1700311740,11,18,5,1249,15,13
1700311800,11,18,5,1250,15,12
1700311860,11,18,5,1251,15,12
1700311920,11,18,5,1252,15,12
1700311980,11,18,5,1253,15,12
1700312040,11,18,5,1254,15,12
1700312100,11,18,5,1255,15,12
1700312160,11,18,5,1256,15,12
1700312220,11,18,5,1257,15,12
1700312280,11,18,5,1258,15,12
1700312340,11,18,5,1259,15,14
1700312460,11,18,5,1261,15,13
1700312520,11,18,5,1262,15,12
1700312580,11,18,5,1263,15,12
1700312640,11,18,5,1264,15,12
1700312700,11,18,5,1265,15,12
1700312760,11,18,5,1266,15,12
1700312820,11,18,5,1267,15,12
1700312880,11,18,5,1268,15,12
1700312940,11,18,5,1269,15,13
1700313000,11,18,5,1270,15,13
1700313060,11,18,5,1271,15,13
1700313120,11,18,5,1272,15,13
1700313180,11,18,5,1273,15,13
1700313240,11,18,5,1274,15,12
1700313300,11,18,5,1275,15,11
1700313360,11,18,5,1276,15,11
1700313420,11,18,5,1277,15,11
1700313480,11,18,5,1278,15,11
1700313540,11,18,5,1279,15,11
1700313660,11,18,5,1281,15,11
1700313720,11,18,5,1282,15,12
1700313780,11,18,5,1283,15,12
1700313840,11,18,5,1284,15,14
1700313900,11,18,5,1285,15,14
1700313960,11,18,5,1286,15,14
1700314020,11,18,5,1287,15,14
1700314080,11,18,5,1288,15,14
1700314140,11,18,5,1289,15,14
1700314200,11,18,5,1290,15,14
1700314260,11,18,5,1291,15,14
1700314320,11,18,5,1292,15,14
1700314380,11,18,5,1293,15,14
1700314440,11,18,5,1294,15,14
1700314500,11,18,5,1295,15,14
1700314560,11,18,5,1296,15,14
1700314620,11,18,5,1297,15,14
1700314680,11,18,5,1298,15,14
1700314740,11,18,5,1299,15,14
1700314800,11,18,5,1300,15,14
1700314860,11,18,5,1301,15,14
1700314920,11,18,5,1302,15,14
1700314980,11,18,5,1303,15,14
1700315040,11,18,5,1304,15,15
1700315100,11,18,5,1305,15,15
1700315160,11,18,5,1306,15,14
1700315220,11,18,5,1307,15,14
1700315280,11,18,5,1308,15,14
1700315340,11,18,5,1309,15,14
1700315400,11,18,5,1310,15,15
1700315460,11,18,5,1311,15,15
1700315520,11,18,5,1312,15,15
1700315580,11,18,5,1313,15,15
1700315640,11,18,5,1314,15,15
1700315700,11,18,5,1315,15,15
1700315760,11,18,5,1316,15,15
1700315820,11,18,5,1317,15,15
1700315880,11,18,5,1318,15,14
1700315940,11,18,5,1319,15,14
1700316060,11,18,5,1321,15,14
1700316120,11,18,5,1322,15,14
1700316180,11,18,5,1323,15,14
1700316240,11,18,5,1324,15,14
1700316300,11,18,5,1325,15,14
1700316360,11,18,5,1326,15,14
1700316420,11,18,5,1327,15,14
1700316480,11,18,5,1328,15,14
1700316540,11,18,5,1329,15,14
1700316600,11,18,5,1330,15,14
1700316660,11,18,5,1331,15,14
1700316720,11,18,5,1332,15,15
1700316780,11,18,5,1333,15,15
1700316840,11,18,5,1334,15,15
1700316900,11,18,5,1335,15,15
1700316960,11,18,5,1336,15,15
1700317020,11,18,5,1337,15,15
1700317140,11,18,5,1339,15,14
1700317260,11,18,5,1341,15,14
1700317320,11,18,5,1342,15,14
1700317380,11,18,5,1343,15,14
1700317440,11,18,5,1344,15,14
1700317500,11,18,5,1345,15,14
1700317560,11,18,5,1346,15,14
1700317620,11,18,5,1347,15,14
1700317680,11,18,5,1348,15,14
1700317740,11,18,5,1349,15,14
1700317860,11,18,5,1351,15,14
1700317920,11,18,5,1352,15,14
1700317980,11,18,5,1353,15,14
1700318040,11,18,5,1354,15,14
1700318100,11,18,5,1355,15,14
1700318160,11,18,5,1356,15,14
1700318220,11,18,5,1357,15,13
1700318280,11,18,5,1358,15,13
1700318340,11,18,5,1359,15,11
1700318460,11,18,5,1361,15,13
1700318520,11,18,5,1362,15,14
1700318580,11,18,5,1363,15,13
1700318640,11,18,5,1364,15,13
1700318700,11,18,5,1365,15,12
1700318760,11,18,5,1366,15,10
1700318820,11,18,5,1367,15,10
1700318880,11,18,5,1368,15,10
1700318940,11,18,5,1369,15,10
1700319060,11,18,5,1371,15,10
1700319120,11,18,5,1372,15,10
1700319180,11,18,5,1373,15,10
1700319240,11,18,5,1374,15,10
1700319300,11,18,5,1375,15,10
1700319360,11,18,5,1376,15,10
1700319420,11,18,5,1377,15,10
1700319480,11,18,5,1378,15,10
1700319540,11,18,5,1379,15,11
1700319660,11,18,5,1381,15,8
1700319720,11,18,5,1382,15,8
1700319780,11,18,5,1383,15,8
1700319840,11,18,5,1384,15,8
1700319900,11,18,5,1385,15,8
1700319960,11,18,5,1386,15,8
1700320020,11,18,5,1387,15,8
1700320080,11,18,5,1388,15,8
1700320140,11,18,5,1389,15,8
1700320260,11,18,5,1391,15,8
1700320320,11,18,5,1392,15,9
1700320380,11,18,5,1393,15,11
1700320440,11,18,5,1394,15,11
1700320500,11,18,5,1395,15,12
1700320560,11,18,5,1396,15,12
1700320620,11,18,5,1397,15,12
1700320680,11,18,5,1398,15,12
1700320740,11,18,5,1399,15,12
1700320860,11,18,5,1401,15,12
1700320920,11,18,5,1402,15,12
1700320980,11,18,5,1403,15,13
1700321040,11,18,5,1404,15,13
1700321100,11,18,5,1405,15,13
1700321160,11,18,5,1406,15,13
1700321220,11,18,5,1407,15,10
1700321280,11,18,5,1408,15,10
1700321340,11,18,5,1409,15,8
1700321460,11,18,5,1411,15,8
1700321520,11,18,5,1412,15,8
1700321580,11,18,5,1413,15,9
1700321640,11,18,5,1414,15,9
1700321700,11,18,5,1415,15,9
1700321760,11,18,5,1416,15,9
1700321820,11,18,5,1417,15,9
1700321880,11,18,5,1418,15,9
1700321940,11,18,5,1419,15,9
1700322060,11,18,5,1421,15,9
1700322120,11,18,5,1422,15,9
1700322180,11,18,5,1423,15,9
1700322240,11,18,5,1424,15,9
1700322300,11,18,5,1425,15,9
1700322360,11,18,5,1426,15,9
1700322420,11,18,5,1427,15,9
1700322480,11,18,5,1428,15,9
1700322540,11,18,5,1429,15,9
1700322660,11,18,5,1431,15,9
1700322720,11,18,5,1432,15,9
1700322780,11,18,5,1433,15,9
1700322840,11,18,5,1434,15,9
1700322900,11,18,5,1435,15,9
1700322960,11,18,5,1436,15,9
1700323020,11,18,5,1437,15,10
1700323080,11,18,5,1438,15,11
1700323140,11,18,5,1439,15,11
1700323260,11,19,6,1,15,11
1700323320,11,19,6,2,15,11
1700323380,11,19,6,3,15,11
1700323440,11,19,6,4,15,11
1700323500,11,19,6,5,15,11
1700323560,11,19,6,6,15,11
1700323620,11,19,6,7,15,11
1700323680,11,19,6,8,15,11
1700323740,11,19,6,9,15,11
1700323800,11,19,6,10,15,11
1700323860,11,19,6,11,15,11
1700323920,11,19,6,12,15,11
1700323980,11,19,6,13,15,11
1700324040,11,19,6,14,15,11
1700324100,11,19,6,15,15,12
1700324160,11,19,6,16,15,12
1700324220,11,19,6,17,15,12
1700324280,11,19,6,18,15,12
1700324340,11,19,6,19,15,12
1700324460,11,19,6,21,15,12
1700324520,11,19,6,22,15,12
1700324580,11,19,6,23,15,12
1700324700,11,19,6,25,15,12
1700324760,11,19,6,26,15,12
1700324820,11,19,6,27,15,12
1700324880,11,19,6,28,15,12
1700324940,11,19,6,29,15,12
1700325000,11,19,6,30,15,12
1700325060,11,19,6,31,15,12
1700325120,11,19,6,32,15,13
1700325180,11,19,6,33,15,13
1700325240,11,19,6,34,15,13
1700325300,11,19,6,35,15,13
1700325360,11,19,6,36,15,13
1700325420,11,19,6,37,15,13
1700325480,11,19,6,38,15,13
1700325540,11,19,6,39,15,13
1700325600,11,19,6,40,15,13
1700325660,11,19,6,41,15,13
1700325720,11,19,6,42,15,13
1700325780,11,19,6,43,15,13
1700325840,11,19,6,44,15,13
1700325900,11,19,6,45,15,14
1700325960,11,19,6,46,15,14
1700326020,11,19,6,47,15,14
1700326080,11,19,6,48,15,14
1700326140,11,19,6,49,15,14
1700326200,11,19,6,50,15,14
1700326260,11,19,6,51,15,14
1700326320,11,19,6,52,15,14
1700326380,11,19,6,53,15,14
1700326440,11,19,6,54,15,14
1700326500,11,19,6,55,15,14
1700326560,11,19,6,56,15,14
1700326620,11,19,6,57,15,14
1700326680,11,19,6,58,15,14
1700326740,11,19,6,59,15,14
1700326800,11,19,6,60,15,14
1700326860,11,19,6,61,15,14
1700326920,11,19,6,62,15,14
1700326980,11,19,6,63,15,14
1700327040,11,19,6,64,15,14
1700327100,11,19,6,65,15,14
1700327160,11,19,6,66,15,15
1700327220,11,19,6,67,15,15
1700327280,11,19,6,68,15,15
1700327340,11,19,6,69,15,15
1700327400,11,19,6,70,15,15
1700327460,11,19,6,71,15,15
1700327520,11,19,6,72,15,15
1700327580,11,19,6,73,15,15
1700327640,11,19,6,74,15,15
1700327700,11,19,6,75,15,15
1700327760,11,19,6,76,15,15
1700327820,11,19,6,77,15,15
1700327880,11,19,6,78,15,15
1700327940,11,19,6,79,15,15
1700328060,11,19,6,81,15,15
1700328120,11,19,6,82,15,15
1700328240,11,19,6,84,15,15
1700328300,11,19,6,85,15,15
1700328360,11,19,6,86,15,15
1700328420,11,19,6,87,15,15
1700328480,11,19,6,88,15,15
1700328540,11,19,6,89,15,15
1700328600,11,19,6,90,15,15
1700328660,11,19,6,91,15,15
1700328720,11,19,6,92,15,15
1700328780,11,19,6,93,15,15
1700328840,11,19,6,94,15,15
1700328900,11,19,6,95,15,15
1700328960,11,19,6,96,15,15
1700329020,11,19,6,97,15,15
1700329080,11,19,6,98,15,15
1700329140,11,19,6,99,15,15
1700329200,11,19,6,100,15,15
1700329260,11,19,6,101,15,15
1700329320,11,19,6,102,15,15
1700329380,11,19,6,103,15,15
1700329440,11,19,6,104,15,15
1700329500,11,19,6,105,15,15
1700329560,11,19,6,106,15,15
1700329620,11,19,6,107,15,15
1700329680,11,19,6,108,15,15
1700329740,11,19,6,109,15,15
1700329800,11,19,6,110,15,15
1700329860,11,19,6,111,15,15
1700329920,11,19,6,112,15,15
1700329980,11,19,6,113,15,14
1700330040,11,19,6,114,15,14
1700330100,11,19,6,115,15,14
1700330160,11,19,6,116,15,14
1700330220,11,19,6,117,15,14
1700330280,11,19,6,118,15,14
1700330340,11,19,6,119,15,14
1700330460,11,19,6,121,15,14
1700330520,11,19,6,122,15,14
1700330580,11,19,6,123,15,14
1700330640,11,19,6,124,15,14
1700330700,11,19,6,125,15,14
1700330760,11,19,6,126,15,14
1700330820,11,19,6,127,15,14
1700330880,11,19,6,128,15,14
1700330940,11,19,6,129,15,14
1700331000,11,19,6,130,15,14
1700331060,11,19,6,131,15,14
1700331120,11,19,6,132,15,14
1700331180,11,19,6,133,15,14
1700331240,11,19,6,134,15,14
1700331300,11,19,6,135,15,14
1700331360,11,19,6,136,15,15
1700331420,11,19,6,137,15,15
1700331480,11,19,6,138,15,15
1700331540,11,19,6,139,15,15
1700331660,11,19,6,141,15,15
1700331720,11,19,6,142,15,15
1700331780,11,19,6,143,15,15
1700331840,11,19,6,144,15,15
1700331900,11,19,6,145,15,15
1700331960,11,19,6,146,15,15
1700332020,11,19,6,147,15,15
1700332080,11,19,6,148,15,15
1700332140,11,19,6,149,15,15
1700332200,11,19,6,150,15,14
1700332260,11,19,6,151,15,14
1700332320,11,19,6,152,15,14
1700332380,11,19,6,153,15,14
1700332440,11,19,6,154,15,14
1700332500,11,19,6,155,15,14
1700332560,11,19,6,156,15,14
1700332620,11,19,6,157,15,14
1700332680,11,19,6,158,15,15
1700332740,11,19,6,159,15,15
1700332800,11,19,6,160,15,15
1700332860,11,19,6,161,15,15
1700332920,11,19,6,162,15,15
1700332980,11,19,6,163,15,15
1700333040,11,19,6,164,15,15
1700333100,11,19,6,165,15,15
1700333160,11,19,6,166,15,15
1700333220,11,19,6,167,15,15
1700333280,11,19,6,168,15,15
1700333340,11,19,6,169,15,15
1700333400,11,19,6,170,15,15
1700333460,11,19,6,171,15,15
1700333520,11,19,6,172,15,15
1700333580,11,19,6,173,15,15
1700333640,11,19,6,174,15,15
1700333700,11,19,6,175,15,15
1700333760,11,19,6,176,15,15
1700333820,11,19,6,177,15,15
1700333880,11,19,6,178,15,15
1700333940,11,19,6,179,15,15
1700334000,11,19,6,180,15,15
1700334060,11,19,6,181,15,15
1700334180,11,19,6,183,15,15
1700334240,11,19,6,184,15,15
1700334300,11,19,6,185,15,15
1700334360,11,19,6,186,15,15
1700334420,11,19,6,187,15,15
1700334480,11,19,6,188,15,15
1700334540,11,19,6,189,15,15
1700334660,11,19,6,191,15,15
1700334720,11,19,6,192,15,15
1700334780,11,19,6,193,15,15
1700334840,11,19,6,194,15,15
1700334900,11,19,6,195,15,15
1700334960,11,19,6,196,15,15
1700335020,11,19,6,197,15,15
1700335080,11,19,6,198,15,15
1700335140,11,19,6,199,15,15
1700335260,11,19,6,201,15,15
1700335320,11,19,6,202,15,15
1700335380,11,19,6,203,15,15
1700335440,11,19,6,204,15,15
1700335500,11,19,6,205,15,15
1700335560,11,19,6,206,15,15
1700335620,11,19,6,207,15,15
1700335680,11,19,6,208,15,15
1700335740,11,19,6,209,15,15
1700335860,11,19,6,211,15,15
1700335920,11,19,6,212,15,15
1700335980,11,19,6,213,15,15
1700336040,11,19,6,214,15,15
1700336100,11,19,6,215,15,15
1700336160,11,19,6,216,15,15
1700336220,11,19,6,217,15,15
1700336280,11,19,6,218,15,15
1700336340,11,19,6,219,15,15
1700336460,11,19,6,221,15,14
1700336520,11,19,6,222,15,14
1700336580,11,19,6,223,15,14
1700336640,11,19,6,224,15,14
1700336700,11,19,6,225,15,14
1700336760,11,19,6,226,15,14
1700336820,11,19,6,227,15,14
1700336880,11,19,6,228,15,14
1700336940,11,19,6,229,15,14
1700337060,11,19,6,231,15,14
1700337120,11,19,6,232,15,14
1700337180,11,19,6,233,15,14
1700337240,11,19,6,234,15,14
1700337300,11,19,6,235,15,14
1700337360,11,19,6,236,15,14
1700337420,11,19,6,237,15,14
1700337480,11,19,6,238,15,14
1700337540,11,19,6,239,15,14
1700337660,11,19,6,241,15,14
1700337720,11,19,6,242,15,15
1700337780,11,19,6,243,15,15
1700337840,11,19,6,244,15,15
1700337900,11,19,6,245,15,15
1700337960,11,19,6,246,15,15
1700338020,11,19,6,247,15,15
1700338080,11,19,6,248,15,15
1700338140,11,19,6,249,15,15
1700338260,11,19,6,251,15,15
1700338320,11,19,6,252,15,15
1700338380,11,19,6,253,15,15
1700338440,11,19,6,254,15,15
1700338500,11,19,6,255,15,15
1700338560,11,19,6,256,15,15
1700338620,11,19,6,257,15,15
1700338680,11,19,6,258,15,15
1700338740,11,19,6,259,15,15
1700338860,11,19,6,261,15,15
1700338920,11,19,6,262,15,15
1700338980,11,19,6,263,15,15
1700339040,11,19,6,264,15,15
1700339100,11,19,6,265,15,15
1700339160,11,19,6,266,15,15
1700339220,11,19,6,267,15,15
1700339280,11,19,6,268,15,15
1700339340,11,19,6,269,15,15
1700339400,11,19,6,270,15,15
1700339460,11,19,6,271,15,15
1700339520,11,19,6,272,15,15
1700339580,11,19,6,273,15,15
1700339640,11,19,6,274,15,15
1700339700,11,19,6,275,15,15
1700339760,11,19,6,276,15,15
1700339820,11,19,6,277,15,15
1700339880,11,19,6,278,15,15
1700339940,11,19,6,279,15,15
1700340000,11,19,6,280,15,15
1700340060,11,19,6,281,15,15
1700340120,11,19,6,282,15,15
1700340180,11,19,6,283,15,15
1700340240,11,19,6,284,15,14
1700340300,11,19,6,285,15,14
1700340360,11,19,6,286,15,14
1700340420,11,19,6,287,15,14
1700340480,11,19,6,288,15,14
1700340540,11,19,6,289,15,14
1700340600,11,19,6,290,15,14
1700340660,11,19,6,291,15,14
1700340720,11,19,6,292,15,14
1700340780,11,19,6,293,15,14
1700340840,11,19,6,294,15,14
1700340900,11,19,6,295,15,14
1700340960,11,19,6,296,15,14
1700341020,11,19,6,297,15,14
1700341080,11,19,6,298,15,14
1700341140,11,19,6,299,15,14
1700341200,11,19,6,300,15,14
1700341260,11,19,6,301,15,14
1700341320,11,19,6,302,15,14
1700341380,11,19,6,303,15,14
1700341440,11,19,6,304,15,14
1700341500,11,19,6,305,15,14
1700341560,11,19,6,306,15,14
1700341620,11,19,6,307,15,14
1700341680,11,19,6,308,15,14
1700341740,11,19,6,309,15,14
1700341800,11,19,6,310,15,14
1700341860,11,19,6,311,15,14
1700341920,11,19,6,312,15,14
1700341980,11,19,6,313,15,14
1700342040,11,19,6,314,15,14
1700342100,11,19,6,315,15,14
1700342160,11,19,6,316,15,14
1700342220,11,19,6,317,15,14
1700342280,11,19,6,318,15,14
1700342340,11,19,6,319,15,14
1700342460,11,19,6,321,15,14
1700342520,11,19,6,322,15,14
1700342580,11,19,6,323,15,14
1700342640,11,19,6,324,15,14
1700342700,11,19,6,325,15,14
1700342760,11,19,6,326,15,14
1700342820,11,19,6,327,15,14
1700342880,11,19,6,328,15,14
1700342940,11,19,6,329,15,14
1700343000,11,19,6,330,15,14
1700343060,11,19,6,331,15,14
1700343120,11,19,6,332,15,14
1700343180,11,19,6,333,15,14
1700343240,11,19,6,334,15,14
1700343300,11,19,6,335,15,14
1700343360,11,19,6,336,15,14
1700343420,11,19,6,337,15,14
1700343480,11,19,6,338,15,14
1700343540,11,19,6,339,15,14
1700343600,11,19,6,340,15,14
1700343660,11,19,6,341,15,14
1700343720,11,19,6,342,15,14
1700343780,11,19,6,343,15,14
1700343840,11,19,6,344,15,14
1700343900,11,19,6,345,15,14
1700343960,11,19,6,346,15,14
1700344020,11,19,6,347,15,14
1700344080,11,19,6,348,15,14
1700344140,11,19,6,349,15,14
1700344200,11,19,6,350,15,14
1700344260,11,19,6,351,15,14
1700344320,11,19,6,352,15,14
1700344380,11,19,6,353,15,14
1700344440,11,19,6,354,15,14
1700344500,11,19,6,355,15,14
1700344560,11,19,6,356,15,14
1700344620,11,19,6,357,15,14
1700344680,11,19,6,358,15,14
1700344740,11,19,6,359,15,14
1700344800,11,19,6,360,15,14
1700344860,11,19,6,361,15,14
1700344920,11,19,6,362,15,14
1700344980,11,19,6,363,15,14
1700345040,11,19,6,364,15,14
1700345100,11,19,6,365,15,14
1700345160,11,19,6,366,15,14
1700345220,11,19,6,367,15,14
1700345280,11,19,6,368,15,13
1700345340,11,19,6,369,15,12
1700345400,11,19,6,370,15,12
1700345460,11,19,6,371,15,13
1700345520,11,19,6,372,15,13
1700345580,11,19,6,373,15,13
1700345640,11,19,6,374,15,13
1700345700,11,19,6,375,15,13
1700345760,11,19,6,376,15,13
1700345820,11,19,6,377,15,13
1700345880,11,19,6,378,15,13
1700345940,11,19,6,379,15,13
1700346060,11,19,6,381,15,13
1700346120,11,19,6,382,15,13
1700346180,11,19,6,383,15,13
1700346240,11,19,6,384,15,13
1700346300,11,19,6,385,15,13
1700346360,11,19,6,386,15,13
1700346420,11,19,6,387,15,13
1700346480,11,19,6,388,15,14
1700346540,11,19,6,389,15,14
1700346600,11,19,6,390,15,14
1700346660,11,19,6,391,15,14
1700346720,11,19,6,392,15,14
1700346780,11,19,6,393,15,14
1700346840,11,19,6,394,15,14
1700346900,11,19,6,395,15,14
1700346960,11,19,6,396,15,14
1700347020,11,19,6,397,15,14
1700347080,11,19,6,398,15,14
1700347140,11,19,6,399,15,14
1700347200,11,19,6,400,15,14
1700347260,11,19,6,401,15,13
1700347320,11,19,6,402,15,12
1700347380,11,19,6,403,15,12
1700347440,11,19,6,404,15,12
1700347500,11,19,6,405,15,10
1700347560,11,19,6,406,15,10
1700347620,11,19,6,407,15,10
1700347680,11,19,6,408,15,10
1700347740,11,19,6,409,15,10
1700347800,11,19,6,410,15,10
1700347860,11,19,6,411,15,10
1700347920,11,19,6,412,15,10
1700347980,11,19,6,413,15,10
1700348040,11,19,6,414,15,9
1700348100,11,19,6,415,15,9
1700348160,11,19,6,416,15,9
1700348220,11,19,6,417,15,9
1700348280,11,19,6,418,15,9
1700348340,11,19,6,419,15,9
1700348400,11,19,6,420,15,9
1700348460,11,19,6,421,15,9
1700348520,11,19,6,422,15,9
1700348580,11,19,6,423,15,9
1700348640,11,19,6,424,15,9
1700348700,11,19,6,425,15,9
1700348760,11,19,6,426,15,9
1700348820,11,19,6,427,15,9
1700348880,11,19,6,428,15,9
1700348940,11,19,6,429,15,9
1700349000,11,19,6,430,15,9
1700349060,11,19,6,431,15,9
1700349120,11,19,6,432,15,9
1700349180,11,19,6,433,15,9
1700349240,11,19,6,434,15,9
1700349300,11,19,6,435,15,9
1700349360,11,19,6,436,15,9
1700349420,11,19,6,437,15,9
1700349480,11,19,6,438,15,9
1700349540,11,19,6,439,15,9
1700349660,11,19,6,441,15,9
1700349720,11,19,6,442,15,9
1700349780,11,19,6,443,15,9
1700349840,11,19,6,444,15,9
1700349900,11,19,6,445,15,9
1700349960,11,19,6,446,15,9
1700350020,11,19,6,447,15,9
1700350080,11,19,6,448,15,9
1700350140,11,19,6,449,15,9
1700350200,11,19,6,450,15,9
1700350260,11,19,6,451,15,9
1700350320,11,19,6,452,15,9
1700350380,11,19,6,453,15,9
1700350440,11,19,6,454,15,9
1700350560,11,19,6,456,15,9
1700350620,11,19,6,457,15,9
1700350680,11,19,6,458,15,9
1700350740,11,19,6,459,15,9
1700350860,11,19,6,461,15,9
1700350920,11,19,6,462,15,9
1700350980,11,19,6,463,15,9
1700351040,11,19,6,464,15,9
1700351100,11,19,6,465,15,9
1700351160,11,19,6,466,15,8
1700351220,11,19,6,467,15,7
1700351280,11,19,6,468,15,7
1700351340,11,19,6,469,15,7
1700351460,11,19,6,471,15,7
1700351520,11,19,6,472,15,7
1700351580,11,19,6,473,15,7
1700351640,11,19,6,474,15,7
1700351700,11,19,6,475,15,7
1700351760,11,19,6,476,15,7
1700351820,11,19,6,477,15,7
1700351880,11,19,6,478,15,7
1700351940,11,19,6,479,15,8
1700352060,11,19,6,481,15,8
1700352120,11,19,6,482,15,8
1700352180,11,19,6,483,15,8
1700352240,11,19,6,484,15,8
1700352300,11,19,6,485,15,8
1700352360,11,19,6,486,15,8
1700352420,11,19,6,487,15,8
1700352480,11,19,6,488,15,8
1700352540,11,19,6,489,15,8
1700352600,11,19,6,490,15,8
1700352660,11,19,6,491,15,8
1700352720,11,19,6,492,15,8
1700352780,11,19,6,493,15,8
1700352840,11,19,6,494,15,8
1700352900,11,19,6,495,15,8
1700352960,11,19,6,496,15,8
1700353020,11,19,6,497,15,8
1700353080,11,19,6,498,15,8
1700353140,11,19,6,499,15,8
1700353260,11,19,6,501,15,8
1700353320,11,19,6,502,15,8
1700353380,11,19,6,503,15,8
1700353440,11,19,6,504,15,8
1700353500,11,19,6,505,15,8
1700353560,11,19,6,506,15,8
1700353620,11,19,6,507,15,8
1700353680,11,19,6,508,15,8
1700353740,11,19,6,509,15,8
1700353860,11,19,6,511,15,8
1700353920,11,19,6,512,15,8
1700353980,11,19,6,513,15,8
1700354040,11,19,6,514,15,8
1700354100,11,19,6,515,15,8
1700354160,11,19,6,516,15,8
1700354220,11,19,6,517,15,8
1700354280,11,19,6,518,15,8
1700354340,11,19,6,519,15,8
1700354460,11,19,6,521,15,7
1700354520,11,19,6,522,15,7
1700354580,11,19,6,523,15,7
1700354640,11,19,6,524,15,8
1700354700,11,19,6,525,15,8
1700354760,11,19,6,526,15,8
1700354820,11,19,6,527,15,8
1700354880,11,19,6,528,15,8
1700354940,11,19,6,529,15,8
1700355060,11,19,6,531,15,9
1700355120,11,19,6,532,15,9
1700355180,11,19,6,533,15,9
1700355240,11,19,6,534,15,10
1700355300,11,19,6,535,15,10
1700355360,11,19,6,536,15,10
1700355420,11,19,6,537,15,10
1700355480,11,19,6,538,15,10
1700355540,11,19,6,539,15,10
1700355660,11,19,6,541,15,11
1700355720,11,19,6,542,15,9
1700355780,11,19,6,543,15,9
1700355840,11,19,6,544,15,9
1700355900,11,19,6,545,15,9
1700355960,11,19,6,546,15,9
1700356020,11,19,6,547,15,9
1700356080,11,19,6,548,15,9
1700356140,11,19,6,549,15,8
1700356200,11,19,6,550,15,8
1700356260,11,19,6,551,15,8
1700356320,11,19,6,552,15,8
1700356380,11,19,6,553,15,8
1700356440,11,19,6,554,15,8
1700356500,11,19,6,555,15,8
1700356560,11,19,6,556,15,8
1700356620,11,19,6,557,15,8
1700356680,11,19,6,558,15,8
1700356740,11,19,6,559,15,9
1700356860,11,19,6,561,15,9
1700356920,11,19,6,562,15,9
1700356980,11,19,6,563,15,9
1700357040,11,19,6,564,15,9
1700357100,11,19,6,565,15,9
1700357160,11,19,6,566,15,9
1700357220,11,19,6,567,15,9
1700357280,11,19,6,568,15,9
1700357340,11,19,6,569,15,9
1700357460,11,19,6,571,15,9
1700357520,11,19,6,572,15,9
1700357580,11,19,6,573,15,9
1700357640,11,19,6,574,15,9
1700357700,11,19,6,575,15,9
1700357760,11,19,6,576,15,9
1700357820,11,19,6,577,15,9
1700357880,11,19,6,578,15,9
1700357940,11,19,6,579,15,9
1700358000,11,19,6,580,15,9
1700358060,11,19,6,581,15,9
1700358120,11,19,6,582,15,9
1700358180,11,19,6,583,15,9
1700358240,11,19,6,584,15,9
1700358300,11,19,6,585,15,9
1700358360,11,19,6,586,15,9
1700358420,11,19,6,587,15,9
1700358480,11,19,6,588,15,9
1700358540,11,19,6,589,15,9
1700358600,11,19,6,590,15,9
1700358660,11,19,6,591,15,9
1700358720,11,19,6,592,15,8
1700358780,11,19,6,593,15,8
1700358840,11,19,6,594,15,8
1700358900,11,19,6,595,15,8
1700358960,11,19,6,596,15,8
1700359020,11,19,6,597,15,8
1700359080,11,19,6,598,15,8
1700359140,11,19,6,599,15,9
1700359260,11,19,6,601,15,9
1700359320,11,19,6,602,15,9
1700359380,11,19,6,603,15,9
1700359440,11,19,6,604,15,9
1700359500,11,19,6,605,15,9
1700359560,11,19,6,606,15,9
1700359620,11,19,6,607,15,9
1700359680,11,19,6,608,15,9
1700359740,11,19,6,609,15,9
1700359800,11,19,6,610,15,9
1700359860,11,19,6,611,15,9
1700359920,11,19,6,612,15,9
1700359980,11,19,6,613,15,9
1700360040,11,19,6,614,15,9
1700360100,11,19,6,615,15,9
1700360160,11,19,6,616,15,9
1700360220,11,19,6,617,15,8
1700360280,11,19,6,618,15,8
1700360340,11,19,6,619,15,8
1700360460,11,19,6,621,15,7
1700360520,11,19,6,622,15,7
1700360580,11,19,6,623,15,7
1700360640,11,19,6,624,15,7
1700360700,11,19,6,625,15,7
1700360760,11,19,6,626,15,7
1700360820,11,19,6,627,15,7
1700360880,11,19,6,628,15,5
1700360940,11,19,6,629,15,5
1700361060,11,19,6,631,15,6
1700361120,11,19,6,632,15,6
1700361180,11,19,6,633,15,5
1700361240,11,19,6,634,15,5
1700361300,11,19,6,635,15,4
1700361360,11,19,6,636,15,4
1700361420,11,19,6,637,15,4
1700361480,11,19,6,638,15,4
1700361540,11,19,6,639,15,4
1700361600,11,19,6,640,15,4
1700361660,11,19,6,641,15,4
1700361720,11,19,6,642,15,4
1700361780,11,19,6,643,15,4
1700361840,11,19,6,644,15,4
1700361900,11,19,6,645,15,4
1700361960,11,19,6,646,15,4
1700362020,11,19,6,647,15,2
1700362080,11,19,6,648,15,2
1700362140,11,19,6,649,15,2
1700362200,11,19,6,650,15,2
1700362260,11,19,6,651,15,2
1700362320,11,19,6,652,15,1
1700362380,11,19,6,653,15,2
1700362440,11,19,6,654,15,2
1700362500,11,19,6,655,15,2
1700362560,11,19,6,656,15,2
1700362620,11,19,6,657,15,2
1700362680,11,19,6,658,15,2
1700362740,11,19,6,659,15,2
1700362860,11,19,6,661,15,2
1700362920,11,19,6,662,15,2
1700362980,11,19,6,663,15,2
1700363040,11,19,6,664,15,2
1700363100,11,19,6,665,15,2
1700363160,11,19,6,666,15,2
1700363220,11,19,6,667,15,2
1700363280,11,19,6,668,15,2
1700363340,11,19,6,669,15,2
1700363400,11,19,6,670,15,2
1700363460,11,19,6,671,15,2
1700363520,11,19,6,672,15,1
1700363580,11,19,6,673,15,1
1700363640,11,19,6,674,15,1
1700363700,11,19,6,675,15,1
1700363760,11,19,6,676,15,1
1700363820,11,19,6,677,15,1
1700363880,11,19,6,678,15,1
1700363940,11,19,6,679,15,1
1700364120,11,19,6,682,15,1
1700364180,11,19,6,683,15,1
1700364240,11,19,6,684,15,1
1700364300,11,19,6,685,15,1
1700364360,11,19,6,686,15,1
1700364420,11,19,6,687,15,1
1700364480,11,19,6,688,15,1
1700364540,11,19,6,689,15,1
1700364660,11,19,6,691,15,1
1700364720,11,19,6,692,15,1
1700364780,11,19,6,693,15,1
1700364840,11,19,6,694,15,1
1700364900,11,19,6,695,15,1
1700364960,11,19,6,696,15,1
1700365020,11,19,6,697,15,1
1700365080,11,19,6,698,15,1
1700365140,11,19,6,699,15,1
1700365260,11,19,6,701,15,1
1700365320,11,19,6,702,15,1
1700365380,11,19,6,703,15,1
1700365440,11,19,6,704,15,2
1700365500,11,19,6,705,15,2
1700365560,11,19,6,706,15,2
1700365620,11,19,6,707,15,2
1700365680,11,19,6,708,15,2
1700365740,11,19,6,709,15,2
1700365860,11,19,6,711,15,2
1700365920,11,19,6,712,15,1
1700365980,11,19,6,713,15,1
1700366040,11,19,6,714,15,1
1700366100,11,19,6,715,15,1
1700366160,11,19,6,716,15,1
1700366220,11,19,6,717,15,1
1700366280,11,19,6,718,15,1
1700366340,11,19,6,719,15,3
1700366460,11,19,6,721,15,4
1700366520,11,19,6,722,15,4
1700366580,11,19,6,723,15,4
1700366640,11,19,6,724,15,4
1700366700,11,19,6,725,15,4
1700366760,11,19,6,726,15,4
1700366820,11,19,6,727,15,3
1700366880,11,19,6,728,15,3
1700366940,11,19,6,729,15,3
1700367060,11,19,6,731,15,2
1700367120,11,19,6,732,15,2
1700367180,11,19,6,733,15,2
1700367240,11,19,6,734,15,2
1700367300,11,19,6,735,15,1
1700367360,11,19,6,736,15,1
1700367420,11,19,6,737,15,1
1700367480,11,19,6,738,15,1
1700367540,11,19,6,739,15,1
1700367660,11,19,6,741,15,1
1700367720,11,19,6,742,15,1
1700367780,11,19,6,743,15,1
1700367840,11,19,6,744,15,1
1700367900,11,19,6,745,15,1
1700367960,11,19,6,746,15,0
1700368020,11,19,6,747,15,0
1700368080,11,19,6,748,15,0
1700368140,11,19,6,749,15,1
1700368260,11,19,6,751,15,0
1700368320,11,19,6,752,15,0
1700368380,11,19,6,753,15,0
1700368440,11,19,6,754,15,0
1700368500,11,19,6,755,15,0
1700368560,11,19,6,756,15,0
1700368620,11,19,6,757,15,0
1700368680,11,19,6,758,15,0
1700368740,11,19,6,759,15,0
1700368860,11,19,6,761,15,0
1700368920,11,19,6,762,15,1
1700368980,11,19,6,763,15,0
1700369040,11,19,6,764,15,0
1700369100,11,19,6,765,15,0
1700369160,11,19,6,766,15,0
1700369220,11,19,6,767,15,0
1700369280,11,19,6,768,15,0
1700369340,11,19,6,769,15,0
1700369460,11,19,6,771,15,0
1700369520,11,19,6,772,15,0
1700369580,11,19,6,773,15,0
1700369640,11,19,6,774,15,0
1700369700,11,19,6,775,15,0
1700369760,11,19,6,776,15,1
1700369820,11,19,6,777,15,1
1700369880,11,19,6,778,15,1
1700369940,11,19,6,779,15,1
1700370060,11,19,6,781,15,1
1700370120,11,19,6,782,15,1
1700370180,11,19,6,783,15,1
1700370240,11,19,6,784,15,1
1700370300,11,19,6,785,15,1
1700370360,11,19,6,786,15,1
1700370420,11,19,6,787,15,1
1700370480,11,19,6,788,15,2
1700370540,11,19,6,789,15,2
1700370660,11,19,6,791,15,2
1700370720,11,19,6,792,15,2
1700370780,11,19,6,793,15,2
1700370840,11,19,6,794,15,2
1700370900,11,19,6,795,15,3
1700370960,11,19,6,796,15,2
1700371020,11,19,6,797,15,2
1700371080,11,19,6,798,15,3
1700371140,11,19,6,799,15,7
1700371260,11,19,6,801,15,6
1700371320,11,19,6,802,15,5
1700371380,11,19,6,803,15,5
1700371440,11,19,6,804,15,5
1700371500,11,19,6,805,15,5
1700371560,11,19,6,806,15,2
1700371620,11,19,6,807,15,1
1700371680,11,19,6,808,15,1
1700371740,11,19,6,809,15,0
1700371800,11,19,6,810,15,0
1700371920,11,19,6,812,15,0
1700371980,11,19,6,813,15,0
1700372040,11,19,6,814,15,0
1700372100,11,19,6,815,15,0
1700372160,11,19,6,816,15,0
1700372220,11,19,6,817,15,0
1700372280,11,19,6,818,15,0
1700372340,11,19,6,819,15,0
1700372400,11,19,6,820,15,0
1700372460,11,19,6,821,15,0
1700372520,11,19,6,822,15,0
1700372580,11,19,6,823,15,0
1700372640,11,19,6,824,15,0
1700372700,11,19,6,825,15,0
1700372760,11,19,6,826,15,0
1700372820,11,19,6,827,15,0
1700372880,11,19,6,828,15,0
1700372940,11,19,6,829,15,0
1700373000,11,19,6,830,15,0
1700373060,11,19,6,831,15,0
1700373120,11,19,6,832,15,0
1700373180,11,19,6,833,15,0
1700373240,11,19,6,834,15,0
1700373300,11,19,6,835,15,0
1700373360,11,19,6,836,15,0
1700373420,11,19,6,837,15,0
1700373480,11,19,6,838,15,0
1700373540,11,19,6,839,15,0
1700373660,11,19,6,841,15,0
1700373720,11,19,6,842,15,0
1700373780,11,19,6,843,15,0
1700373840,11,19,6,844,15,0
1700373900,11,19,6,845,15,0
1700373960,11,19,6,846,15,0
1700374020,11,19,6,847,15,0
1700374080,11,19,6,848,15,0
1700374140,11,19,6,849,15,0
1700374200,11,19,6,850,15,0
1700374260,11,19,6,851,15,0
1700374320,11,19,6,852,15,1
1700374380,11,19,6,853,15,1
1700374440,11,19,6,854,15,0
1700374500,11,19,6,855,15,0
1700374560,11,19,6,856,15,0
1700374620,11,19,6,857,15,0
1700374680,11,19,6,858,15,0
1700374740,11,19,6,859,15,0
1700374860,11,19,6,861,15,0
1700374920,11,19,6,862,15,2
1700374980,11,19,6,863,15,2
1700375040,11,19,6,864,15,2
1700375100,11,19,6,865,15,2
1700375160,11,19,6,866,15,2
1700375220,11,19,6,867,15,2
1700375280,11,19,6,868,15,2
1700375340,11,19,6,869,15,2
1700375460,11,19,6,871,15,1
1700375520,11,19,6,872,15,1
1700375580,11,19,6,873,15,0
1700375640,11,19,6,874,15,0
1700375700,11,19,6,875,15,0
1700375760,11,19,6,876,15,0
1700375820,11,19,6,877,15,0
1700375880,11,19,6,878,15,0
1700375940,11,19,6,879,15,0
1700376000,11,19,6,880,15,0
1700376060,11,19,6,881,15,0
1700376120,11,19,6,882,15,0
1700376180,11,19,6,883,15,0
1700376240,11,19,6,884,15,0
1700376300,11,19,6,885,15,0
1700376360,11,19,6,886,15,0
1700376420,11,19,6,887,15,0
1700376480,11,19,6,888,15,0
1700376540,11,19,6,889,15,0
1700376600,11,19,6,890,15,0
1700376660,11,19,6,891,15,0
1700376720,11,19,6,892,15,1
1700376780,11,19,6,893,15,1
1700376840,11,19,6,894,15,1
1700376900,11,19,6,895,15,1
1700376960,11,19,6,896,15,1
1700377020,11,19,6,897,15,1
1700377080,11,19,6,898,15,1
1700377140,11,19,6,899,15,1
1700377260,11,19,6,901,15,1
1700377320,11,19,6,902,15,1
1700377380,11,19,6,903,15,1
1700377440,11,19,6,904,15,0
1700377500,11,19,6,905,15,1
1700377560,11,19,6,906,15,1
1700377620,11,19,6,907,15,0
1700377680,11,19,6,908,15,0
1700377740,11,19,6,909,15,0
1700377800,11,19,6,910,15,0
1700377860,11,19,6,911,15,0
1700377920,11,19,6,912,15,1
1700377980,11,19,6,913,15,1
1700378040,11,19,6,914,15,1
1700378100,11,19,6,915,15,2
1700378160,11,19,6,916,15,2
1700378220,11,19,6,917,15,2
1700378280,11,19,6,918,15,2
1700378340,11,19,6,919,15,1
1700378460,11,19,6,921,15,1
1700378520,11,19,6,922,15,1
1700378580,11,19,6,923,15,1
1700378700,11,19,6,925,15,0
1700378760,11,19,6,926,15,0
1700378880,11,19,6,928,15,0
1700378940,11,19,6,929,15,0
1700379060,11,19,6,931,15,0
1700379120,11,19,6,932,15,0
1700379180,11,19,6,933,15,0
1700379240,11,19,6,934,15,0
1700379300,11,19,6,935,15,0
1700379360,11,19,6,936,15,0
1700379420,11,19,6,937,15,0
1700379480,11,19,6,938,15,0
1700379540,11,19,6,939,15,0
1700379660,11,19,6,941,15,0
1700379720,11,19,6,942,15,0
1700379780,11,19,6,943,15,0
1700379840,11,19,6,944,15,0
1700379900,11,19,6,945,15,0
1700379960,11,19,6,946,15,0
1700380020,11,19,6,947,15,0
1700380080,11,19,6,948,15,0
1700380140,11,19,6,949,15,0
1700380260,11,19,6,951,15,0
1700380320,11,19,6,952,15,0
1700380380,11,19,6,953,15,0
1700380440,11,19,6,954,15,0
1700380500,11,19,6,955,15,0
1700380560,11,19,6,956,15,0
1700380620,11,19,6,957,15,0
1700380680,11,19,6,958,15,0
1700380740,11,19,6,959,15,1
1700380860,11,19,6,961,15,1
1700380920,11,19,6,962,15,2
1700380980,11,19,6,963,15,2
1700381040,11,19,6,964,15,2
1700381100,11,19,6,965,15,1
1700381160,11,19,6,966,15,0
1700381220,11,19,6,967,15,0
1700381280,11,19,6,968,15,0
1700381340,11,19,6,969,15,0
1700381460,11,19,6,971,15,0
1700381520,11,19,6,972,15,0
1700381580,11,19,6,973,15,0
1700381640,11,19,6,974,15,0
1700381700,11,19,6,975,15,0
1700381760,11,19,6,976,15,0
1700381820,11,19,6,977,15,0
1700381880,11,19,6,978,15,0
1700381940,11,19,6,979,15,1
1700382060,11,19,6,981,15,1
1700382120,11,19,6,982,15,2
1700382180,11,19,6,983,15,2
1700382240,11,19,6,984,15,2
1700382300,11,19,6,985,15,2
1700382360,11,19,6,986,15,2
1700382420,11,19,6,987,15,1
1700382480,11,19,6,988,15,1
1700382540,11,19,6,989,15,1
1700382600,11,19,6,990,15,1
1700382720,11,19,6,992,15,1
1700382780,11,19,6,993,15,2
1700382840,11,19,6,994,15,2
1700382900,11,19,6,995,15,3
1700382960,11,19,6,996,15,3
1700383020,11,19,6,997,15,3
1700383080,11,19,6,998,15,3
1700383140,11,19,6,999,15,3
1700383260,11,19,6,1001,15,3
1700383320,11,19,6,1002,15,3
1700383380,11,19,6,1003,15,3
1700383440,11,19,6,1004,15,3
1700383500,11,19,6,1005,15,3
1700383560,11,19,6,1006,15,3
1700383620,11,19,6,1007,15,1
1700383680,11,19,6,1008,15,1
1700383740,11,19,6,1009,15,1
1700383860,11,19,6,1011,15,1
1700383920,11,19,6,1012,15,1
1700383980,11,19,6,1013,15,1
1700384040,11,19,6,1014,15,1
1700384100,11,19,6,1015,15,1
1700384160,11,19,6,1016,15,1
1700384220,11,19,6,1017,15,2
1700384280,11,19,6,1018,15,2
1700384340,11,19,6,1019,15,2
1700384460,11,19,6,1021,15,1
1700384520,11,19,6,1022,15,2
1700384580,11,19,6,1023,15,2
1700384640,11,19,6,1024,15,2
1700384700,11,19,6,1025,15,3
1700384760,11,19,6,1026,15,3
1700384820,11,19,6,1027,15,3
1700384880,11,19,6,1028,15,3
1700384940,11,19,6,1029,15,3
1700385060,11,19,6,1031,15,3
1700385120,11,19,6,1032,15,3
1700385180,11,19,6,1033,15,3
1700385240,11,19,6,1034,15,3
1700385300,11,19,6,1035,15,3
1700385360,11,19,6,1036,15,3
1700385420,11,19,6,1037,15,3
1700385480,11,19,6,1038,15,3
1700385540,11,19,6,1039,15,3
1700385660,11,19,6,1041,15,4
1700385720,11,19,6,1042,15,4
1700385780,11,19,6,1043,15,4
1700385840,11,19,6,1044,15,4
1700385900,11,19,6,1045,15,4
1700385960,11,19,6,1046,15,3
1700386020,11,19,6,1047,15,3
1700386080,11,19,6,1048,15,3
1700386140,11,19,6,1049,15,3
1700386260,11,19,6,1051,15,3
1700386320,11,19,6,1052,15,3
1700386380,11,19,6,1053,15,3
1700386440,11,19,6,1054,15,3
1700386500,11,19,6,1055,15,4
1700386560,11,19,6,1056,15,4
1700386620,11,19,6,1057,15,4
1700386680,11,19,6,1058,15,3
1700386740,11,19,6,1059,15,3
1700386800,11,19,6,1060,15,3
1700386860,11,19,6,1061,15,3
1700386920,11,19,6,1062,15,3
1700386980,11,19,6,1063,15,3
1700387040,11,19,6,1064,15,3
1700387100,11,19,6,1065,15,3
1700387160,11,19,6,1066,15,3
1700387220,11,19,6,1067,15,3
1700387280,11,19,6,1068,15,3
1700387340,11,19,6,1069,15,3
1700387400,11,19,6,1070,15,3
1700387460,11,19,6,1071,15,3
1700387520,11,19,6,1072,15,3
1700387580,11,19,6,1073,15,3
1700387640,11,19,6,1074,15,3
1700387700,11,19,6,1075,15,3
1700387760,11,19,6,1076,15,4
1700387820,11,19,6,1077,15,3
1700387880,11,19,6,1078,15,3
1700387940,11,19,6,1079,15,4
1700388060,11,19,6,1081,15,4
1700388120,11,19,6,1082,15,4
1700388180,11,19,6,1083,15,4
1700388240,11,19,6,1084,15,4
1700388300,11,19,6,1085,15,4
1700388360,11,19,6,1086,15,4
1700388420,11,19,6,1087,15,4
1700388480,11,19,6,1088,15,4
1700388540,11,19,6,1089,15,4
1700388600,11,19,6,1090,15,4
1700388660,11,19,6,1091,15,4
1700388720,11,19,6,1092,15,4
1700388780,11,19,6,1093,15,4
1700388840,11,19,6,1094,15,4
1700388900,11,19,6,1095,15,4
1700388960,11,19,6,1096,15,4
1700389020,11,19,6,1097,15,4
1700389080,11,19,6,1098,15,4
1700389140,11,19,6,1099,15,3
1700389260,11,19,6,1101,15,3
1700389320,11,19,6,1102,15,4
1700389380,11,19,6,1103,15,4
1700389440,11,19,6,1104,15,4
1700389500,11,19,6,1105,15,4
1700389560,11,19,6,1106,15,3
1700389620,11,19,6,1107,15,3
1700389680,11,19,6,1108,15,3
1700389740,11,19,6,1109,15,3
1700389860,11,19,6,1111,15,3
1700389920,11,19,6,1112,15,3
1700389980,11,19,6,1113,15,3
1700390040,11,19,6,1114,15,2
1700390100,11,19,6,1115,15,1
1700390160,11,19,6,1116,15,2
1700390220,11,19,6,1117,15,2
1700390280,11,19,6,1118,15,2
1700390340,11,19,6,1119,15,2
1700390400,11,19,6,1120,15,2
1700390460,11,19,6,1121,15,2
1700390520,11,19,6,1122,15,2
1700390580,11,19,6,1123,15,2
1700390640,11,19,6,1124,15,2
1700390700,11,19,6,1125,15,2
1700390760,11,19,6,1126,15,2
1700390820,11,19,6,1127,15,2
1700390880,11,19,6,1128,15,1
1700390940,11,19,6,1129,15,1
1700391000,11,19,6,1130,15,1
1700391060,11,19,6,1131,15,1
1700391120,11,19,6,1132,15,1
1700391180,11,19,6,1133,15,1
1700391240,11,19,6,1134,15,1
1700391300,11,19,6,1135,15,1
1700391360,11,19,6,1136,15,1
1700391420,11,19,6,1137,15,1
1700391480,11,19,6,1138,15,1
1700391540,11,19,6,1139,15,1
1700391660,11,19,6,1141,15,1
1700391720,11,19,6,1142,15,1
1700391780,11,19,6,1143,15,1
1700391840,11,19,6,1144,15,1
1700391900,11,19,6,1145,15,1
1700391960,11,19,6,1146,15,1
1700392020,11,19,6,1147,15,1
1700392080,11,19,6,1148,15,1
1700392140,11,19,6,1149,15,1
1700392200,11,19,6,1150,15,1
1700392260,11,19,6,1151,15,1
1700392320,11,19,6,1152,15,2
1700392380,11,19,6,1153,15,2
1700392440,11,19,6,1154,15,2
1700392500,11,19,6,1155,15,2
1700392560,11,19,6,1156,15,2
1700392620,11,19,6,1157,15,2
1700392680,11,19,6,1158,15,3
1700392740,11,19,6,1159,15,3
1700392860,11,19,6,1161,15,3
1700392920,11,19,6,1162,15,3
1700392980,11,19,6,1163,15,3
1700393040,11,19,6,1164,15,3
1700393100,11,19,6,1165,15,3
1700393160,11,19,6,1166,15,3
1700393220,11,19,6,1167,15,4
1700393280,11,19,6,1168,15,4
1700393340,11,19,6,1169,15,4
1700393460,11,19,6,1171,15,3
1700393520,11,19,6,1172,15,3
1700393580,11,19,6,1173,15,3
1700393640,11,19,6,1174,15,3
1700393700,11,19,6,1175,15,3
1700393760,11,19,6,1176,15,3
1700393820,11,19,6,1177,15,3
1700393880,11,19,6,1178,15,3
1700393940,11,19,6,1179,15,3
1700394060,11,19,6,1181,15,3
1700394120,11,19,6,1182,15,3
1700394180,11,19,6,1183,15,3
1700394240,11,19,6,1184,15,3
1700394300,11,19,6,1185,15,2
1700394360,11,19,6,1186,15,2
1700394420,11,19,6,1187,15,2
1700394480,11,19,6,1188,15,2
1700394540,11,19,6,1189,15,2
1700394660,11,19,6,1191,15,2
1700394720,11,19,6,1192,15,3
1700394780,11,19,6,1193,15,3
1700394840,11,19,6,1194,15,3
1700394900,11,19,6,1195,15,3
1700394960,11,19,6,1196,15,3
1700395020,11,19,6,1197,15,4
1700395080,11,19,6,1198,15,4
1700395140,11,19,6,1199,15,5
1700395260,11,19,6,1201,15,5
1700395320,11,19,6,1202,15,5
1700395380,11,19,6,1203,15,5
1700395440,11,19,6,1204,15,5
1700395500,11,19,6,1205,15,5
1700395560,11,19,6,1206,15,5
1700395620,11,19,6,1207,15,5
1700395680,11,19,6,1208,15,5
1700395740,11,19,6,1209,15,5
1700395860,11,19,6,1211,15,5
1700395920,11,19,6,1212,15,5
1700395980,11,19,6,1213,15,5
1700396040,11,19,6,1214,15,4
1700396100,11,19,6,1215,15,4
1700396160,11,19,6,1216,15,4
1700396220,11,19,6,1217,15,4
1700396280,11,19,6,1218,15,4
1700396340,11,19,6,1219,15,5
1700396460,11,19,6,1221,15,7
1700396520,11,19,6,1222,15,9
1700396580,11,19,6,1223,15,9
1700396640,11,19,6,1224,15,9
1700396700,11,19,6,1225,15,9
1700396760,11,19,6,1226,15,9
1700396820,11,19,6,1227,15,11
1700396880,11,19,6,1228,15,11
1700396940,11,19,6,1229,15,13
1700397060,11,19,6,1231,15,13
1700397120,11,19,6,1232,15,14
1700397180,11,19,6,1233,15,14
1700397240,11,19,6,1234,15,14
1700397300,11,19,6,1235,15,14
1700397360,11,19,6,1236,15,14
1700397420,11,19,6,1237,15,14
1700397480,11,19,6,1238,15,14
1700397540,11,19,6,1239,15,14
1700397660,11,19,6,1241,15,14
1700397720,11,19,6,1242,15,14
1700397780,11,19,6,1243,15,14
1700397840,11,19,6,1244,15,14
1700397900,11,19,6,1245,15,14
1700397960,11,19,6,1246,15,14
1700398020,11,19,6,1247,15,14
1700398080,11,19,6,1248,15,14
1700398140,11,19,6,1249,15,14
1700398260,11,19,6,1251,15,14
1700398320,11,19,6,1252,15,14
1700398380,11,19,6,1253,15,13
1700398440,11,19,6,1254,15,13
1700398500,11,19,6,1255,15,13
1700398560,11,19,6,1256,15,13
1700398620,11,19,6,1257,15,14
1700398680,11,19,6,1258,15,14
1700398740,11,19,6,1259,15,14
1700398860,11,19,6,1261,15,14
1700398920,11,19,6,1262,15,15
1700398980,11,19,6,1263,15,15
1700399040,11,19,6,1264,15,15
1700399100,11,19,6,1265,15,15
1700399160,11,19,6,1266,15,15
1700399220,11,19,6,1267,15,15
1700399280,11,19,6,1268,15,15
1700399340,11,19,6,1269,15,15
1700399460,11,19,6,1271,15,15
1700399520,11,19,6,1272,15,15
1700399580,11,19,6,1273,15,15
1700399640,11,19,6,1274,15,15
1700399700,11,19,6,1275,15,15
1700399760,11,19,6,1276,15,15
1700399820,11,19,6,1277,15,15
1700399880,11,19,6,1278,15,15
1700399940,11,19,6,1279,15,15
1700400060,11,19,6,1281,15,15
1700400120,11,19,6,1282,15,15
1700400180,11,19,6,1283,15,15
1700400240,11,19,6,1284,15,15
1700400300,11,19,6,1285,15,15
1700400360,11,19,6,1286,15,15
1700400420,11,19,6,1287,15,15
1700400480,11,19,6,1288,15,15
1700400540,11,19,6,1289,15,15
1700400600,11,19,6,1290,15,15
1700400660,11,19,6,1291,15,15
1700400720,11,19,6,1292,15,15
1700400780,11,19,6,1293,15,15
1700400840,11,19,6,1294,15,15
1700400900,11,19,6,1295,15,15
1700400960,11,19,6,1296,15,14
1700401020,11,19,6,1297,15,14
1700401080,11,19,6,1298,15,14
1700401140,11,19,6,1299,15,14
1700401200,11,19,6,1300,15,15
1700401260,11,19,6,1301,15,15
1700401320,11,19,6,1302,15,15
1700401380,11,19,6,1303,15,15
1700401440,11,19,6,1304,15,15
1700401500,11,19,6,1305,15,15
1700401560,11,19,6,1306,15,15
1700401620,11,19,6,1307,15,15
1700401680,11,19,6,1308,15,15
1700401740,11,19,6,1309,15,15
1700401800,11,19,6,1310,15,15
1700401860,11,19,6,1311,15,15
1700401920,11,19,6,1312,15,15
1700401980,11,19,6,1313,15,15
1700402040,11,19,6,1314,15,15
1700402100,11,19,6,1315,15,15
1700402160,11,19,6,1316,15,15
1700402220,11,19,6,1317,15,15
1700402280,11,19,6,1318,15,15
1700402340,11,19,6,1319,15,15
1700402460,11,19,6,1321,15,15
1700402520,11,19,6,1322,15,15
1700402580,11,19,6,1323,15,15
1700402640,11,19,6,1324,15,15
1700402700,11,19,6,1325,15,15
1700402760,11,19,6,1326,15,15
1700402820,11,19,6,1327,15,15
1700402880,11,19,6,1328,15,15
1700402940,11,19,6,1329,15,15
1700403000,11,19,6,1330,15,14
1700403060,11,19,6,1331,15,14
1700403120,11,19,6,1332,15,14
1700403180,11,19,6,1333,15,15
1700403240,11,19,6,1334,15,15
1700403300,11,19,6,1335,15,15
1700403360,11,19,6,1336,15,15
1700403420,11,19,6,1337,15,15
1700403480,11,19,6,1338,15,15
1700403540,11,19,6,1339,15,15
1700403660,11,19,6,1341,15,15
1700403720,11,19,6,1342,15,15
1700403780,11,19,6,1343,15,15
1700403840,11,19,6,1344,15,15
1700403900,11,19,6,1345,15,15
1700403960,11,19,6,1346,15,15
1700404020,11,19,6,1347,15,15
1700404080,11,19,6,1348,15,15
1700404140,11,19,6,1349,15,15
1700404200,11,19,6,1350,15,15
1700404260,11,19,6,1351,15,15
1700404320,11,19,6,1352,15,14
1700404380,11,19,6,1353,15,14
1700404440,11,19,6,1354,15,14
1700404500,11,19,6,1355,15,14
1700404560,11,19,6,1356,15,15
1700404620,11,19,6,1357,15,15
1700404680,11,19,6,1358,15,15
1700404740,11,19,6,1359,15,15
1700404800,11,19,6,1360,15,15
1700404860,11,19,6,1361,15,15
1700404920,11,19,6,1362,15,15
1700404980,11,19,6,1363,15,15
1700405040,11,19,6,1364,15,15
1700405100,11,19,6,1365,15,15
1700405160,11,19,6,1366,15,15
1700405220,11,19,6,1367,15,15
1700405280,11,19,6,1368,15,15
1700405340,11,19,6,1369,15,15
1700405400,11,19,6,1370,15,15
1700405460,11,19,6,1371,15,15
1700405520,11,19,6,1372,15,15
1700405580,11,19,6,1373,15,15
1700405640,11,19,6,1374,15,15
1700405700,11,19,6,1375,15,15
1700405760,11,19,6,1376,15,14
1700405820,11,19,6,1377,15,14
1700405880,11,19,6,1378,15,13
1700405940,11,19,6,1379,15,13
1700406060,11,19,6,1381,15,13
1700406120,11,19,6,1382,15,13
1700406180,11,19,6,1383,15,13
1700406240,11,19,6,1384,15,13
1700406300,11,19,6,1385,15,14
1700406360,11,19,6,1386,15,15
1700406420,11,19,6,1387,15,15
1700406480,11,19,6,1388,15,15
1700406540,11,19,6,1389,15,15
1700406600,11,19,6,1390,15,15
1700406660,11,19,6,1391,15,15
1700406720,11,19,6,1392,15,15
1700406780,11,19,6,1393,15,15
1700406840,11,19,6,1394,15,15
1700406900,11,19,6,1395,15,15
1700406960,11,19,6,1396,15,15
1700407020,11,19,6,1397,15,15
1700407080,11,19,6,1398,15,15
1700407140,11,19,6,1399,15,15
1700407260,11,19,6,1401,15,15
1700407320,11,19,6,1402,15,15
1700407380,11,19,6,1403,15,15
1700407440,11,19,6,1404,15,15
1700407500,11,19,6,1405,15,15
1700407560,11,19,6,1406,15,15
1700407620,11,19,6,1407,15,15
1700407680,11,19,6,1408,15,15
1700407740,11,19,6,1409,15,15
1700407800,11,19,6,1410,15,15
1700407860,11,19,6,1411,15,15
1700407920,11,19,6,1412,15,15
1700407980,11,19,6,1413,15,15
1700408040,11,19,6,1414,15,15
1700408100,11,19,6,1415,15,15
1700408160,11,19,6,1416,15,15
1700408220,11,19,6,1417,15,15
1700408280,11,19,6,1418,15,15
1700408340,11,19,6,1419,15,15
1700408400,11,19,6,1420,15,15
1700408460,11,19,6,1421,15,15
1700408520,11,19,6,1422,15,15
1700408580,11,19,6,1423,15,15
1700408640,11,19,6,1424,15,15
1700408700,11,19,6,1425,15,15
1700408760,11,19,6,1426,15,15
1700408820,11,19,6,1427,15,15
1700408880,11,19,6,1428,15,15
1700408940,11,19,6,1429,15,15
1700409000,11,19,6,1430,15,15
1700409060,11,19,6,1431,15,15
1700409120,11,19,6,1432,15,15
1700409180,11,19,6,1433,15,15
1700409240,11,19,6,1434,15,15
1700409300,11,19,6,1435,15,15
1700409360,11,19,6,1436,15,15
1700409420,11,19,6,1437,15,15
1700409480,11,19,6,1438,15,15
1700409540,11,19,6,1439,15,15
1700409600,11,20,0,0,15,15
1700409660,11,20,0,1,15,15
1700409780,11,20,0,3,15,15
1700409840,11,20,0,4,15,15
1700409900,11,20,0,5,15,15
1700409960,11,20,0,6,15,15
1700410020,11,20,0,7,15,15
1700410080,11,20,0,8,15,15
1700410140,11,20,0,9,15,15
1700410260,11,20,0,11,15,15
1700410320,11,20,0,12,15,15
1700410380,11,20,0,13,15,15
1700410440,11,20,0,14,15,15
1700410500,11,20,0,15,15,15
1700410560,11,20,0,16,15,15
1700410620,11,20,0,17,15,15
1700410680,11,20,0,18,15,15
1700410740,11,20,0,19,15,15
1700410860,11,20,0,21,15,15
1700410920,11,20,0,22,15,15
1700410980,11,20,0,23,15,15
1700411040,11,20,0,24,15,15
1700411100,11,20,0,25,15,15
1700411160,11,20,0,26,15,15
1700411220,11,20,0,27,15,15
1700411280,11,20,0,28,15,15
1700411340,11,20,0,29,15,15
1700411460,11,20,0,31,15,15
1700411520,11,20,0,32,15,15
1700411580,11,20,0,33,15,15
1700411640,11,20,0,34,15,15
1700411760,11,20,0,36,15,15
1700411820,11,20,0,37,15,15
1700411880,11,20,0,38,15,15
1700411940,11,20,0,39,15,15
1700412060,11,20,0,41,15,15
1700412120,11,20,0,42,15,15
1700412180,11,20,0,43,15,15
1700412240,11,20,0,44,15,15
1700412300,11,20,0,45,15,15
1700412360,11,20,0,46,15,15
1700412420,11,20,0,47,15,15
1700412480,11,20,0,48,15,15
1700412540,11,20,0,49,15,15
1700412660,11,20,0,51,15,15
1700412720,11,20,0,52,15,15
1700412780,11,20,0,53,15,15
1700412840,11,20,0,54,15,15
1700412900,11,20,0,55,15,15
1700412960,11,20,0,56,15,15
1700413020,11,20,0,57,15,15
1700413080,11,20,0,58,15,15
1700413140,11,20,0,59,15,15
1700413260,11,20,0,61,15,14
1700413320,11,20,0,62,15,14
1700413380,11,20,0,63,15,14
1700413440,11,20,0,64,15,14
1700413500,11,20,0,65,15,15
1700413560,11,20,0,66,15,15
1700413620,11,20,0,67,15,15
1700413680,11,20,0,68,15,15
1700413740,11,20,0,69,15,15
1700413860,11,20,0,71,15,14
1700413920,11,20,0,72,15,14
1700413980,11,20,0,73,15,14
1700414040,11,20,0,74,15,14
1700414100,11,20,0,75,15,14
1700414160,11,20,0,76,15,14
1700414220,11,20,0,77,15,15
1700414280,11,20,0,78,15,15
1700414340,11,20,0,79,15,15
1700414460,11,20,0,81,15,15
1700414520,11,20,0,82,15,15
1700414640,11,20,0,84,15,15
1700414700,11,20,0,85,15,15
1700414760,11,20,0,86,15,15
1700414820,11,20,0,87,15,15
1700414880,11,20,0,88,15,15
1700414940,11,20,0,89,15,15
1700415060,11,20,0,91,15,15
1700415120,11,20,0,92,15,15
1700415180,11,20,0,93,15,15
1700415240,11,20,0,94,15,15
1700415300,11,20,0,95,15,15
1700415360,11,20,0,96,15,15
1700415420,11,20,0,97,15,15
1700415480,11,20,0,98,15,15
1700415540,11,20,0,99,15,15
1700415660,11,20,0,101,15,15
1700415720,11,20,0,102,15,15
1700415780,11,20,0,103,15,15
1700415840,11,20,0,104,15,15
1700415900,11,20,0,105,15,15
1700415960,11,20,0,106,15,15
1700416020,11,20,0,107,15,15
1700416080,11,20,0,108,15,15
1700416140,11,20,0,109,15,15
1700416260,11,20,0,111,15,15
1700416320,11,20,0,112,15,15
1700416380,11,20,0,113,15,15
1700416440,11,20,0,114,15,15
1700416500,11,20,0,115,15,15
1700416560,11,20,0,116,15,15
1700416620,11,20,0,117,15,15
1700416680,11,20,0,118,15,15
1700416740,11,20,0,119,15,15
1700416860,11,20,0,121,15,15
1700416920,11,20,0,122,15,15
1700416980,11,20,0,123,15,15
1700417040,11,20,0,124,15,15
1700417100,11,20,0,125,15,15
1700417160,11,20,0,126,15,15
1700417220,11,20,0,127,15,15
1700417280,11,20,0,128,15,15
1700417340,11,20,0,129,15,15
1700417400,11,20,0,130,15,15
1700417460,11,20,0,131,15,15
1700417520,11,20,0,132,15,15
1700417580,11,20,0,133,15,15
1700417640,11,20,0,134,15,15
1700417700,11,20,0,135,15,15
1700417760,11,20,0,136,15,15
1700417820,11,20,0,137,15,15
1700417880,11,20,0,138,15,15
1700417940,11,20,0,139,15,15
1700418060,11,20,0,141,15,15
1700418120,11,20,0,142,15,15
1700418180,11,20,0,143,15,15
1700418240,11,20,0,144,15,15
1700418300,11,20,0,145,15,15
1700418360,11,20,0,146,15,15
1700418420,11,20,0,147,15,15
1700418480,11,20,0,148,15,15
1700418540,11,20,0,149,15,15
1700418600,11,20,0,150,15,15
1700418660,11,20,0,151,15,15
1700418720,11,20,0,152,15,15
1700418780,11,20,0,153,15,15
1700418840,11,20,0,154,15,15
1700418900,11,20,0,155,15,15
1700418960,11,20,0,156,15,15
1700419020,11,20,0,157,15,15
1700419080,11,20,0,158,15,15
1700419140,11,20,0,159,15,15
1700419200,11,20,0,160,15,15
1700419260,11,20,0,161,15,15
1700419320,11,20,0,162,15,15
1700419380,11,20,0,163,15,15
1700419440,11,20,0,164,15,15
1700419500,11,20,0,165,15,15
1700419560,11,20,0,166,15,15
1700419620,11,20,0,167,15,15
1700419680,11,20,0,168,15,15
1700419740,11,20,0,169,15,15
1700419800,11,20,0,170,15,15
1700419860,11,20,0,171,15,15
1700419920,11,20,0,172,15,15
1700419980,11,20,0,173,15,15
1700420040,11,20,0,174,15,15
1700420100,11,20,0,175,15,15
1700420160,11,20,0,176,15,15
1700420220,11,20,0,177,15,15
1700420280,11,20,0,178,15,15
1700420340,11,20,0,179,15,15
1700420400,11,20,0,180,15,15
1700420460,11,20,0,181,15,15
1700420520,11,20,0,182,15,15
1700420580,11,20,0,183,15,15
1700420640,11,20,0,184,15,15
1700420700,11,20,0,185,15,15
1700420760,11,20,0,186,15,15
1700420820,11,20,0,187,15,15
1700420880,11,20,0,188,15,15
1700420940,11,20,0,189,15,15
1700421000,11,20,0,190,15,15
1700421060,11,20,0,191,15,15
1700421120,11,20,0,192,15,15
1700421180,11,20,0,193,15,15
1700421240,11,20,0,194,15,15
1700421300,11,20,0,195,15,15
1700421360,11,20,0,196,15,15
1700421420,11,20,0,197,15,15
1700421480,11,20,0,198,15,15
1700421540,11,20,0,199,15,15
1700421660,11,20,0,201,15,15
1700421720,11,20,0,202,15,15
1700421780,11,20,0,203,15,15
1700421840,11,20,0,204,15,15
1700421900,11,20,0,205,15,15
1700421960,11,20,0,206,15,15
1700422020,11,20,0,207,15,15
1700422080,11,20,0,208,15,15
1700422140,11,20,0,209,15,15
1700422200,11,20,0,210,15,15
1700422260,11,20,0,211,15,15
1700422320,11,20,0,212,15,15
1700422380,11,20,0,213,15,15
1700422440,11,20,0,214,15,15
1700422500,11,20,0,215,15,15
1700422560,11,20,0,216,15,15
1700422620,11,20,0,217,15,15
1700422680,11,20,0,218,15,15
1700422740,11,20,0,219,15,15
1700422800,11,20,0,220,15,15
1700422860,11,20,0,221,15,15
1700422920,11,20,0,222,15,15
1700422980,11,20,0,223,15,15
1700423040,11,20,0,224,15,15
1700423100,11,20,0,225,15,15
1700423160,11,20,0,226,15,15
1700423220,11,20,0,227,15,15
1700423280,11,20,0,228,15,15
1700423340,11,20,0,229,15,15
1700423400,11,20,0,230,15,15
1700423460,11,20,0,231,15,15
1700423520,11,20,0,232,15,15
1700423580,11,20,0,233,15,15
1700423640,11,20,0,234,15,15
1700423700,11,20,0,235,15,15
1700423760,11,20,0,236,15,15
1700423820,11,20,0,237,15,15
1700423880,11,20,0,238,15,15
1700423940,11,20,0,239,15,15
1700424000,11,20,0,240,15,15
1700424060,11,20,0,241,15,15
1700424120,11,20,0,242,15,15
1700424180,11,20,0,243,15,15
1700424240,11,20,0,244,15,15
1700424300,11,20,0,245,15,15
1700424360,11,20,0,246,15,15
1700424420,11,20,0,247,15,15
1700424480,11,20,0,248,15,15
1700424540,11,20,0,249,15,15
1700424600,11,20,0,250,15,15
1700424660,11,20,0,251,15,15
1700424720,11,20,0,252,15,15
1700424780,11,20,0,253,15,15
1700424840,11,20,0,254,15,15
1700424900,11,20,0,255,15,15
1700424960,11,20,0,256,15,15
1700425020,11,20,0,257,15,15
1700425080,11,20,0,258,15,15
1700425140,11,20,0,259,15,15
1700425260,11,20,0,261,15,15
1700425320,11,20,0,262,15,15
1700425380,11,20,0,263,15,15
1700425440,11,20,0,264,15,15
1700425560,11,20,0,266,15,15
1700425620,11,20,0,267,15,15
1700425680,11,20,0,268,15,15
1700425740,11,20,0,269,15,15
1700425860,11,20,0,271,15,15
1700425920,11,20,0,272,15,15
1700425980,11,20,0,273,15,15
1700426040,11,20,0,274,15,15
1700426100,11,20,0,275,15,15
1700426160,11,20,0,276,15,15
1700426220,11,20,0,277,15,15
1700426280,11,20,0,278,15,15
1700426340,11,20,0,279,15,15
1700426460,11,20,0,281,15,15
1700426520,11,20,0,282,15,15
1700426580,11,20,0,283,15,15
1700426640,11,20,0,284,15,15
1700426700,11,20,0,285,15,15
1700426760,11,20,0,286,15,15
1700426820,11,20,0,287,15,15
1700426880,11,20,0,288,15,15
1700426940,11,20,0,289,15,15
1700427060,11,20,0,291,15,15
1700427120,11,20,0,292,15,15
1700427180,11,20,0,293,15,15
1700427240,11,20,0,294,15,15
1700427300,11,20,0,295,15,15
1700427360,11,20,0,296,15,15
1700427420,11,20,0,297,15,15
1700427480,11,20,0,298,15,15
1700427540,11,20,0,299,15,15
1700427660,11,20,0,301,15,15
1700427720,11,20,0,302,15,15
1700427780,11,20,0,303,15,15
1700427840,11,20,0,304,15,15
1700427900,11,20,0,305,15,15
1700427960,11,20,0,306,15,15
1700428020,11,20,0,307,15,15
1700428080,11,20,0,308,15,15
1700428140,11,20,0,309,15,15
1700428260,11,20,0,311,15,15
1700428320,11,20,0,312,15,15
1700428380,11,20,0,313,15,15
1700428440,11,20,0,314,15,15
1700428500,11,20,0,315,15,15
1700428560,11,20,0,316,15,15
1700428620,11,20,0,317,15,15
1700428680,11,20,0,318,15,15
1700428740,11,20,0,319,15,15
1700428860,11,20,0,321,15,15
1700428920,11,20,0,322,15,15
1700428980,11,20,0,323,15,15
1700429040,11,20,0,324,15,15
1700429100,11,20,0,325,15,15
1700429160,11,20,0,326,15,15
1700429220,11,20,0,327,15,15
1700429280,11,20,0,328,15,15
1700429340,11,20,0,329,15,15
1700429460,11,20,0,331,15,15
1700429520,11,20,0,332,15,15
1700429580,11,20,0,333,15,15
1700429640,11,20,0,334,15,15
1700429700,11,20,0,335,15,15
1700429760,11,20,0,336,15,15
1700429820,11,20,0,337,15,15
1700429880,11,20,0,338,15,15
1700429940,11,20,0,339,15,15
1700430060,11,20,0,341,15,15
1700430120,11,20,0,342,15,15
1700430180,11,20,0,343,15,15
1700430240,11,20,0,344,15,15
1700430300,11,20,0,345,15,15
1700430360,11,20,0,346,15,15
1700430420,11,20,0,347,15,15
1700430480,11,20,0,348,15,15
1700430540,11,20,0,349,15,14
1700430660,11,20,0,351,15,14
1700430720,11,20,0,352,15,14
1700430780,11,20,0,353,15,14
1700430840,11,20,0,354,15,14
1700430900,11,20,0,355,15,14
1700430960,11,20,0,356,15,14
1700431020,11,20,0,357,15,14
1700431080,11,20,0,358,15,14
1700431140,11,20,0,359,15,14
1700431260,11,20,0,361,15,14
1700431320,11,20,0,362,15,14
1700431380,11,20,0,363,15,14
1700431440,11,20,0,364,15,14
1700431500,11,20,0,365,15,15
1700431560,11,20,0,366,15,15
1700431620,11,20,0,367,15,15
1700431680,11,20,0,368,15,15
1700431740,11,20,0,369,15,15
1700431800,11,20,0,370,15,15
1700431860,11,20,0,371,15,15
1700431920,11,20,0,372,15,15
1700431980,11,20,0,373,15,15
1700432040,11,20,0,374,15,15
1700432100,11,20,0,375,15,15
1700432160,11,20,0,376,15,15
1700432220,11,20,0,377,15,15
1700432280,11,20,0,378,15,15
1700432340,11,20,0,379,15,15
1700432460,11,20,0,381,15,15
1700432520,11,20,0,382,15,15
1700432580,11,20,0,383,15,15
1700432640,11,20,0,384,15,15
1700432700,11,20,0,385,15,15
1700432760,11,20,0,386,15,15
1700432820,11,20,0,387,15,15
1700432880,11,20,0,388,15,15
1700432940,11,20,0,389,15,15
1700433000,11,20,0,390,15,15
1700433060,11,20,0,391,15,15
1700433120,11,20,0,392,15,15
1700433180,11,20,0,393,15,15
1700433240,11,20,0,394,15,15
1700433300,11,20,0,395,15,15
1700433360,11,20,0,396,15,15
1700433420,11,20,0,397,15,15
1700433480,11,20,0,398,15,15
1700433540,11,20,0,399,15,15
1700433600,11,20,0,400,15,15
1700433660,11,20,0,401,15,15
1700433720,11,20,0,402,15,14
1700433780,11,20,0,403,15,14
1700433840,11,20,0,404,15,14
1700433900,11,20,0,405,15,14
1700433960,11,20,0,406,15,14
1700434020,11,20,0,407,15,14
1700434080,11,20,0,408,15,14
1700434140,11,20,0,409,15,14
1700434200,11,20,0,410,15,14
1700434260,11,20,0,411,15,14
1700434320,11,20,0,412,15,14
1700434380,11,20,0,413,15,14
1700434440,11,20,0,414,15,14
1700434500,11,20,0,415,15,14
1700434560,11,20,0,416,15,14
1700434620,11,20,0,417,15,14
1700434680,11,20,0,418,15,14
1700434740,11,20,0,419,15,14
1700434800,11,20,0,420,15,14
1700434920,11,20,0,422,15,14
1700434980,11,20,0,423,15,14
1700435040,11,20,0,424,15,14
1700435100,11,20,0,425,15,15
1700435160,11,20,0,426,15,15
1700435220,11,20,0,427,15,15
1700435280,11,20,0,428,15,15
1700435340,11,20,0,429,15,15
1700435400,11,20,0,430,15,15
1700435460,11,20,0,431,15,15
1700435520,11,20,0,432,15,15
1700435580,11,20,0,433,15,15
1700435640,11,20,0,434,15,15
1700435700,11,20,0,435,15,15
1700435760,11,20,0,436,15,15
1700435820,11,20,0,437,15,15
1700435880,11,20,0,438,15,15
1700435940,11,20,0,439,15,15
1700436060,11,20,0,441,15,15
1700436120,11,20,0,442,15,15
1700436180,11,20,0,443,15,15
1700436240,11,20,0,444,15,15
1700436300,11,20,0,445,15,15
1700436360,11,20,0,446,15,15
1700436420,11,20,0,447,15,15
1700436480,11,20,0,448,15,15
1700436540,11,20,0,449,15,14
1700436660,11,20,0,451,15,14
1700436720,11,20,0,452,15,14
1700436780,11,20,0,453,15,15
1700436840,11,20,0,454,15,15
1700436900,11,20,0,455,15,14
1700436960,11,20,0,456,15,14
1700437020,11,20,0,457,15,14
1700437080,11,20,0,458,15,14
1700437140,11,20,0,459,15,14
1700437200,11,20,0,460,15,14
1700437260,11,20,0,461,15,14
1700437320,11,20,0,462,15,14
1700437380,11,20,0,463,15,14
1700437440,11,20,0,464,15,12
1700437500,11,20,0,465,15,12
1700437560,11,20,0,466,15,13
1700437620,11,20,0,467,15,13
1700437680,11,20,0,468,15,14
1700437740,11,20,0,469,15,14
1700437800,11,20,0,470,15,14
1700437860,11,20,0,471,15,14
1700437920,11,20,0,472,15,14
1700437980,11,20,0,473,15,15
1700438040,11,20,0,474,15,15
1700438100,11,20,0,475,15,15
1700438160,11,20,0,476,15,15
1700438220,11,20,0,477,15,14
1700438280,11,20,0,478,15,14
1700438340,11,20,0,479,15,14
1700438460,11,20,0,481,15,12
1700438520,11,20,0,482,15,14
1700438580,11,20,0,483,15,14
1700438640,11,20,0,484,15,14
1700438700,11,20,0,485,15,14
1700438760,11,20,0,486,15,13
1700438820,11,20,0,487,15,12
1700438880,11,20,0,488,15,12
1700438940,11,20,0,489,15,12
1700439000,11,20,0,490,15,11
1700439060,11,20,0,491,15,11
1700439120,11,20,0,492,15,12
1700439180,11,20,0,493,15,12
1700439240,11,20,0,494,15,12
1700439300,11,20,0,495,15,12
1700439360,11,20,0,496,15,11
1700439420,11,20,0,497,15,11
1700439480,11,20,0,498,15,11
1700439540,11,20,0,499,15,12
1700439660,11,20,0,501,15,11
1700439720,11,20,0,502,15,11
1700439780,11,20,0,503,15,11
1700439840,11,20,0,504,15,11
1700439900,11,20,0,505,15,11
1700439960,11,20,0,506,15,10
1700440020,11,20,0,507,15,9
1700440080,11,20,0,508,15,9
1700440140,11,20,0,509,15,8
1700440260,11,20,0,511,15,7
1700440320,11,20,0,512,15,10
1700440380,11,20,0,513,15,9
1700440440,11,20,0,514,15,9
1700440500,11,20,0,515,15,9
1700440560,11,20,0,516,15,7
1700440620,11,20,0,517,15,6
1700440740,11,20,0,519,15,6
1700440860,11,20,0,521,15,5
1700440920,11,20,0,522,15,5
1700440980,11,20,0,523,15,5
1700441040,11,20,0,524,15,4
1700441100,11,20,0,525,15,6
1700441160,11,20,0,526,15,6
1700441220,11,20,0,527,15,5
1700441280,11,20,0,528,15,5
1700441340,11,20,0,529,15,4
1700441460,11,20,0,531,15,4
1700441520,11,20,0,532,15,4
1700441580,11,20,0,533,15,3
1700441640,11,20,0,534,15,2
1700441700,11,20,0,535,15,2
1700441760,11,20,0,536,15,1
1700441820,11,20,0,537,15,1
1700441880,11,20,0,538,15,2
1700441940,11,20,0,539,15,3
1700442060,11,20,0,541,15,2
1700442120,11,20,0,542,15,2
1700442180,11,20,0,543,15,1
1700442240,11,20,0,544,15,1
1700442300,11,20,0,545,15,3
1700442360,11,20,0,546,15,4
1700442420,11,20,0,547,15,4
1700442480,11,20,0,548,15,4
1700442540,11,20,0,549,15,4
1700442660,11,20,0,551,15,4
1700442720,11,20,0,552,15,4
1700442780,11,20,0,553,15,4
1700442840,11,20,0,554,15,4
1700442900,11,20,0,555,15,3
1700442960,11,20,0,556,15,3
1700443020,11,20,0,557,15,3
1700443080,11,20,0,558,15,4
1700443140,11,20,0,559,15,4
1700443260,11,20,0,561,15,3
1700443320,11,20,0,562,15,3
1700443380,11,20,0,563,15,2
1700443440,11,20,0,564,15,2
1700443500,11,20,0,565,15,2
1700443560,11,20,0,566,15,2
1700443620,11,20,0,567,15,2
1700443680,11,20,0,568,15,3
1700443740,11,20,0,569,15,3
1700443860,11,20,0,571,15,3
1700443920,11,20,0,572,15,4
1700443980,11,20,0,573,15,4
1700444040,11,20,0,574,15,4
1700444100,11,20,0,575,15,6
1700444160,11,20,0,576,15,7
1700444220,11,20,0,577,15,7
1700444280,11,20,0,578,15,6
1700444340,11,20,0,579,15,5
1700444460,11,20,0,581,15,5
1700444520,11,20,0,582,15,5
1700444580,11,20,0,583,15,5
1700444640,11,20,0,584,15,5
1700444700,11,20,0,585,15,5
1700444760,11,20,0,586,15,5
1700444820,11,20,0,587,15,5
1700444880,11,20,0,588,15,6
1700444940,11,20,0,589,15,6
1700445060,11,20,0,591,15,6
1700445120,11,20,0,592,15,6
1700445180,11,20,0,593,15,4
1700445240,11,20,0,594,15,3
1700445300,11,20,0,595,15,3
1700445360,11,20,0,596,15,3
1700445420,11,20,0,597,15,4
1700445480,11,20,0,598,15,3
1700445540,11,20,0,599,15,3
1700445660,11,20,0,601,15,2
1700445720,11,20,0,602,15,2
1700445780,11,20,0,603,15,1
1700445840,11,20,0,604,15,1
1700445900,11,20,0,605,15,1
1700445960,11,20,0,606,15,2
1700446020,11,20,0,607,15,0
1700446080,11,20,0,608,15,0
1700446140,11,20,0,609,15,1
1700446260,11,20,0,611,15,1
1700446320,11,20,0,612,15,1
1700446380,11,20,0,613,15,1
1700446440,11,20,0,614,15,0
1700446500,11,20,0,615,15,0
1700446560,11,20,0,616,15,0
1700446620,11,20,0,617,15,0
1700446680,11,20,0,618,15,0
1700446740,11,20,0,619,15,0
1700446860,11,20,0,621,15,0
1700446920,11,20,0,622,15,0
1700446980,11,20,0,623,15,0
1700447040,11,20,0,624,15,0
1700447100,11,20,0,625,15,1
1700447160,11,20,0,626,15,0
1700447220,11,20,0,627,15,0
1700447280,11,20,0,628,15,0
1700447340,11,20,0,629,15,0
1700447460,11,20,0,631,15,0
1700447520,11,20,0,632,15,0
1700447580,11,20,0,633,15,0
1700447640,11,20,0,634,15,0
1700447700,11,20,0,635,15,0
1700447760,11,20,0,636,15,0
1700447820,11,20,0,637,15,0
1700447880,11,20,0,638,15,0
1700447940,11,20,0,639,15,0
1700448000,11,20,0,640,15,0
1700448060,11,20,0,641,15,0
1700448120,11,20,0,642,15,0
1700448180,11,20,0,643,15,0
1700448240,11,20,0,644,15,0
1700448300,11,20,0,645,15,0
1700448360,11,20,0,646,15,0
1700448420,11,20,0,647,15,0
1700448480,11,20,0,648,15,0
1700448540,11,20,0,649,15,0
1700448600,11,20,0,650,15,0
1700448660,11,20,0,651,15,0
1700448720,11,20,0,652,15,0
1700448780,11,20,0,653,15,0
1700448840,11,20,0,654,15,0
1700448900,11,20,0,655,15,0
1700448960,11,20,0,656,15,0
1700449020,11,20,0,657,15,0
1700449080,11,20,0,658,15,0
1700449140,11,20,0,659,15,1
1700449260,11,20,0,661,15,0
1700449320,11,20,0,662,15,0
1700449380,11,20,0,663,15,0
1700449440,11,20,0,664,15,0
1700449500,11,20,0,665,15,0
1700449560,11,20,0,666,15,0
1700449620,11,20,0,667,15,0
1700449680,11,20,0,668,15,0
1700449740,11,20,0,669,15,2
1700449800,11,20,0,670,15,2
1700449860,11,20,0,671,15,2
1700449920,11,20,0,672,15,2
1700449980,11,20,0,673,15,2
1700450040,11,20,0,674,15,2
1700450100,11,20,0,675,15,2
1700450160,11,20,0,676,15,2
1700450220,11,20,0,677,15,2
1700450280,11,20,0,678,15,2
1700450340,11,20,0,679,15,3
1700450460,11,20,0,681,15,3
1700450520,11,20,0,682,15,4
1700450580,11,20,0,683,15,4
1700450640,11,20,0,684,15,4
1700450700,11,20,0,685,15,4
1700450760,11,20,0,686,15,4
1700450820,11,20,0,687,15,4
1700450880,11,20,0,688,15,4
1700450940,11,20,0,689,15,4
1700451000,11,20,0,690,15,4
1700451060,11,20,0,691,15,4
1700451120,11,20,0,692,15,3
1700451180,11,20,0,693,15,3
1700451240,11,20,0,694,15,3
1700451300,11,20,0,695,15,3
1700451360,11,20,0,696,15,3
1700451420,11,20,0,697,15,3
1700451480,11,20,0,698,15,3
1700451540,11,20,0,699,15,3
1700451600,11,20,0,700,15,3
1700451660,11,20,0,701,15,3
1700451720,11,20,0,702,15,3
1700451780,11,20,0,703,15,3
1700451840,11,20,0,704,15,2
1700451900,11,20,0,705,15,2
1700451960,11,20,0,706,15,2
1700452020,11,20,0,707,15,2
1700452080,11,20,0,708,15,2
1700452140,11,20,0,709,15,2
1700452200,11,20,0,710,15,2
1700452260,11,20,0,711,15,2
1700452320,11,20,0,712,15,2
1700452380,11,20,0,713,15,2
1700452440,11,20,0,714,15,2
1700452500,11,20,0,715,15,2
1700452560,11,20,0,716,15,3
1700452620,11,20,0,717,15,3
1700452680,11,20,0,718,15,3
1700452740,11,20,0,719,15,3
1700452860,11,20,0,721,15,3
1700452920,11,20,0,722,15,3
1700452980,11,20,0,723,15,3
1700453040,11,20,0,724,15,4
1700453100,11,20,0,725,15,4
1700453160,11,20,0,726,15,5
1700453220,11,20,0,727,15,5
1700453280,11,20,0,728,15,5
1700453340,11,20,0,729,15,7
1700453400,11,20,0,730,15,7
1700453460,11,20,0,731,15,5
1700453520,11,20,0,732,15,6
1700453580,11,20,0,733,15,5
1700453640,11,20,0,734,15,5
1700453700,11,20,0,735,15,5
1700453760,11,20,0,736,15,5
1700453820,11,20,0,737,15,5
1700453880,11,20,0,738,15,5
1700453940,11,20,0,739,15,5
1700454060,11,20,0,741,15,5
1700454120,11,20,0,742,15,5
1700454180,11,20,0,743,15,5
1700454240,11,20,0,744,15,5
1700454300,11,20,0,745,15,4
1700454360,11,20,0,746,15,4
1700454420,11,20,0,747,15,4
1700454480,11,20,0,748,15,2
1700454540,11,20,0,749,15,2
1700454660,11,20,0,751,15,2
1700454720,11,20,0,752,15,2
1700454780,11,20,0,753,15,3
1700454840,11,20,0,754,15,3
1700454900,11,20,0,755,15,3
1700454960,11,20,0,756,15,4
1700455020,11,20,0,757,15,4
1700455080,11,20,0,758,15,3
1700455140,11,20,0,759,15,2
1700455200,11,20,0,760,15,1
1700455260,11,20,0,761,15,1
1700455320,11,20,0,762,15,2
1700455380,11,20,0,763,15,2
1700455440,11,20,0,764,15,2
1700455500,11,20,0,765,15,2
1700455560,11,20,0,766,15,2
1700455620,11,20,0,767,15,2
1700455680,11,20,0,768,15,2
1700455740,11,20,0,769,15,2
1700455800,11,20,0,770,15,2
1700455860,11,20,0,771,15,2
1700455920,11,20,0,772,15,1
1700455980,11,20,0,773,15,1
1700456040,11,20,0,774,15,0
1700456100,11,20,0,775,15,0
1700456160,11,20,0,776,15,1
1700456220,11,20,0,777,15,1
1700456280,11,20,0,778,15,0
1700456340,11,20,0,779,15,1
1700456460,11,20,0,781,15,1
1700456520,11,20,0,782,15,0
1700456580,11,20,0,783,15,0
1700456640,11,20,0,784,15,0
1700456760,11,20,0,786,15,1
1700456820,11,20,0,787,15,0
1700456880,11,20,0,788,15,1
1700456940,11,20,0,789,15,0
1700457060,11,20,0,791,15,0
1700457120,11,20,0,792,15,0
1700457180,11,20,0,793,15,0
1700457240,11,20,0,794,15,0
1700457300,11,20,0,795,15,0
1700457360,11,20,0,796,15,0
1700457420,11,20,0,797,15,0
1700457480,11,20,0,798,15,1
1700457540,11,20,0,799,15,1
1700457660,11,20,0,801,15,1
1700457720,11,20,0,802,15,3
1700457780,11,20,0,803,15,3
1700457840,11,20,0,804,15,3
1700457900,11,20,0,805,15,3
1700457960,11,20,0,806,15,3
1700458080,11,20,0,808,15,2
1700458140,11,20,0,809,15,2
1700458260,11,20,0,811,15,3
1700458320,11,20,0,812,15,2
1700458380,11,20,0,813,15,2
1700458440,11,20,0,814,15,2
1700458500,11,20,0,815,15,2
1700458560,11,20,0,816,15,2
1700458620,11,20,0,817,15,1
1700458680,11,20,0,818,15,1
1700458740,11,20,0,819,15,1
1700458860,11,20,0,821,15,1
1700458920,11,20,0,822,15,1
1700458980,11,20,0,823,15,1
1700459040,11,20,0,824,15,1
1700459100,11,20,0,825,15,1
1700459160,11,20,0,826,15,2
1700459220,11,20,0,827,15,2
1700459280,11,20,0,828,15,2
1700459340,11,20,0,829,15,2
1700459460,11,20,0,831,15,2
1700459520,11,20,0,832,15,2
1700459580,11,20,0,833,15,2
1700459640,11,20,0,834,15,3
1700459700,11,20,0,835,15,3
1700459760,11,20,0,836,15,3
1700459820,11,20,0,837,15,3
1700459880,11,20,0,838,15,3
1700459940,11,20,0,839,15,3
1700460060,11,20,0,841,15,1
1700460120,11,20,0,842,15,2
1700460180,11,20,0,843,15,2
1700460240,11,20,0,844,15,2
1700460300,11,20,0,845,15,2
1700460360,11,20,0,846,15,3
1700460420,11,20,0,847,15,3
1700460480,11,20,0,848,15,3
1700460540,11,20,0,849,15,3
1700460660,11,20,0,851,15,4
1700460720,11,20,0,852,15,4
1700460780,11,20,0,853,15,3
1700460840,11,20,0,854,15,4
1700460900,11,20,0,855,15,1
1700460960,11,20,0,856,15,1
1700461020,11,20,0,857,15,1
1700461080,11,20,0,858,15,0
1700461140,11,20,0,859,15,1
1700461260,11,20,0,861,15,0
1700461320,11,20,0,862,15,0
1700461380,11,20,0,863,15,0
1700461440,11,20,0,864,15,0
1700461500,11,20,0,865,15,0
1700461560,11,20,0,866,15,1
1700461620,11,20,0,867,15,2
1700461680,11,20,0,868,15,2
1700461740,11,20,0,869,15,2
1700461860,11,20,0,871,15,2
1700461920,11,20,0,872,15,2
1700461980,11,20,0,873,15,1
1700462040,11,20,0,874,15,1
1700462100,11,20,0,875,15,1
1700462160,11,20,0,876,15,1
1700462220,11,20,0,877,15,1
1700462280,11,20,0,878,15,1
1700462340,11,20,0,879,15,1
1700462460,11,20,0,881,15,1
1700462520,11,20,0,882,15,1
1700462580,11,20,0,883,15,1
1700462640,11,20,0,884,15,2
1700462700,11,20,0,885,15,2
1700462760,11,20,0,886,15,3
1700462820,11,20,0,887,15,3
1700462880,11,20,0,888,15,3
1700462940,11,20,0,889,15,3
1700463060,11,20,0,891,15,2
1700463120,11,20,0,892,15,1
1700463180,11,20,0,893,15,1
1700463240,11,20,0,894,15,1
1700463300,11,20,0,895,15,1
1700463360,11,20,0,896,15,1
1700463420,11,20,0,897,15,1
1700463480,11,20,0,898,15,1
1700463540,11,20,0,899,15,1
1700463660,11,20,0,901,15,1
1700463720,11,20,0,902,15,2
1700463780,11,20,0,903,15,1
1700463840,11,20,0,904,15,1
1700463900,11,20,0,905,15,1
1700463960,11,20,0,906,15,2
1700464020,11,20,0,907,15,1
1700464080,11,20,0,908,15,1
1700464140,11,20,0,909,15,1
1700464200,11,20,0,910,15,1
1700464260,11,20,0,911,15,1
1700464320,11,20,0,912,15,1
1700464380,11,20,0,913,15,1
1700464440,11,20,0,914,15,1
1700464500,11,20,0,915,15,0
1700464560,11,20,0,916,15,0
1700464620,11,20,0,917,15,0
1700464680,11,20,0,918,15,0
1700464740,11,20,0,919,15,0
1700464860,11,20,0,921,15,0
1700464920,11,20,0,922,15,0
1700464980,11,20,0,923,15,0
1700465040,11,20,0,924,15,0
1700465100,11,20,0,925,15,0
1700465160,11,20,0,926,15,0
1700465220,11,20,0,927,15,0
1700465280,11,20,0,928,15,0
1700465340,11,20,0,929,15,0
1700465460,11,20,0,931,15,0
1700465520,11,20,0,932,15,0
1700465580,11,20,0,933,15,0
1700465640,11,20,0,934,15,1
1700465700,11,20,0,935,15,1
1700465760,11,20,0,936,15,1
1700465820,11,20,0,937,15,1
1700465880,11,20,0,938,15,1
1700465940,11,20,0,939,15,1
1700466000,11,20,0,940,15,1
1700466060,11,20,0,941,15,1
1700466120,11,20,0,942,15,2
1700466180,11,20,0,943,15,3
1700466240,11,20,0,944,15,3
1700466300,11,20,0,945,15,2
1700466360,11,20,0,946,15,4
1700466420,11,20,0,947,15,4
1700466480,11,20,0,948,15,4
1700466540,11,20,0,949,15,5
1700466600,11,20,0,950,15,7
1700466660,11,20,0,951,15,7
1700466720,11,20,0,952,15,7
1700466780,11,20,0,953,15,7
1700466840,11,20,0,954,15,9
1700466900,11,20,0,955,15,9
1700466960,11,20,0,956,15,8
1700467020,11,20,0,957,15,8
1700467080,11,20,0,958,15,8
1700467140,11,20,0,959,15,8
1700467260,11,20,0,961,15,7
1700467320,11,20,0,962,15,7
1700467380,11,20,0,963,15,7
1700467440,11,20,0,964,15,7
1700467500,11,20,0,965,15,8
1700467560,11,20,0,966,15,9
1700467620,11,20,0,967,15,9
1700467680,11,20,0,968,15,9
1700467740,11,20,0,969,15,9
1700467800,11,20,0,970,15,9
1700467860,11,20,0,971,15,9
1700467920,11,20,0,972,15,9
1700467980,11,20,0,973,15,9
1700468040,11,20,0,974,15,9
1700468100,11,20,0,975,15,8
1700468160,11,20,0,976,15,8
1700468220,11,20,0,977,15,8
1700468280,11,20,0,978,15,9
1700468340,11,20,0,979,15,9
1700468460,11,20,0,981,15,8
1700468520,11,20,0,982,15,8
1700468580,11,20,0,983,15,8
1700468640,11,20,0,984,15,8
1700468700,11,20,0,985,15,8
1700468760,11,20,0,986,15,10
1700468820,11,20,0,987,15,10
1700468880,11,20,0,988,15,10
1700468940,11,20,0,989,15,10
1700469000,11,20,0,990,15,9
1700469120,11,20,0,992,15,9
1700469180,11,20,0,993,15,9
1700469240,11,20,0,994,15,10
1700469300,11,20,0,995,15,10
1700469360,11,20,0,996,15,10
1700469420,11,20,0,997,15,12
1700469480,11,20,0,998,15,12
1700469540,11,20,0,999,15,12
1700469600,11,20,0,1000,15,12
1700469660,11,20,0,1001,15,12
1700469720,11,20,0,1002,15,12
1700469780,11,20,0,1003,15,12
1700469840,11,20,0,1004,15,12
1700469900,11,20,0,1005,15,13
1700469960,11,20,0,1006,15,13
1700470020,11,20,0,1007,15,12
1700470080,11,20,0,1008,15,12
1700470140,11,20,0,1009,15,11
1700470200,11,20,0,1010,15,11
1700470260,11,20,0,1011,15,11
1700470320,11,20,0,1012,15,11
1700470380,11,20,0,1013,15,11
1700470440,11,20,0,1014,15,11
1700470500,11,20,0,1015,15,11
1700470560,11,20,0,1016,15,11
1700470620,11,20,0,1017,15,11
1700470680,11,20,0,1018,15,10
1700470740,11,20,0,1019,15,9
1700470860,11,20,0,1021,15,9
1700470920,11,20,0,1022,15,9
1700470980,11,20,0,1023,15,9
1700471040,11,20,0,1024,15,8
1700471100,11,20,0,1025,15,9
1700471160,11,20,0,1026,15,9
1700471220,11,20,0,1027,15,10
1700471280,11,20,0,1028,15,10
1700471340,11,20,0,1029,15,10
1700471400,11,20,0,1030,15,10
1700471460,11,20,0,1031,15,10
1700471520,11,20,0,1032,15,9
1700471580,11,20,0,1033,15,11
1700471640,11,20,0,1034,15,11
1700471700,11,20,0,1035,15,11
1700471760,11,20,0,1036,15,11
1700471820,11,20,0,1037,15,11
1700471880,11,20,0,1038,15,11
1700471940,11,20,0,1039,15,9
1700472060,11,20,0,1041,15,8
1700472120,11,20,0,1042,15,7
1700472180,11,20,0,1043,15,7
1700472240,11,20,0,1044,15,7
1700472300,11,20,0,1045,15,6
1700472360,11,20,0,1046,15,4
1700472420,11,20,0,1047,15,4
1700472480,11,20,0,1048,15,2
1700472540,11,20,0,1049,15,2
1700472660,11,20,0,1051,15,2
1700472720,11,20,0,1052,15,3
1700472780,11,20,0,1053,15,3
1700472840,11,20,0,1054,15,2
1700472900,11,20,0,1055,15,2
1700472960,11,20,0,1056,15,3
1700473020,11,20,0,1057,15,3
1700473080,11,20,0,1058,15,3
1700473140,11,20,0,1059,15,3
1700473200,11,20,0,1060,15,3
1700473260,11,20,0,1061,15,3
1700473320,11,20,0,1062,15,3
1700473380,11,20,0,1063,15,3
1700473500,11,20,0,1065,15,5
1700473560,11,20,0,1066,15,6
1700473620,11,20,0,1067,15,6
1700473680,11,20,0,1068,15,6
1700473740,11,20,0,1069,15,7
1700473860,11,20,0,1071,15,6
1700473920,11,20,0,1072,15,6
1700473980,11,20,0,1073,15,6
1700474040,11,20,0,1074,15,6
1700474100,11,20,0,1075,15,6
1700474160,11,20,0,1076,15,6
1700474220,11,20,0,1077,15,6
1700474280,11,20,0,1078,15,4
1700474340,11,20,0,1079,15,4
1700474460,11,20,0,1081,15,4
1700474520,11,20,0,1082,15,4
1700474580,11,20,0,1083,15,4
1700474640,11,20,0,1084,15,4
1700474700,11,20,0,1085,15,3
1700474760,11,20,0,1086,15,3
1700474820,11,20,0,1087,15,1
1700474880,11,20,0,1088,15,1
1700474940,11,20,0,1089,15,1
1700475060,11,20,0,1091,15,1
1700475120,11,20,0,1092,15,0
1700475180,11,20,0,1093,15,0
1700475240,11,20,0,1094,15,0
1700475300,11,20,0,1095,15,0
1700475360,11,20,0,1096,15,0
1700475420,11,20,0,1097,15,0
1700475480,11,20,0,1098,15,0
1700475540,11,20,0,1099,15,0
1700475660,11,20,0,1101,15,1
1700475720,11,20,0,1102,15,1
1700475780,11,20,0,1103,15,0
1700475840,11,20,0,1104,15,0
1700475900,11,20,0,1105,15,1
1700475960,11,20,0,1106,15,1
1700476020,11,20,0,1107,15,0
1700476080,11,20,0,1108,15,0
1700476140,11,20,0,1109,15,0
1700476260,11,20,0,1111,15,0
1700476320,11,20,0,1112,15,0
1700476380,11,20,0,1113,15,0
1700476440,11,20,0,1114,15,0
1700476500,11,20,0,1115,15,0
1700476560,11,20,0,1116,15,0
1700476620,11,20,0,1117,15,0
1700476680,11,20,0,1118,15,0
1700476740,11,20,0,1119,15,0
1700476860,11,20,0,1121,15,0
1700476920,11,20,0,1122,15,0
1700476980,11,20,0,1123,15,0
1700477040,11,20,0,1124,15,0
1700477100,11,20,0,1125,15,2
1700477160,11,20,0,1126,15,1
1700477220,11,20,0,1127,15,1
1700477280,11,20,0,1128,15,0
1700477340,11,20,0,1129,15,0
1700477460,11,20,0,1131,15,0
1700477520,11,20,0,1132,15,0
1700477580,11,20,0,1133,15,2
1700477640,11,20,0,1134,15,1
1700477700,11,20,0,1135,15,1
1700477760,11,20,0,1136,15,0
1700477820,11,20,0,1137,15,2
1700477880,11,20,0,1138,15,2
1700477940,11,20,0,1139,15,2
1700478060,11,20,0,1141,15,0
1700478180,11,20,0,1143,15,0
1700478240,11,20,0,1144,15,0
1700478300,11,20,0,1145,15,1
1700478360,11,20,0,1146,15,1
1700478420,11,20,0,1147,15,1
1700478480,11,20,0,1148,15,2
1700478540,11,20,0,1149,15,2
1700478600,11,20,0,1150,15,2
1700478660,11,20,0,1151,15,2
1700478720,11,20,0,1152,15,2
1700478780,11,20,0,1153,15,3
1700478840,11,20,0,1154,15,3
1700478900,11,20,0,1155,15,3
1700478960,11,20,0,1156,15,1
1700479020,11,20,0,1157,15,1
1700479080,11,20,0,1158,15,1
1700479140,11,20,0,1159,15,1
1700479260,11,20,0,1161,15,1
1700479320,11,20,0,1162,15,1
1700479380,11,20,0,1163,15,1
1700479440,11,20,0,1164,15,0
1700479500,11,20,0,1165,15,0
1700479560,11,20,0,1166,15,1
1700479620,11,20,0,1167,15,1
1700479680,11,20,0,1168,15,1
1700479740,11,20,0,1169,15,1
1700479860,11,20,0,1171,15,1
1700479920,11,20,0,1172,15,1
1700479980,11,20,0,1173,15,2
1700480040,11,20,0,1174,15,0
1700480100,11,20,0,1175,15,0
1700480160,11,20,0,1176,15,0
1700480220,11,20,0,1177,15,0
1700480280,11,20,0,1178,15,2
1700480340,11,20,0,1179,15,2
1700480400,11,20,0,1180,15,2
1700480460,11,20,0,1181,15,1
1700480520,11,20,0,1182,15,1
1700480580,11,20,0,1183,15,1
1700480640,11,20,0,1184,15,1
1700480700,11,20,0,1185,15,1
1700480760,11,20,0,1186,15,1
1700480820,11,20,0,1187,15,1
1700480880,11,20,0,1188,15,1
1700480940,11,20,0,1189,15,1
1700481000,11,20,0,1190,15,1
1700481060,11,20,0,1191,15,1
1700481120,11,20,0,1192,15,1
1700481180,11,20,0,1193,15,1
1700481240,11,20,0,1194,15,2
1700481300,11,20,0,1195,15,2
1700481360,11,20,0,1196,15,2
1700481420,11,20,0,1197,15,2
1700481480,11,20,0,1198,15,2
1700481540,11,20,0,1199,15,2
1700481660,11,20,0,1201,15,2
1700481720,11,20,0,1202,15,1
1700481780,11,20,0,1203,15,1
1700481840,11,20,0,1204,15,1
1700481900,11,20,0,1205,15,0
1700481960,11,20,0,1206,15,0
1700482020,11,20,0,1207,15,0
1700482080,11,20,0,1208,15,0
1700482140,11,20,0,1209,15,0
1700482200,11,20,0,1210,15,0
1700482260,11,20,0,1211,15,1
1700482320,11,20,0,1212,15,1
1700482380,11,20,0,1213,15,1
1700482440,11,20,0,1214,15,0
1700482500,11,20,0,1215,15,0
1700482560,11,20,0,1216,15,0
1700482620,11,20,0,1217,15,0
1700482680,11,20,0,1218,15,0
1700482740,11,20,0,1219,15,0
1700482860,11,20,0,1221,15,0
1700482920,11,20,0,1222,15,1
1700482980,11,20,0,1223,15,1
1700483040,11,20,0,1224,15,1
1700483100,11,20,0,1225,15,1
1700483160,11,20,0,1226,15,3
1700483220,11,20,0,1227,15,3
1700483280,11,20,0,1228,15,3
1700483340,11,20,0,1229,15,2
1700483460,11,20,0,1231,15,3
1700483520,11,20,0,1232,15,3
1700483580,11,20,0,1233,15,3
1700483640,11,20,0,1234,15,4
1700483700,11,20,0,1235,15,4
1700483760,11,20,0,1236,15,4
1700483820,11,20,0,1237,15,4
1700483880,11,20,0,1238,15,5
1700483940,11,20,0,1239,15,5
1700484000,11,20,0,1240,15,5
1700484060,11,20,0,1241,15,5
1700484120,11,20,0,1242,15,7
1700484180,11,20,0,1243,15,7
1700484240,11,20,0,1244,15,7
1700484300,11,20,0,1245,15,7
1700484360,11,20,0,1246,15,7
1700484420,11,20,0,1247,15,7
1700484480,11,20,0,1248,15,7
1700484540,11,20,0,1249,15,7
1700484600,11,20,0,1250,15,7
1700484660,11,20,0,1251,15,7
1700484720,11,20,0,1252,15,7
1700484780,11,20,0,1253,15,7
1700484840,11,20,0,1254,15,7
1700484900,11,20,0,1255,15,7
1700484960,11,20,0,1256,15,7
1700485020,11,20,0,1257,15,7
1700485080,11,20,0,1258,15,9
1700485140,11,20,0,1259,15,9
1700485260,11,20,0,1261,15,9
1700485320,11,20,0,1262,15,10
1700485380,11,20,0,1263,15,10
1700485440,11,20,0,1264,15,10
1700485500,11,20,0,1265,15,10
1700485560,11,20,0,1266,15,10
1700485620,11,20,0,1267,15,10
1700485680,11,20,0,1268,15,10
1700485740,11,20,0,1269,15,9
1700485800,11,20,0,1270,15,9
1700485860,11,20,0,1271,15,9
1700485920,11,20,0,1272,15,9
1700485980,11,20,0,1273,15,9
1700486040,11,20,0,1274,15,10
1700486100,11,20,0,1275,15,10
1700486160,11,20,0,1276,15,10
1700486220,11,20,0,1277,15,10
1700486280,11,20,0,1278,15,10
1700486340,11,20,0,1279,15,10
1700486460,11,20,0,1281,15,10
1700486520,11,20,0,1282,15,10
1700486580,11,20,0,1283,15,9
1700486640,11,20,0,1284,15,9
1700486700,11,20,0,1285,15,9
1700486760,11,20,0,1286,15,11
1700486820,11,20,0,1287,15,11
1700486880,11,20,0,1288,15,10
1700486940,11,20,0,1289,15,10
1700487060,11,20,0,1291,15,10
1700487120,11,20,0,1292,15,10
1700487180,11,20,0,1293,15,10
1700487240,11,20,0,1294,15,10
1700487300,11,20,0,1295,15,10
1700487360,11,20,0,1296,15,10
1700487420,11,20,0,1297,15,10
1700487480,11,20,0,1298,15,10
1700487540,11,20,0,1299,15,10
1700487600,11,20,0,1300,15,9
1700487660,11,20,0,1301,15,9
1700487720,11,20,0,1302,15,8
1700487780,11,20,0,1303,15,8
1700487840,11,20,0,1304,15,8
1700487900,11,20,0,1305,15,8
1700487960,11,20,0,1306,15,8
1700488020,11,20,0,1307,15,8
1700488080,11,20,0,1308,15,8
1700488140,11,20,0,1309,15,8
1700488200,11,20,0,1310,15,9
1700488260,11,20,0,1311,15,9
1700488320,11,20,0,1312,15,9
1700488380,11,20,0,1313,15,9
1700488440,11,20,0,1314,15,9
1700488500,11,20,0,1315,15,9
1700488560,11,20,0,1316,15,9
1700488620,11,20,0,1317,15,9
1700488680,11,20,0,1318,15,9
1700488740,11,20,0,1319,15,9
1700488860,11,20,0,1321,15,9
1700488920,11,20,0,1322,15,10
1700488980,11,20,0,1323,15,10
1700489040,11,20,0,1324,15,10
1700489100,11,20,0,1325,15,10
1700489160,11,20,0,1326,15,12
1700489220,11,20,0,1327,15,11
1700489280,11,20,0,1328,15,11
1700489340,11,20,0,1329,15,11
1700489400,11,20,0,1330,15,14
1700489460,11,20,0,1331,15,13
1700489520,11,20,0,1332,15,13
1700489580,11,20,0,1333,15,13
1700489640,11,20,0,1334,15,12
1700489700,11,20,0,1335,15,12
1700489760,11,20,0,1336,15,12
1700489820,11,20,0,1337,15,12
1700489880,11,20,0,1338,15,9
1700489940,11,20,0,1339,15,10
1700490060,11,20,0,1341,15,10
1700490120,11,20,0,1342,15,11
1700490180,11,20,0,1343,15,11
1700490300,11,20,0,1345,15,11
1700490360,11,20,0,1346,15,11
1700490420,11,20,0,1347,15,11
1700490540,11,20,0,1349,15,11
1700490600,11,20,0,1350,15,11
1700490660,11,20,0,1351,15,11
1700490720,11,20,0,1352,15,11
1700490780,11,20,0,1353,15,11
1700490840,11,20,0,1354,15,12
1700490900,11,20,0,1355,15,11
1700490960,11,20,0,1356,15,11
1700491020,11,20,0,1357,15,11
1700491080,11,20,0,1358,15,11
1700491140,11,20,0,1359,15,11
1700491200,11,20,0,1360,15,11
1700491260,11,20,0,1361,15,11
1700491320,11,20,0,1362,15,11
1700491380,11,20,0,1363,15,11
1700491440,11,20,0,1364,15,11
1700491500,11,20,0,1365,15,11
1700491560,11,20,0,1366,15,11
1700491620,11,20,0,1367,15,11
1700491680,11,20,0,1368,15,11
1700491740,11,20,0,1369,15,11
1700491800,11,20,0,1370,15,11
1700491860,11,20,0,1371,15,11
1700491920,11,20,0,1372,15,11
1700491980,11,20,0,1373,15,11
1700492040,11,20,0,1374,15,12
1700492160,11,20,0,1376,15,12
1700492220,11,20,0,1377,15,12
1700492280,11,20,0,1378,15,11
1700492340,11,20,0,1379,15,11
1700492460,11,20,0,1381,15,11
1700492520,11,20,0,1382,15,11
1700492580,11,20,0,1383,15,10
1700492640,11,20,0,1384,15,10
1700492700,11,20,0,1385,15,10
1700492760,11,20,0,1386,15,10
1700492820,11,20,0,1387,15,10
1700492880,11,20,0,1388,15,10
1700492940,11,20,0,1389,15,10
1700493000,11,20,0,1390,15,9
1700493060,11,20,0,1391,15,9
1700493120,11,20,0,1392,15,9
1700493180,11,20,0,1393,15,9
1700493240,11,20,0,1394,15,8
1700493300,11,20,0,1395,15,7
1700493360,11,20,0,1396,15,7
1700493420,11,20,0,1397,15,7
1700493480,11,20,0,1398,15,7
1700493540,11,20,0,1399,15,8
1700493660,11,20,0,1401,15,6
1700493720,11,20,0,1402,15,6
1700493780,11,20,0,1403,15,6
1700493840,11,20,0,1404,15,6
1700493900,11,20,0,1405,15,6
1700493960,11,20,0,1406,15,6
1700494020,11,20,0,1407,15,7
1700494080,11,20,0,1408,15,7
1700494140,11,20,0,1409,15,7
1700494200,11,20,0,1410,15,7
1700494260,11,20,0,1411,15,7
1700494320,11,20,0,1412,15,7
1700494380,11,20,0,1413,15,7
1700494440,11,20,0,1414,15,7
1700494500,11,20,0,1415,15,7
1700494560,11,20,0,1416,15,7
1700494620,11,20,0,1417,15,7
1700494680,11,20,0,1418,15,7
1700494740,11,20,0,1419,15,7
1700494800,11,20,0,1420,15,7
1700494860,11,20,0,1421,15,7
1700494920,11,20,0,1422,15,7
1700494980,11,20,0,1423,15,7
1700495040,11,20,0,1424,15,7
1700495100,11,20,0,1425,15,7
1700495160,11,20,0,1426,15,7
1700495220,11,20,0,1427,15,8
1700495280,11,20,0,1428,15,8
1700495340,11,20,0,1429,15,8
1700495400,11,20,0,1430,15,8
1700495460,11,20,0,1431,15,9
1700495520,11,20,0,1432,15,9
1700495580,11,20,0,1433,15,9
1700495640,11,20,0,1434,15,9
1700495700,11,20,0,1435,15,9
1700495760,11,20,0,1436,15,9
1700495820,11,20,0,1437,15,9
1700495880,11,20,0,1438,15,9
1700495940,11,20,0,1439,15,9
1700496060,11,21,1,1,15,9
1700496120,11,21,1,2,15,9
1700496180,11,21,1,3,15,9
1700496240,11,21,1,4,15,9
1700496300,11,21,1,5,15,8
1700496360,11,21,1,6,15,8
1700496420,11,21,1,7,15,8
1700496480,11,21,1,8,15,8
1700496540,11,21,1,9,15,8
1700496600,11,21,1,10,15,8
1700496660,11,21,1,11,15,8
1700496720,11,21,1,12,15,8
1700496780,11,21,1,13,15,8
1700496840,11,21,1,14,15,8
1700496900,11,21,1,15,15,8
1700496960,11,21,1,16,15,7
1700497020,11,21,1,17,15,7
1700497080,11,21,1,18,15,7
1700497140,11,21,1,19,15,7
1700497260,11,21,1,21,15,7
1700497320,11,21,1,22,15,7
1700497380,11,21,1,23,15,9
1700497440,11,21,1,24,15,9
1700497500,11,21,1,25,15,9
1700497560,11,21,1,26,15,9
1700497620,11,21,1,27,15,10
1700497680,11,21,1,28,15,10
1700497740,11,21,1,29,15,10
1700497800,11,21,1,30,15,10
1700497860,11,21,1,31,15,10
1700497920,11,21,1,32,15,10
1700497980,11,21,1,33,15,10
1700498040,11,21,1,34,15,10
1700498100,11,21,1,35,15,10
1700498160,11,21,1,36,15,10
1700498220,11,21,1,37,15,10
1700498280,11,21,1,38,15,10
1700498340,11,21,1,39,15,10
1700498400,11,21,1,40,15,10
1700498460,11,21,1,41,15,10
1700498520,11,21,1,42,15,9
1700498580,11,21,1,43,15,10
1700498640,11,21,1,44,15,10
1700498700,11,21,1,45,15,11
1700498760,11,21,1,46,15,11
1700498820,11,21,1,47,15,11
1700498880,11,21,1,48,15,11
1700498940,11,21,1,49,15,11
1700499000,11,21,1,50,15,11
1700499060,11,21,1,51,15,11
1700499120,11,21,1,52,15,11
1700499180,11,21,1,53,15,11
1700499240,11,21,1,54,15,11
1700499300,11,21,1,55,15,11
1700499360,11,21,1,56,15,12
1700499420,11,21,1,57,15,12
1700499480,11,21,1,58,15,12
1700499540,11,21,1,59,15,12
1700499600,11,21,1,60,15,12
1700499660,11,21,1,61,15,12
1700499720,11,21,1,62,15,12
1700499780,11,21,1,63,15,12
1700499840,11,21,1,64,15,12
1700499960,11,21,1,66,15,12
1700500020,11,21,1,67,15,12
1700500080,11,21,1,68,15,12
1700500140,11,21,1,69,15,12
1700500200,11,21,1,70,15,12
1700500260,11,21,1,71,15,12
1700500320,11,21,1,72,15,12
1700500380,11,21,1,73,15,12
1700500440,11,21,1,74,15,12
1700500500,11,21,1,75,15,12
1700500560,11,21,1,76,15,12
1700500620,11,21,1,77,15,12
1700500680,11,21,1,78,15,12
1700500740,11,21,1,79,15,12
1700500860,11,21,1,81,15,11
1700500920,11,21,1,82,15,11
1700500980,11,21,1,83,15,11
1700501040,11,21,1,84,15,11
1700501100,11,21,1,85,15,11
1700501160,11,21,1,86,15,11
1700501220,11,21,1,87,15,11
1700501280,11,21,1,88,15,11
1700501340,11,21,1,89,15,11
1700501400,11,21,1,90,15,11
1700501460,11,21,1,91,15,11
1700501520,11,21,1,92,15,11
1700501580,11,21,1,93,15,11
1700501640,11,21,1,94,15,11
1700501700,11,21,1,95,15,11
1700501760,11,21,1,96,15,11
1700501820,11,21,1,97,15,11
1700501880,11,21,1,98,15,11
1700501940,11,21,1,99,15,11
1700502000,11,21,1,100,15,11
1700502060,11,21,1,101,15,11
1700502120,11,21,1,102,15,11
1700502180,11,21,1,103,15,11
1700502240,11,21,1,104,15,11
1700502300,11,21,1,105,15,11
1700502360,11,21,1,106,15,11
1700502420,11,21,1,107,15,11
1700502480,11,21,1,108,15,11
1700502540,11,21,1,109,15,10
1700502600,11,21,1,110,15,9
1700502660,11,21,1,111,15,9
1700502720,11,21,1,112,15,9
1700502780,11,21,1,113,15,9
1700502840,11,21,1,114,15,9
1700502900,11,21,1,115,15,9
1700502960,11,21,1,116,15,9
1700503020,11,21,1,117,15,9
1700503080,11,21,1,118,15,9
1700503140,11,21,1,119,15,9
1700503260,11,21,1,121,15,9
1700503320,11,21,1,122,15,9
1700503380,11,21,1,123,15,9
1700503440,11,21,1,124,15,9
1700503500,11,21,1,125,15,9
1700503560,11,21,1,126,15,9
1700503620,11,21,1,127,15,9
1700503680,11,21,1,128,15,9
1700503740,11,21,1,129,15,9
1700503800,11,21,1,130,15,9
1700503860,11,21,1,131,15,9
1700503920,11,21,1,132,15,9
1700503980,11,21,1,133,15,9
1700504040,11,21,1,134,15,9
1700504100,11,21,1,135,15,9
1700504160,11,21,1,136,15,9
1700504220,11,21,1,137,15,9
1700504280,11,21,1,138,15,9
1700504340,11,21,1,139,15,9
1700504460,11,21,1,141,15,9
1700504520,11,21,1,142,15,9
1700504580,11,21,1,143,15,9
1700504640,11,21,1,144,15,9
1700504700,11,21,1,145,15,9
1700504760,11,21,1,146,15,9
1700504820,11,21,1,147,15,9
1700504880,11,21,1,148,15,9
1700504940,11,21,1,149,15,9
1700505000,11,21,1,150,15,9
1700505060,11,21,1,151,15,9
1700505120,11,21,1,152,15,9
1700505180,11,21,1,153,15,9
1700505240,11,21,1,154,15,9
1700505300,11,21,1,155,15,9
1700505360,11,21,1,156,15,9
1700505420,11,21,1,157,15,9
1700505480,11,21,1,158,15,9
1700505540,11,21,1,159,15,9
1700505600,11,21,1,160,15,9
1700505660,11,21,1,161,15,9
1700505720,11,21,1,162,15,9
1700505780,11,21,1,163,15,9
1700505840,11,21,1,164,15,9
1700505900,11,21,1,165,15,9
1700505960,11,21,1,166,15,9
1700506020,11,21,1,167,15,9
1700506080,11,21,1,168,15,9
1700506140,11,21,1,169,15,9
1700506200,11,21,1,170,15,9
1700506260,11,21,1,171,15,9
1700506320,11,21,1,172,15,9
1700506380,11,21,1,173,15,9
1700506440,11,21,1,174,15,9
1700506500,11,21,1,175,15,9
1700506560,11,21,1,176,15,9
1700506620,11,21,1,177,15,9
1700506680,11,21,1,178,15,9
1700506740,11,21,1,179,15,8
1700506800,11,21,1,180,15,8
1700506860,11,21,1,181,15,8
1700506920,11,21,1,182,15,8
1700506980,11,21,1,183,15,8
1700507040,11,21,1,184,15,8
1700507100,11,21,1,185,15,8
1700507160,11,21,1,186,15,9
1700507220,11,21,1,187,15,9
1700507280,11,21,1,188,15,9
1700507340,11,21,1,189,15,9
1700507400,11,21,1,190,15,9
1700507460,11,21,1,191,15,9
1700507520,11,21,1,192,15,9
1700507580,11,21,1,193,15,9
1700507640,11,21,1,194,15,9
1700507700,11,21,1,195,15,9
1700507760,11,21,1,196,15,9
1700507820,11,21,1,197,15,9
1700507880,11,21,1,198,15,9
1700507940,11,21,1,199,15,9
1700508060,11,21,1,201,15,9
1700508120,11,21,1,202,15,9
1700508180,11,21,1,203,15,9
1700508240,11,21,1,204,15,9
1700508300,11,21,1,205,15,9
1700508360,11,21,1,206,15,9
1700508420,11,21,1,207,15,9
1700508480,11,21,1,208,15,8
1700508540,11,21,1,209,15,6
1700508600,11,21,1,210,15,6
1700508660,11,21,1,211,15,6
1700508720,11,21,1,212,15,6
1700508780,11,21,1,213,15,6
1700508840,11,21,1,214,15,6
1700508900,11,21,1,215,15,6
1700508960,11,21,1,216,15,7
1700509020,11,21,1,217,15,7
1700509080,11,21,1,218,15,7
1700509140,11,21,1,219,15,7
1700509200,11,21,1,220,15,7
1700509260,11,21,1,221,15,7
1700509320,11,21,1,222,15,7
1700509380,11,21,1,223,15,7
1700509440,11,21,1,224,15,7
1700509500,11,21,1,225,15,7
1700509560,11,21,1,226,15,7
1700509620,11,21,1,227,15,7
1700509680,11,21,1,228,15,7
1700509740,11,21,1,229,15,7
1700509860,11,21,1,231,15,7
1700509920,11,21,1,232,15,7
1700509980,11,21,1,233,15,7
1700510040,11,21,1,234,15,7
1700510100,11,21,1,235,15,7
1700510160,11,21,1,236,15,7
1700510220,11,21,1,237,15,7
1700510280,11,21,1,238,15,7
1700510340,11,21,1,239,15,7
1700510400,11,21,1,240,15,7
1700510460,11,21,1,241,15,7
1700510520,11,21,1,242,15,7
1700510580,11,21,1,243,15,7
1700510640,11,21,1,244,15,7
1700510700,11,21,1,245,15,7
1700510760,11,21,1,246,15,7
1700510820,11,21,1,247,15,7
1700510880,11,21,1,248,15,7
1700510940,11,21,1,249,15,7
1700511000,11,21,1,250,15,7
1700511060,11,21,1,251,15,7
1700511120,11,21,1,252,15,7
1700511180,11,21,1,253,15,8
1700511240,11,21,1,254,15,8
1700511300,11,21,1,255,15,8
1700511360,11,21,1,256,15,8
1700511420,11,21,1,257,15,8
1700511480,11,21,1,258,15,8
1700511540,11,21,1,259,15,8
1700511660,11,21,1,261,15,8
1700511720,11,21,1,262,15,8
1700511780,11,21,1,263,15,8
1700511840,11,21,1,264,15,8
1700511900,11,21,1,265,15,8
1700511960,11,21,1,266,15,8
1700512020,11,21,1,267,15,8
1700512080,11,21,1,268,15,8
1700512140,11,21,1,269,15,8
1700512200,11,21,1,270,15,8
1700512260,11,21,1,271,15,8
1700512320,11,21,1,272,15,8
1700512380,11,21,1,273,15,8
1700512440,11,21,1,274,15,8
1700512500,11,21,1,275,15,8
1700512560,11,21,1,276,15,8
1700512620,11,21,1,277,15,8
1700512680,11,21,1,278,15,8
1700512740,11,21,1,279,15,8
1700512800,11,21,1,280,15,8
1700512860,11,21,1,281,15,8
1700512920,11,21,1,282,15,8
1700512980,11,21,1,283,15,8
1700513040,11,21,1,284,15,8
1700513100,11,21,1,285,15,8
1700513160,11,21,1,286,15,8
1700513220,11,21,1,287,15,8
1700513280,11,21,1,288,15,8
1700513340,11,21,1,289,15,8
1700513400,11,21,1,290,15,8
1700513460,11,21,1,291,15,8
1700513520,11,21,1,292,15,8
1700513580,11,21,1,293,15,8
1700513640,11,21,1,294,15,8
1700513700,11,21,1,295,15,8
1700513760,11,21,1,296,15,8
1700513820,11,21,1,297,15,8
1700513880,11,21,1,298,15,8
1700513940,11,21,1,299,15,8
1700514000,11,21,1,300,15,8
1700514060,11,21,1,301,15,8
1700514120,11,21,1,302,15,8
1700514180,11,21,1,303,15,8
1700514240,11,21,1,304,15,8
1700514300,11,21,1,305,15,8
1700514360,11,21,1,306,15,8
1700514420,11,21,1,307,15,8
1700514480,11,21,1,308,15,8
1700514540,11,21,1,309,15,8
1700514600,11,21,1,310,15,8
1700514660,11,21,1,311,15,8
1700514720,11,21,1,312,15,8
1700514780,11,21,1,313,15,8
1700514840,11,21,1,314,15,8
1700514900,11,21,1,315,15,8
1700514960,11,21,1,316,15,8
1700515020,11,21,1,317,15,8
1700515080,11,21,1,318,15,8
1700515140,11,21,1,319,15,8
1700515260,11,21,1,321,15,8
1700515320,11,21,1,322,15,8
1700515380,11,21,1,323,15,8
1700515440,11,21,1,324,15,8
1700515500,11,21,1,325,15,8
1700515560,11,21,1,326,15,8
1700515620,11,21,1,327,15,8
1700515680,11,21,1,328,15,8
1700515740,11,21,1,329,15,8
1700515800,11,21,1,330,15,8
1700515860,11,21,1,331,15,8
1700515920,11,21,1,332,15,8
1700515980,11,21,1,333,15,8
1700516040,11,21,1,334,15,8
1700516100,11,21,1,335,15,8
1700516160,11,21,1,336,15,8
1700516220,11,21,1,337,15,8
1700516280,11,21,1,338,15,8
1700516340,11,21,1,339,15,8
1700516400,11,21,1,340,15,8
1700516460,11,21,1,341,15,8
1700516520,11,21,1,342,15,8
1700516580,11,21,1,343,15,8
1700516640,11,21,1,344,15,8
1700516700,11,21,1,345,15,8
1700516760,11,21,1,346,15,8
1700516820,11,21,1,347,15,8
1700516880,11,21,1,348,15,8
1700516940,11,21,1,349,15,8
1700517000,11,21,1,350,15,9
1700517060,11,21,1,351,15,9
1700517120,11,21,1,352,15,9
1700517180,11,21,1,353,15,9
1700517240,11,21,1,354,15,9
1700517300,11,21,1,355,15,9
1700517360,11,21,1,356,15,9
1700517420,11,21,1,357,15,9
1700517480,11,21,1,358,15,9
1700517540,11,21,1,359,15,9
1700517600,11,21,1,360,15,9
1700517660,11,21,1,361,15,9
1700517720,11,21,1,362,15,9
1700517780,11,21,1,363,15,9
1700517840,11,21,1,364,15,9
1700517900,11,21,1,365,15,9
1700517960,11,21,1,366,15,9
1700518020,11,21,1,367,15,9
1700518080,11,21,1,368,15,10
1700518140,11,21,1,369,15,10
1700518200,11,21,1,370,15,10
1700518260,11,21,1,371,15,10
1700518320,11,21,1,372,15,10
1700518380,11,21,1,373,15,10
1700518440,11,21,1,374,15,10
1700518500,11,21,1,375,15,10
1700518560,11,21,1,376,15,10
1700518620,11,21,1,377,15,10
1700518680,11,21,1,378,15,10
1700518740,11,21,1,379,15,10
1700518860,11,21,1,381,15,10
1700518920,11,21,1,382,15,10
1700518980,11,21,1,383,15,10
1700519040,11,21,1,384,15,10
1700519100,11,21,1,385,15,10
1700519160,11,21,1,386,15,10
1700519220,11,21,1,387,15,10
1700519280,11,21,1,388,15,10
1700519340,11,21,1,389,15,10
1700519400,11,21,1,390,15,10
1700519460,11,21,1,391,15,10
1700519520,11,21,1,392,15,10
1700519580,11,21,1,393,15,11
1700519640,11,21,1,394,15,11
1700519700,11,21,1,395,15,11
1700519760,11,21,1,396,15,11
1700519820,11,21,1,397,15,10
1700519880,11,21,1,398,15,10
1700519940,11,21,1,399,15,10
1700520000,11,21,1,400,15,10
1700520060,11,21,1,401,15,10
1700520120,11,21,1,402,15,10
1700520180,11,21,1,403,15,10
1700520240,11,21,1,404,15,10
1700520300,11,21,1,405,15,10
1700520360,11,21,1,406,15,10
1700520420,11,21,1,407,15,10
1700520480,11,21,1,408,15,10
1700520540,11,21,1,409,15,10
1700520600,11,21,1,410,15,10
1700520660,11,21,1,411,15,10
1700520720,11,21,1,412,15,10
1700520780,11,21,1,413,15,10
1700520840,11,21,1,414,15,9
1700520900,11,21,1,415,15,9
1700520960,11,21,1,416,15,9
1700521020,11,21,1,417,15,9
1700521080,11,21,1,418,15,9
1700521140,11,21,1,419,15,9
1700521200,11,21,1,420,15,9
1700521320,11,21,1,422,15,9
1700521380,11,21,1,423,15,9
1700521440,11,21,1,424,15,9
1700521500,11,21,1,425,15,9
1700521560,11,21,1,426,15,9
1700521620,11,21,1,427,15,9
1700521680,11,21,1,428,15,9
1700521740,11,21,1,429,15,8
1700521800,11,21,1,430,15,8
1700521860,11,21,1,431,15,8
1700521920,11,21,1,432,15,8
1700521980,11,21,1,433,15,8
1700522040,11,21,1,434,15,8
1700522100,11,21,1,435,15,8
1700522160,11,21,1,436,15,8
1700522220,11,21,1,437,15,8
1700522280,11,21,1,438,15,8
1700522340,11,21,1,439,15,8
1700522460,11,21,1,441,15,8
1700522520,11,21,1,442,15,9
1700522580,11,21,1,443,15,9
1700522640,11,21,1,444,15,9
1700522700,11,21,1,445,15,8
1700522760,11,21,1,446,15,8
1700522820,11,21,1,447,15,8
1700522880,11,21,1,448,15,7
1700522940,11,21,1,449,15,8
1700523060,11,21,1,451,15,8
1700523120,11,21,1,452,15,8
1700523180,11,21,1,453,15,9
1700523240,11,21,1,454,15,9
1700523300,11,21,1,455,15,9
1700523360,11,21,1,456,15,9
1700523420,11,21,1,457,15,9
1700523480,11,21,1,458,15,10
1700523540,11,21,1,459,15,10
1700523600,11,21,1,460,15,10
1700523660,11,21,1,461,15,12
1700523720,11,21,1,462,15,13
1700523780,11,21,1,463,15,13
1700523840,11,21,1,464,15,13
1700523900,11,21,1,465,15,13
1700523960,11,21,1,466,15,12
1700524020,11,21,1,467,15,12
1700524080,11,21,1,468,15,12
1700524140,11,21,1,469,15,12
1700524200,11,21,1,470,15,12
1700524260,11,21,1,471,15,13
1700524320,11,21,1,472,15,15
1700524380,11,21,1,473,15,15
1700524440,11,21,1,474,15,15
1700524500,11,21,1,475,15,15
1700524560,11,21,1,476,15,15
1700524620,11,21,1,477,15,15
1700524680,11,21,1,478,15,15
1700524740,11,21,1,479,15,15
1700524860,11,21,1,481,15,15
1700524980,11,21,1,483,15,15
1700525040,11,21,1,484,15,15
1700525100,11,21,1,485,15,15
1700525160,11,21,1,486,15,15
1700525220,11,21,1,487,15,15
1700525280,11,21,1,488,15,15
1700525340,11,21,1,489,15,15
1700525400,11,21,1,490,15,13
1700525520,11,21,1,492,15,14
1700525580,11,21,1,493,15,14
1700525640,11,21,1,494,15,14
1700525700,11,21,1,495,15,14
1700525760,11,21,1,496,15,14
1700525820,11,21,1,497,15,14
1700525880,11,21,1,498,15,14
1700525940,11,21,1,499,15,14
1700526060,11,21,1,501,15,14
1700526120,11,21,1,502,15,14
1700526180,11,21,1,503,15,13
1700526240,11,21,1,504,15,13
1700526300,11,21,1,505,15,12
1700526360,11,21,1,506,15,11
1700526420,11,21,1,507,15,10
1700526480,11,21,1,508,15,10
1700526540,11,21,1,509,15,10
1700526660,11,21,1,511,15,10
1700526720,11,21,1,512,15,6
1700526780,11,21,1,513,15,7
1700526840,11,21,1,514,15,7
1700526900,11,21,1,515,15,8
1700526960,11,21,1,516,15,7
1700527020,11,21,1,517,15,7
1700527080,11,21,1,518,15,7
1700527140,11,21,1,519,15,9
1700527200,11,21,1,520,15,8
1700527260,11,21,1,521,15,8
1700527320,11,21,1,522,15,8
1700527380,11,21,1,523,15,6
1700527440,11,21,1,524,15,6
1700527500,11,21,1,525,15,4
1700527560,11,21,1,526,15,4
1700527620,11,21,1,527,15,4
1700527680,11,21,1,528,15,4
1700527740,11,21,1,529,15,1
1700527800,11,21,1,530,15,0
1700527860,11,21,1,531,15,0
1700527920,11,21,1,532,15,0
1700527980,11,21,1,533,15,0
1700528040,11,21,1,534,15,0
1700528100,11,21,1,535,15,0
1700528160,11,21,1,536,15,0
1700528220,11,21,1,537,15,0
1700528280,11,21,1,538,15,3
1700528340,11,21,1,539,15,4
1700528460,11,21,1,541,15,3
1700528520,11,21,1,542,15,3
1700528580,11,21,1,543,15,3
1700528640,11,21,1,544,15,2
1700528700,11,21,1,545,15,2
1700528760,11,21,1,546,15,0
1700528820,11,21,1,547,15,0
1700528880,11,21,1,548,15,1
1700528940,11,21,1,549,15,0
1700529000,11,21,1,550,15,0
1700529060,11,21,1,551,15,0
1700529120,11,21,1,552,15,1
1700529180,11,21,1,553,15,1
1700529240,11,21,1,554,15,1
1700529300,11,21,1,555,15,1
1700529360,11,21,1,556,15,2
1700529420,11,21,1,557,15,0
1700529480,11,21,1,558,15,0
1700529540,11,21,1,559,15,0
1700529660,11,21,1,561,15,0
1700529720,11,21,1,562,15,2
1700529780,11,21,1,563,15,2
1700529840,11,21,1,564,15,1
1700529900,11,21,1,565,15,3
1700529960,11,21,1,566,15,3
1700530020,11,21,1,567,15,3
1700530080,11,21,1,568,15,4
1700530140,11,21,1,569,15,3
1700530200,11,21,1,570,15,3
1700530320,11,21,1,572,15,3
1700530380,11,21,1,573,15,3
1700530440,11,21,1,574,15,1
1700530500,11,21,1,575,15,0
1700530560,11,21,1,576,15,0
1700530620,11,21,1,577,15,0
1700530680,11,21,1,578,15,0
1700530740,11,21,1,579,15,0
1700530800,11,21,1,580,15,0
1700530860,11,21,1,581,15,0
1700530920,11,21,1,582,15,0
1700530980,11,21,1,583,15,0
1700531040,11,21,1,584,15,0
1700531100,11,21,1,585,15,0
1700531160,11,21,1,586,15,0
1700531220,11,21,1,587,15,0
1700531280,11,21,1,588,15,0
1700531340,11,21,1,589,15,0
1700531400,11,21,1,590,15,0
1700531460,11,21,1,591,15,0
1700531520,11,21,1,592,15,0
1700531580,11,21,1,593,15,0
1700531640,11,21,1,594,15,0
1700531700,11,21,1,595,15,0
1700531760,11,21,1,596,15,0
1700531820,11,21,1,597,15,0
1700531880,11,21,1,598,15,0
1700531940,11,21,1,599,15,0
1700532060,11,21,1,601,15,0
1700532120,11,21,1,602,15,0
1700532180,11,21,1,603,15,0
1700532240,11,21,1,604,15,0
1700532300,11,21,1,605,15,1
1700532360,11,21,1,606,15,0
1700532420,11,21,1,607,15,0
1700532480,11,21,1,608,15,0
1700532540,11,21,1,609,15,0
1700532600,11,21,1,610,15,0
1700532660,11,21,1,611,15,0
1700532720,11,21,1,612,15,1
1700532780,11,21,1,613,15,2
1700532840,11,21,1,614,15,1
1700532900,11,21,1,615,15,0
1700532960,11,21,1,616,15,0
1700533020,11,21,1,617,15,0
1700533080,11,21,1,618,15,0
1700533140,11,21,1,619,15,0
1700533260,11,21,1,621,15,0
1700533320,11,21,1,622,15,0
1700533380,11,21,1,623,15,0
1700533440,11,21,1,624,15,0
1700533500,11,21,1,625,15,0
1700533560,11,21,1,626,15,0
1700533620,11,21,1,627,15,0
1700533680,11,21,1,628,15,0
1700533740,11,21,1,629,15,1
1700533860,11,21,1,631,15,0
1700533920,11,21,1,632,15,0
1700533980,11,21,1,633,15,0
1700534040,11,21,1,634,15,0
1700534100,11,21,1,635,15,0
1700534160,11,21,1,636,15,0
1700534220,11,21,1,637,15,0
1700534280,11,21,1,638,15,0
1700534340,11,21,1,639,15,0
1700534400,11,21,1,640,15,0
1700534460,11,21,1,641,15,0
1700534520,11,21,1,642,15,0
1700534580,11,21,1,643,15,0
1700534640,11,21,1,644,15,0
1700534700,11,21,1,645,15,0
1700534760,11,21,1,646,15,0
1700534820,11,21,1,647,15,0
1700534880,11,21,1,648,15,0
1700534940,11,21,1,649,15,0
1700535000,11,21,1,650,15,0
1700535060,11,21,1,651,15,1
1700535120,11,21,1,652,15,1
1700535180,11,21,1,653,15,1
1700535240,11,21,1,654,15,1
1700535300,11,21,1,655,15,1
1700535360,11,21,1,656,15,1
1700535420,11,21,1,657,15,1
1700535480,11,21,1,658,15,1
1700535540,11,21,1,659,15,1
1700535660,11,21,1,661,15,1
1700535720,11,21,1,662,15,1
1700535780,11,21,1,663,15,1
1700535840,11,21,1,664,15,1
1700535900,11,21,1,665,15,1
1700535960,11,21,1,666,15,1
1700536020,11,21,1,667,15,1
1700536080,11,21,1,668,15,1
1700536140,11,21,1,669,15,1
1700536200,11,21,1,670,15,1
1700536260,11,21,1,671,15,1
1700536320,11,21,1,672,15,1
1700536380,11,21,1,673,15,1
1700536440,11,21,1,674,15,1
1700536500,11,21,1,675,15,0
1700536560,11,21,1,676,15,0
1700536620,11,21,1,677,15,0
1700536680,11,21,1,678,15,0
1700536740,11,21,1,679,15,1
1700536860,11,21,1,681,15,0
1700536920,11,21,1,682,15,0
1700536980,11,21,1,683,15,0
1700537040,11,21,1,684,15,0
1700537100,11,21,1,685,15,0
1700537160,11,21,1,686,15,0
1700537220,11,21,1,687,15,0
1700537280,11,21,1,688,15,0
1700537340,11,21,1,689,15,0
1700537400,11,21,1,690,15,0
1700537460,11,21,1,691,15,0
1700537520,11,21,1,692,15,1
1700537580,11,21,1,693,15,1
1700537640,11,21,1,694,15,1
1700537700,11,21,1,695,15,1
1700537760,11,21,1,696,15,1
1700537820,11,21,1,697,15,1
1700537880,11,21,1,698,15,0
1700537940,11,21,1,699,15,0
1700538060,11,21,1,701,15,0
1700538120,11,21,1,702,15,0
1700538180,11,21,1,703,15,0
1700538240,11,21,1,704,15,0
1700538300,11,21,1,705,15,0
1700538360,11,21,1,706,15,0
1700538420,11,21,1,707,15,0
1700538480,11,21,1,708,15,0
1700538540,11,21,1,709,15,0
1700538660,11,21,1,711,15,0
1700538720,11,21,1,712,15,0
1700538780,11,21,1,713,15,0
1700538840,11,21,1,714,15,0
1700538900,11,21,1,715,15,0
1700538960,11,21,1,716,15,0
1700539020,11,21,1,717,15,0
1700539080,11,21,1,718,15,0
1700539140,11,21,1,719,15,1
1700539200,11,21,1,720,15,1
1700539320,11,21,1,722,15,0
1700539380,11,21,1,723,15,0
1700539440,11,21,1,724,15,0
1700539500,11,21,1,725,15,0
1700539560,11,21,1,726,15,0
1700539620,11,21,1,727,15,0
1700539680,11,21,1,728,15,0
1700539740,11,21,1,729,15,0
1700539860,11,21,1,731,15,1
1700539920,11,21,1,732,15,2
1700539980,11,21,1,733,15,2
1700540040,11,21,1,734,15,1
1700540100,11,21,1,735,15,2
1700540160,11,21,1,736,15,0
1700540220,11,21,1,737,15,0
1700540280,11,21,1,738,15,0
1700540340,11,21,1,739,15,0
1700540460,11,21,1,741,15,0
1700540520,11,21,1,742,15,1
1700540580,11,21,1,743,15,0
1700540640,11,21,1,744,15,0
1700540700,11,21,1,745,15,1
1700540760,11,21,1,746,15,3
1700540820,11,21,1,747,15,4
1700540880,11,21,1,748,15,3
1700540940,11,21,1,749,15,3
1700541060,11,21,1,751,15,3
1700541120,11,21,1,752,15,3
1700541180,11,21,1,753,15,3
1700541240,11,21,1,754,15,3
1700541300,11,21,1,755,15,4
1700541360,11,21,1,756,15,6
1700541420,11,21,1,757,15,4
1700541480,11,21,1,758,15,1
1700541540,11,21,1,759,15,1
1700541600,11,21,1,760,15,1
1700541660,11,21,1,761,15,1
1700541720,11,21,1,762,15,2
1700541780,11,21,1,763,15,2
1700541840,11,21,1,764,15,2
1700541900,11,21,1,765,15,2
1700541960,11,21,1,766,15,2
1700542020,11,21,1,767,15,2
1700542080,11,21,1,768,15,2
1700542140,11,21,1,769,15,2
1700542200,11,21,1,770,15,2
1700542260,11,21,1,771,15,2
1700542320,11,21,1,772,15,2
1700542380,11,21,1,773,15,2
1700542440,11,21,1,774,15,2
1700542500,11,21,1,775,15,2
1700542560,11,21,1,776,15,2
1700542620,11,21,1,777,15,2
1700542680,11,21,1,778,15,2
1700542740,11,21,1,779,15,3
1700542860,11,21,1,781,15,3
1700542920,11,21,1,782,15,3
1700542980,11,21,1,783,15,2
1700543040,11,21,1,784,15,2
1700543100,11,21,1,785,15,2
1700543160,11,21,1,786,15,2
1700543220,11,21,1,787,15,2
1700543280,11,21,1,788,15,2
1700543340,11,21,1,789,15,2
1700543400,11,21,1,790,15,2
1700543460,11,21,1,791,15,0
1700543520,11,21,1,792,15,0
1700543580,11,21,1,793,15,0
1700543640,11,21,1,794,15,0
1700543700,11,21,1,795,15,0
1700543760,11,21,1,796,15,0
1700543820,11,21,1,797,15,0
1700543880,11,21,1,798,15,2
1700543940,11,21,1,799,15,2
1700544060,11,21,1,801,15,1
1700544120,11,21,1,802,15,1
1700544180,11,21,1,803,15,1
1700544240,11,21,1,804,15,0
1700544300,11,21,1,805,15,0
1700544360,11,21,1,806,15,0
1700544420,11,21,1,807,15,0
1700544480,11,21,1,808,15,0
1700544540,11,21,1,809,15,0
1700544600,11,21,1,810,15,0
1700544660,11,21,1,811,15,0
1700544720,11,21,1,812,15,0
1700544780,11,21,1,813,15,0
1700544840,11,21,1,814,15,0
1700544900,11,21,1,815,15,0
1700544960,11,21,1,816,15,0
1700545020,11,21,1,817,15,0
1700545080,11,21,1,818,15,1
1700545140,11,21,1,819,15,1
1700545200,11,21,1,820,15,1
1700545260,11,21,1,821,15,0
1700545320,11,21,1,822,15,2
1700545380,11,21,1,823,15,1
1700545440,11,21,1,824,15,3
1700545500,11,21,1,825,15,1
1700545560,11,21,1,826,15,1
1700545620,11,21,1,827,15,1
1700545680,11,21,1,828,15,1
1700545740,11,21,1,829,15,1
1700545800,11,21,1,830,15,0
1700545860,11,21,1,831,15,0
1700545920,11,21,1,832,15,0
1700545980,11,21,1,833,15,0
1700546040,11,21,1,834,15,1
1700546100,11,21,1,835,15,1
1700546160,11,21,1,836,15,1
1700546220,11,21,1,837,15,1
1700546280,11,21,1,838,15,1
1700546340,11,21,1,839,15,0
1700546460,11,21,1,841,15,0
1700546520,11,21,1,842,15,2
1700546580,11,21,1,843,15,0
1700546640,11,21,1,844,15,0
1700546700,11,21,1,845,15,0
1700546760,11,21,1,846,15,0
1700546820,11,21,1,847,15,0
1700546880,11,21,1,848,15,0
1700546940,11,21,1,849,15,0
1700547000,11,21,1,850,15,1
1700547060,11,21,1,851,15,1
1700547120,11,21,1,852,15,0
1700547180,11,21,1,853,15,0
1700547240,11,21,1,854,15,0
1700547300,11,21,1,855,15,0
1700547360,11,21,1,856,15,0
1700547420,11,21,1,857,15,0
1700547480,11,21,1,858,15,0
1700547540,11,21,1,859,15,0
1700547660,11,21,1,861,15,0
1700547720,11,21,1,862,15,0
1700547780,11,21,1,863,15,0
1700547840,11,21,1,864,15,0
1700547900,11,21,1,865,15,0
1700547960,11,21,1,866,15,0
1700548020,11,21,1,867,15,0
1700548080,11,21,1,868,15,0
1700548140,11,21,1,869,15,0
1700548200,11,21,1,870,15,0
1700548260,11,21,1,871,15,0
1700548320,11,21,1,872,15,0
1700548380,11,21,1,873,15,0
1700548440,11,21,1,874,15,1
1700548500,11,21,1,875,15,1
1700548560,11,21,1,876,15,1
1700548620,11,21,1,877,15,1
1700548680,11,21,1,878,15,1
1700548740,11,21,1,879,15,1
1700548800,11,21,1,880,15,1
1700548860,11,21,1,881,15,1
1700548920,11,21,1,882,15,1
1700548980,11,21,1,883,15,1
1700549040,11,21,1,884,15,1
1700549100,11,21,1,885,15,1
1700549160,11,21,1,886,15,1
1700549220,11,21,1,887,15,1
1700549280,11,21,1,888,15,1
1700549340,11,21,1,889,15,1
1700549400,11,21,1,890,15,1
1700549460,11,21,1,891,15,2
1700549520,11,21,1,892,15,2
1700549580,11,21,1,893,15,2
1700549700,11,21,1,895,15,2
1700549760,11,21,1,896,15,2
1700549820,11,21,1,897,15,3
1700549880,11,21,1,898,15,3
1700549940,11,21,1,899,15,3
1700550060,11,21,1,901,15,3
1700550120,11,21,1,902,15,4
1700550180,11,21,1,903,15,4
1700550240,11,21,1,904,15,4
1700550300,11,21,1,905,15,4
1700550360,11,21,1,906,15,4
1700550420,11,21,1,907,15,4
1700550480,11,21,1,908,15,4
1700550540,11,21,1,909,15,3
1700550660,11,21,1,911,15,3
1700550720,11,21,1,912,15,3
1700550780,11,21,1,913,15,2
1700550840,11,21,1,914,15,4
1700550900,11,21,1,915,15,3
1700550960,11,21,1,916,15,3
1700551020,11,21,1,917,15,3
1700551080,11,21,1,918,15,3
1700551140,11,21,1,919,15,3
1700551260,11,21,1,921,15,3
1700551320,11,21,1,922,15,4
1700551380,11,21,1,923,15,4
1700551440,11,21,1,924,15,4
1700551500,11,21,1,925,15,2
1700551560,11,21,1,926,15,1
1700551620,11,21,1,927,15,1
1700551680,11,21,1,928,15,1
1700551740,11,21,1,929,15,1
1700551860,11,21,1,931,15,0
1700551920,11,21,1,932,15,1
1700551980,11,21,1,933,15,1
1700552040,11,21,1,934,15,2
1700552100,11,21,1,935,15,2
1700552160,11,21,1,936,15,2
1700552220,11,21,1,937,15,2
1700552280,11,21,1,938,15,2
1700552340,11,21,1,939,15,1
1700552460,11,21,1,941,15,0
1700552520,11,21,1,942,15,1
1700552580,11,21,1,943,15,1
1700552640,11,21,1,944,15,1
1700552700,11,21,1,945,15,1
1700552760,11,21,1,946,15,2
1700552820,11,21,1,947,15,1
1700552880,11,21,1,948,15,1
1700552940,11,21,1,949,15,1
1700553060,11,21,1,951,15,2
1700553120,11,21,1,952,15,2
1700553180,11,21,1,953,15,2
1700553240,11,21,1,954,15,3
1700553300,11,21,1,955,15,3
1700553360,11,21,1,956,15,3
1700553420,11,21,1,957,15,3
1700553480,11,21,1,958,15,2
1700553540,11,21,1,959,15,2
1700553660,11,21,1,961,15,2
1700553720,11,21,1,962,15,3
1700553780,11,21,1,963,15,3
1700553840,11,21,1,964,15,3
1700553900,11,21,1,965,15,2
1700553960,11,21,1,966,15,2
1700554020,11,21,1,967,15,2
1700554080,11,21,1,968,15,2
1700554140,11,21,1,969,15,2
1700554260,11,21,1,971,15,2
1700554320,11,21,1,972,15,1
1700554380,11,21,1,973,15,1
1700554440,11,21,1,974,15,2
1700554500,11,21,1,975,15,1
1700554560,11,21,1,976,15,1
1700554620,11,21,1,977,15,1
1700554680,11,21,1,978,15,1
1700554740,11,21,1,979,15,1
1700554860,11,21,1,981,15,2
1700554920,11,21,1,982,15,4
1700554980,11,21,1,983,15,4
1700555040,11,21,1,984,15,3
1700555100,11,21,1,985,15,3
1700555160,11,21,1,986,15,2
1700555280,11,21,1,988,15,3
1700555340,11,21,1,989,15,3
1700555460,11,21,1,991,15,4
1700555520,11,21,1,992,15,3
1700555580,11,21,1,993,15,3
1700555640,11,21,1,994,15,3
1700555700,11,21,1,995,15,2
1700555760,11,21,1,996,15,2
1700555820,11,21,1,997,15,2
1700555880,11,21,1,998,15,2
1700555940,11,21,1,999,15,1
1700556000,11,21,1,1000,15,1
1700556060,11,21,1,1001,15,2
1700556120,11,21,1,1002,15,2
1700556180,11,21,1,1003,15,2
1700556240,11,21,1,1004,15,2
1700556300,11,21,1,1005,15,2
1700556360,11,21,1,1006,15,2
1700556420,11,21,1,1007,15,2
1700556480,11,21,1,1008,15,2
1700556540,11,21,1,1009,15,5
1700556600,11,21,1,1010,15,5
1700556660,11,21,1,1011,15,5
1700556720,11,21,1,1012,15,6
1700556780,11,21,1,1013,15,6
1700556840,11,21,1,1014,15,6
1700556900,11,21,1,1015,15,6
1700556960,11,21,1,1016,15,5
1700557020,11,21,1,1017,15,5
1700557080,11,21,1,1018,15,5
1700557140,11,21,1,1019,15,4
1700557260,11,21,1,1021,15,4
1700557320,11,21,1,1022,15,2
1700557380,11,21,1,1023,15,2
1700557440,11,21,1,1024,15,0
1700557500,11,21,1,1025,15,0
1700557560,11,21,1,1026,15,0
1700557620,11,21,1,1027,15,0
1700557680,11,21,1,1028,15,0
1700557740,11,21,1,1029,15,0
1700557800,11,21,1,1030,15,0
1700557860,11,21,1,1031,15,0
1700557920,11,21,1,1032,15,0
1700557980,11,21,1,1033,15,1
1700558040,11,21,1,1034,15,0
1700558100,11,21,1,1035,15,0
1700558160,11,21,1,1036,15,0
1700558220,11,21,1,1037,15,0
1700558280,11,21,1,1038,15,2
1700558340,11,21,1,1039,15,2
1700558460,11,21,1,1041,15,1
1700558520,11,21,1,1042,15,0
1700558580,11,21,1,1043,15,1
1700558640,11,21,1,1044,15,0
1700558700,11,21,1,1045,15,0
1700558760,11,21,1,1046,15,1
1700558820,11,21,1,1047,15,1
1700558880,11,21,1,1048,15,1
1700558940,11,21,1,1049,15,1
1700559060,11,21,1,1051,15,0
1700559120,11,21,1,1052,15,0
1700559180,11,21,1,1053,15,2
1700559240,11,21,1,1054,15,1
1700559300,11,21,1,1055,15,1
1700559360,11,21,1,1056,15,1
1700559420,11,21,1,1057,15,2
1700559480,11,21,1,1058,15,0
1700559540,11,21,1,1059,15,0
1700559600,11,21,1,1060,15,0
1700559660,11,21,1,1061,15,1
1700559720,11,21,1,1062,15,0
1700559780,11,21,1,1063,15,0
1700559840,11,21,1,1064,15,0
1700559960,11,21,1,1066,15,0
1700560020,11,21,1,1067,15,0
1700560080,11,21,1,1068,15,0
1700560140,11,21,1,1069,15,0
1700560260,11,21,1,1071,15,0
1700560320,11,21,1,1072,15,0
1700560380,11,21,1,1073,15,0
1700560440,11,21,1,1074,15,0
1700560500,11,21,1,1075,15,0
1700560560,11,21,1,1076,15,0
1700560620,11,21,1,1077,15,0
1700560680,11,21,1,1078,15,0
1700560740,11,21,1,1079,15,0
1700560860,11,21,1,1081,15,0
1700560920,11,21,1,1082,15,0
1700560980,11,21,1,1083,15,0
1700561040,11,21,1,1084,15,0
1700561100,11,21,1,1085,15,1
1700561160,11,21,1,1086,15,0
1700561220,11,21,1,1087,15,0
1700561280,11,21,1,1088,15,0
1700561340,11,21,1,1089,15,1
1700561460,11,21,1,1091,15,0
1700561520,11,21,1,1092,15,0
1700561580,11,21,1,1093,15,0
1700561640,11,21,1,1094,15,0
1700561700,11,21,1,1095,15,0
1700561760,11,21,1,1096,15,0
1700561820,11,21,1,1097,15,0
1700561880,11,21,1,1098,15,0
1700561940,11,21,1,1099,15,0
1700562060,11,21,1,1101,15,2
1700562120,11,21,1,1102,15,1
1700562180,11,21,1,1103,15,0
1700562240,11,21,1,1104,15,0
1700562300,11,21,1,1105,15,0
1700562360,11,21,1,1106,15,0
1700562420,11,21,1,1107,15,1
1700562480,11,21,1,1108,15,1
1700562540,11,21,1,1109,15,1
1700562660,11,21,1,1111,15,1
1700562720,11,21,1,1112,15,1
1700562780,11,21,1,1113,15,2
1700562840,11,21,1,1114,15,1
1700562900,11,21,1,1115,15,1
1700562960,11,21,1,1116,15,1
1700563020,11,21,1,1117,15,2
1700563080,11,21,1,1118,15,1
1700563140,11,21,1,1119,15,1
1700563260,11,21,1,1121,15,1
1700563320,11,21,1,1122,15,3
1700563380,11,21,1,1123,15,2
1700563440,11,21,1,1124,15,2
1700563500,11,21,1,1125,15,2
1700563560,11,21,1,1126,15,1
1700563620,11,21,1,1127,15,1
1700563680,11,21,1,1128,15,1
1700563740,11,21,1,1129,15,1
1700563860,11,21,1,1131,15,1
1700563920,11,21,1,1132,15,1
1700563980,11,21,1,1133,15,1
1700564040,11,21,1,1134,15,1
1700564100,11,21,1,1135,15,1
1700564160,11,21,1,1136,15,1
1700564220,11,21,1,1137,15,2
1700564280,11,21,1,1138,15,1
1700564340,11,21,1,1139,15,1
1700564460,11,21,1,1141,15,1
1700564520,11,21,1,1142,15,1
1700564580,11,21,1,1143,15,1
1700564640,11,21,1,1144,15,1
1700564700,11,21,1,1145,15,1
1700564760,11,21,1,1146,15,2
1700564820,11,21,1,1147,15,1
1700564880,11,21,1,1148,15,1
1700564940,11,21,1,1149,15,1
1700565060,11,21,1,1151,15,1
1700565120,11,21,1,1152,15,1
1700565180,11,21,1,1153,15,2
1700565240,11,21,1,1154,15,2
1700565300,11,21,1,1155,15,2
1700565360,11,21,1,1156,15,2
1700565420,11,21,1,1157,15,2
1700565480,11,21,1,1158,15,1
1700565540,11,21,1,1159,15,1
1700565660,11,21,1,1161,15,1
1700565720,11,21,1,1162,15,1
1700565780,11,21,1,1163,15,1
1700565840,11,21,1,1164,15,1
1700565900,11,21,1,1165,15,1
1700565960,11,21,1,1166,15,2
1700566020,11,21,1,1167,15,2
1700566080,11,21,1,1168,15,2
1700566140,11,21,1,1169,15,2
1700566200,11,21,1,1170,15,2
1700566320,11,21,1,1172,15,2
1700566380,11,21,1,1173,15,1
1700566440,11,21,1,1174,15,1
1700566500,11,21,1,1175,15,1
1700566560,11,21,1,1176,15,0
1700566620,11,21,1,1177,15,0
1700566680,11,21,1,1178,15,1
1700566740,11,21,1,1179,15,0
1700566860,11,21,1,1181,15,0
1700566920,11,21,1,1182,15,0
1700566980,11,21,1,1183,15,0
1700567040,11,21,1,1184,15,0
1700567100,11,21,1,1185,15,0
1700567160,11,21,1,1186,15,0
1700567220,11,21,1,1187,15,0
1700567280,11,21,1,1188,15,0
1700567340,11,21,1,1189,15,0
1700567400,11,21,1,1190,15,2
1700567460,11,21,1,1191,15,1
1700567520,11,21,1,1192,15,1
1700567580,11,21,1,1193,15,1
1700567640,11,21,1,1194,15,1
1700567700,11,21,1,1195,15,1
1700567760,11,21,1,1196,15,1
1700567820,11,21,1,1197,15,1
1700567880,11,21,1,1198,15,1
1700567940,11,21,1,1199,15,1
1700568060,11,21,1,1201,15,1
1700568120,11,21,1,1202,15,2
1700568180,11,21,1,1203,15,2
1700568240,11,21,1,1204,15,2
1700568420,11,21,1,1207,15,4
1700568480,11,21,1,1208,15,4
1700568540,11,21,1,1209,15,4
1700568600,11,21,1,1210,15,4
1700568660,11,21,1,1211,15,4
1700568720,11,21,1,1212,15,4
1700568780,11,21,1,1213,15,5
1700568840,11,21,1,1214,15,5
1700568900,11,21,1,1215,15,5
1700568960,11,21,1,1216,15,5
1700569020,11,21,1,1217,15,5
1700569080,11,21,1,1218,15,5
1700569140,11,21,1,1219,15,6
1700569260,11,21,1,1221,15,6
1700569320,11,21,1,1222,15,7
1700569380,11,21,1,1223,15,8
1700569440,11,21,1,1224,15,8
1700569500,11,21,1,1225,15,8
1700569560,11,21,1,1226,15,8
1700569620,11,21,1,1227,15,8
1700569680,11,21,1,1228,15,8
1700569740,11,21,1,1229,15,8
1700569860,11,21,1,1231,15,8
1700569920,11,21,1,1232,15,8
1700570040,11,21,1,1234,15,9
1700570100,11,21,1,1235,15,9
1700570160,11,21,1,1236,15,9
1700570220,11,21,1,1237,15,9
1700570280,11,21,1,1238,15,10
1700570340,11,21,1,1239,15,10
1700570400,11,21,1,1240,15,10
1700570460,11,21,1,1241,15,10
1700570520,11,21,1,1242,15,11
1700570580,11,21,1,1243,15,11
1700570640,11,21,1,1244,15,10
1700570700,11,21,1,1245,15,10
1700570760,11,21,1,1246,15,10
1700570820,11,21,1,1247,15,9
1700570880,11,21,1,1248,15,8
1700570940,11,21,1,1249,15,8
1700571000,11,21,1,1250,15,9
1700571060,11,21,1,1251,15,9
1700571540,11,21,1,1259,15,11
1700575740,11,21,1,1329,15,6
1700575920,11,21,1,1332,15,6
1700575980,11,21,1,1333,15,6
1700576040,11,21,1,1334,15,6
1700576100,11,21,1,1335,15,6
1700576160,11,21,1,1336,15,6
1700576220,11,21,1,1337,15,6
1700576340,11,21,1,1339,15,6
1700576520,11,21,1,1342,15,8
1700576580,11,21,1,1343,15,7
1700576640,11,21,1,1344,15,7
1700576700,11,21,1,1345,15,7
1700576820,11,21,1,1347,15,8
1700576880,11,21,1,1348,15,8
1700576940,11,21,1,1349,15,8
1700577060,11,21,1,1351,15,8
1700577120,11,21,1,1352,15,8
1700577180,11,21,1,1353,15,6
1700577300,11,21,1,1355,15,5
1700577360,11,21,1,1356,15,5
1700577420,11,21,1,1357,15,5
1700577480,11,21,1,1358,15,5
1700577540,11,21,1,1359,15,5
1700577600,11,21,1,1360,15,5
1700577720,11,21,1,1362,15,5
1700577780,11,21,1,1363,15,5
1700577840,11,21,1,1364,15,5
1700577960,11,21,1,1366,15,5
1700578020,11,21,1,1367,15,5
1700578080,11,21,1,1368,15,6
1700578140,11,21,1,1369,15,6
1700578260,11,21,1,1371,15,6
1700578380,11,21,1,1373,15,6
1700578440,11,21,1,1374,15,5
1700578500,11,21,1,1375,15,5
1700578560,11,21,1,1376,15,5
1700578620,11,21,1,1377,15,5
1700578680,11,21,1,1378,15,6
1700578740,11,21,1,1379,15,5
1700578860,11,21,1,1381,15,4
1700578920,11,21,1,1382,15,4
1700578980,11,21,1,1383,15,4
1700579100,11,21,1,1385,15,4
1700579160,11,21,1,1386,15,4
1700579280,11,21,1,1388,15,5
1700579340,11,21,1,1389,15,5
1700579460,11,21,1,1391,15,5
1700579520,11,21,1,1392,15,5
1700579580,11,21,1,1393,15,5
1700579640,11,21,1,1394,15,5
1700579700,11,21,1,1395,15,8
1700579760,11,21,1,1396,15,8
1700579820,11,21,1,1397,15,9
1700579880,11,21,1,1398,15,9
1700579940,11,21,1,1399,15,9
1700580060,11,21,1,1401,15,9
1700580120,11,21,1,1402,15,9
1700580180,11,21,1,1403,15,9
1700580240,11,21,1,1404,15,8
1700580300,11,21,1,1405,15,8
1700580360,11,21,1,1406,15,8
1700580420,11,21,1,1407,15,8
1700580480,11,21,1,1408,15,8
1700580540,11,21,1,1409,15,8
1700580660,11,21,1,1411,15,8
1700580780,11,21,1,1413,15,7
1700580900,11,21,1,1415,15,7
1700580960,11,21,1,1416,15,8
1700581080,11,21,1,1418,15,8
1700581140,11,21,1,1419,15,8
1700581260,11,21,1,1421,15,7
1700581320,11,21,1,1422,15,7
1700581380,11,21,1,1423,15,6
1700581440,11,21,1,1424,15,6
1700581500,11,21,1,1425,15,6
1700581560,11,21,1,1426,15,6
1700581680,11,21,1,1428,15,6
1700581740,11,21,1,1429,15,6
1700581860,11,21,1,1431,15,6
1700581920,11,21,1,1432,15,6
1700581980,11,21,1,1433,15,6
1700582040,11,21,1,1434,15,5
1700582100,11,21,1,1435,15,5
1700582160,11,21,1,1436,15,5
1700582220,11,21,1,1437,15,5
1700582280,11,21,1,1438,15,5
1700582340,11,21,1,1439,15,5
1700582400,11,22,2,0,15,5
1700582460,11,22,2,1,15,5
1700582520,11,22,2,2,15,5
1700582580,11,22,2,3,15,5
1700582640,11,22,2,4,15,5
1700582700,11,22,2,5,15,5
1700582760,11,22,2,6,15,5
1700582820,11,22,2,7,15,5
1700582880,11,22,2,8,15,6
1700582940,11,22,2,9,15,5
1700583000,11,22,2,10,15,5
1700583060,11,22,2,11,15,5
1700583120,11,22,2,12,15,5
1700583180,11,22,2,13,15,5
1700583240,11,22,2,14,15,5
1700583300,11,22,2,15,15,5
1700583360,11,22,2,16,15,5
1700583420,11,22,2,17,15,6
1700583480,11,22,2,18,15,6
1700583540,11,22,2,19,15,6
1700583660,11,22,2,21,15,6
1700583720,11,22,2,22,15,6
1700583780,11,22,2,23,15,6
1700583840,11,22,2,24,15,6
1700583900,11,22,2,25,15,6
1700583960,11,22,2,26,15,6
1700584020,11,22,2,27,15,7
1700584080,11,22,2,28,15,6
1700584140,11,22,2,29,15,6
1700584200,11,22,2,30,15,7
1700584260,11,22,2,31,15,7
1700584320,11,22,2,32,15,7
1700584380,11,22,2,33,15,7
1700584440,11,22,2,34,15,7
1700584500,11,22,2,35,15,7
1700584560,11,22,2,36,15,7
1700584620,11,22,2,37,15,7
1700584680,11,22,2,38,15,7
1700584740,11,22,2,39,15,7
1700584800,11,22,2,40,15,7
1700584860,11,22,2,41,15,7
1700584920,11,22,2,42,15,7
1700584980,11,22,2,43,15,7
1700585040,11,22,2,44,15,7
1700585100,11,22,2,45,15,7
1700585160,11,22,2,46,15,7
1700585220,11,22,2,47,15,7
1700585280,11,22,2,48,15,7
1700585340,11,22,2,49,15,7
1700585400,11,22,2,50,15,7
1700585460,11,22,2,51,15,7
1700585520,11,22,2,52,15,8
1700585580,11,22,2,53,15,8
1700585640,11,22,2,54,15,8
1700585700,11,22,2,55,15,8
1700585760,11,22,2,56,15,8
1700585820,11,22,2,57,15,8
1700585880,11,22,2,58,15,8
1700585940,11,22,2,59,15,8
1700586000,11,22,2,60,15,8
1700586060,11,22,2,61,15,8
1700586120,11,22,2,62,15,8
1700586180,11,22,2,63,15,6
1700586240,11,22,2,64,15,6
1700586300,11,22,2,65,15,6
1700586360,11,22,2,66,15,6
1700586420,11,22,2,67,15,6
1700586480,11,22,2,68,15,6
1700586540,11,22,2,69,15,6
1700586600,11,22,2,70,15,6
1700586660,11,22,2,71,15,6
1700586720,11,22,2,72,15,7
1700586780,11,22,2,73,15,7
1700586840,11,22,2,74,15,7
1700586900,11,22,2,75,15,7
1700586960,11,22,2,76,15,7
1700587020,11,22,2,77,15,7
1700587080,11,22,2,78,15,7
1700587140,11,22,2,79,15,7
1700587260,11,22,2,81,15,7
1700587320,11,22,2,82,15,7
1700587380,11,22,2,83,15,7
1700587440,11,22,2,84,15,7
1700587500,11,22,2,85,15,6
1700587560,11,22,2,86,15,6
1700587620,11,22,2,87,15,6
1700587680,11,22,2,88,15,6
1700587740,11,22,2,89,15,6
1700587800,11,22,2,90,15,6
1700587860,11,22,2,91,15,6
1700587920,11,22,2,92,15,6
1700587980,11,22,2,93,15,6
1700588040,11,22,2,94,15,6
1700588100,11,22,2,95,15,6
1700588160,11,22,2,96,15,6
1700588220,11,22,2,97,15,6
1700588280,11,22,2,98,15,6
1700588340,11,22,2,99,15,6
1700588400,11,22,2,100,15,7
1700588460,11,22,2,101,15,7
1700588520,11,22,2,102,15,7
1700588580,11,22,2,103,15,7
1700588640,11,22,2,104,15,7
1700588700,11,22,2,105,15,7
1700588760,11,22,2,106,15,7
1700588820,11,22,2,107,15,7
1700588880,11,22,2,108,15,7
1700588940,11,22,2,109,15,7
1700589000,11,22,2,110,15,8
1700589060,11,22,2,111,15,8
1700589120,11,22,2,112,15,8
1700589180,11,22,2,113,15,8
1700589240,11,22,2,114,15,8
1700589300,11,22,2,115,15,8
1700589360,11,22,2,116,15,8
1700589420,11,22,2,117,15,8
1700589480,11,22,2,118,15,8
1700589540,11,22,2,119,15,8
1700589660,11,22,2,121,15,8
1700589720,11,22,2,122,15,8
1700589780,11,22,2,123,15,8
1700589900,11,22,2,125,15,8
1700589960,11,22,2,126,15,9
1700590020,11,22,2,127,15,9
1700590140,11,22,2,129,15,9
1700590260,11,22,2,131,15,9
1700590320,11,22,2,132,15,9
1700590380,11,22,2,133,15,10
1700590500,11,22,2,135,15,11
1700590560,11,22,2,136,15,11
1700590680,11,22,2,138,15,11
1700590740,11,22,2,139,15,11
1700590860,11,22,2,141,15,10
1700590920,11,22,2,142,15,11
1700590980,11,22,2,143,15,11
1700591040,11,22,2,144,15,11
1700591100,11,22,2,145,15,11
1700591160,11,22,2,146,15,11
1700591220,11,22,2,147,15,11
1700591280,11,22,2,148,15,11
1700591340,11,22,2,149,15,11
1700591400,11,22,2,150,15,11
1700591520,11,22,2,152,15,11
1700591580,11,22,2,153,15,11
1700591640,11,22,2,154,15,11
1700591700,11,22,2,155,15,11
1700591760,11,22,2,156,15,11
1700591820,11,22,2,157,15,11
1700591880,11,22,2,158,15,11
1700591940,11,22,2,159,15,11
1700592060,11,22,2,161,15,11
1700592120,11,22,2,162,15,11
1700592180,11,22,2,163,15,11
1700592240,11,22,2,164,15,12
1700592300,11,22,2,165,15,12
1700592420,11,22,2,167,15,12
1700592480,11,22,2,168,15,12
1700592540,11,22,2,169,15,12
1700592660,11,22,2,171,15,12
1700592780,11,22,2,173,15,12
1700592840,11,22,2,174,15,12
1700592900,11,22,2,175,15,12
1700592960,11,22,2,176,15,12
1700593020,11,22,2,177,15,12
1700593080,11,22,2,178,15,12
1700593140,11,22,2,179,15,12
1700593260,11,22,2,181,15,12
1700593380,11,22,2,183,15,12
1700593440,11,22,2,184,15,12
1700593500,11,22,2,185,15,12
1700593560,11,22,2,186,15,12
1700593620,11,22,2,187,15,12
1700593680,11,22,2,188,15,12
1700593740,11,22,2,189,15,12
1700593860,11,22,2,191,15,12
1700593920,11,22,2,192,15,12
1700593980,11,22,2,193,15,12
1700594040,11,22,2,194,15,12
1700594100,11,22,2,195,15,12
1700594160,11,22,2,196,15,12
1700594220,11,22,2,197,15,12
1700594280,11,22,2,198,15,12
1700594340,11,22,2,199,15,12
1700594460,11,22,2,201,15,12
1700594520,11,22,2,202,15,12
1700594580,11,22,2,203,15,12
1700594640,11,22,2,204,15,12
1700594700,11,22,2,205,15,12
1700594760,11,22,2,206,15,12
1700594820,11,22,2,207,15,12
1700594880,11,22,2,208,15,12
1700594940,11,22,2,209,15,12
1700595060,11,22,2,211,15,12
1700595120,11,22,2,212,15,12
1700595180,11,22,2,213,15,12
1700595240,11,22,2,214,15,12
1700595300,11,22,2,215,15,12
1700595360,11,22,2,216,15,12
1700595420,11,22,2,217,15,12
1700595480,11,22,2,218,15,12
1700595540,11,22,2,219,15,12
1700595600,11,22,2,220,15,12
1700595660,11,22,2,221,15,12
1700595720,11,22,2,222,15,12
1700595780,11,22,2,223,15,12
1700595840,11,22,2,224,15,12
1700595900,11,22,2,225,15,12
1700595960,11,22,2,226,15,12
1700596020,11,22,2,227,15,12
1700596080,11,22,2,228,15,12
1700596140,11,22,2,229,15,12
1700596200,11,22,2,230,15,12
1700596260,11,22,2,231,15,12
1700596320,11,22,2,232,15,12
1700596380,11,22,2,233,15,12
1700596440,11,22,2,234,15,12
1700596500,11,22,2,235,15,12
1700596560,11,22,2,236,15,12
1700596620,11,22,2,237,15,12
1700596680,11,22,2,238,15,12
1700596740,11,22,2,239,15,12
1700596800,11,22,2,240,15,12
1700596860,11,22,2,241,15,15
1700596920,11,22,2,242,15,15
1700596980,11,22,2,243,15,15
1700597040,11,22,2,244,15,15
1700597100,11,22,2,245,15,15
1700597160,11,22,2,246,15,15
1700597220,11,22,2,247,15,15
1700597280,11,22,2,248,15,15
1700597340,11,22,2,249,15,15
1700597400,11,22,2,250,15,15
1700597460,11,22,2,251,15,15
1700597520,11,22,2,252,15,15
1700597580,11,22,2,253,15,15
1700597640,11,22,2,254,15,15
1700597700,11,22,2,255,15,15
1700597760,11,22,2,256,15,15
1700597820,11,22,2,257,15,15
1700597880,11,22,2,258,15,15
1700597940,11,22,2,259,15,15
1700598060,11,22,2,261,15,15
1700598120,11,22,2,262,15,15
1700598180,11,22,2,263,15,15
1700598240,11,22,2,264,15,15
1700598300,11,22,2,265,15,15
1700598360,11,22,2,266,15,14
1700598420,11,22,2,267,15,14
1700598480,11,22,2,268,15,14
1700598540,11,22,2,269,15,14
1700598600,11,22,2,270,15,14
1700598660,11,22,2,271,15,14
1700598720,11,22,2,272,15,14
1700598780,11,22,2,273,15,14
1700598840,11,22,2,274,15,14
1700598900,11,22,2,275,15,14
1700598960,11,22,2,276,15,14
1700599020,11,22,2,277,15,14
1700599080,11,22,2,278,15,14
1700599140,11,22,2,279,15,14
1700599200,11,22,2,280,15,14
1700599260,11,22,2,281,15,14
1700599320,11,22,2,282,15,14
1700599380,11,22,2,283,15,14
1700599440,11,22,2,284,15,14
1700599560,11,22,2,286,15,14
1700599620,11,22,2,287,15,14
1700599680,11,22,2,288,15,14
1700599740,11,22,2,289,15,14
1700599800,11,22,2,290,15,14
1700599860,11,22,2,291,15,14
1700599920,11,22,2,292,15,14
1700599980,11,22,2,293,15,14
1700600040,11,22,2,294,15,14
1700600100,11,22,2,295,15,14
1700600160,11,22,2,296,15,14
1700600220,11,22,2,297,15,14
1700600280,11,22,2,298,15,14
1700600340,11,22,2,299,15,14
1700600400,11,22,2,300,15,14
1700600460,11,22,2,301,15,14
1700600520,11,22,2,302,15,14
1700600580,11,22,2,303,15,14
1700600640,11,22,2,304,15,14
1700600700,11,22,2,305,15,14
1700600760,11,22,2,306,15,14
1700600820,11,22,2,307,15,14
1700600880,11,22,2,308,15,14
1700600940,11,22,2,309,15,14
1700601000,11,22,2,310,15,14
1700601060,11,22,2,311,15,14
1700601120,11,22,2,312,15,14
1700601180,11,22,2,313,15,14
1700601240,11,22,2,314,15,14
1700601300,11,22,2,315,15,14
1700601360,11,22,2,316,15,14
1700601420,11,22,2,317,15,14
1700601480,11,22,2,318,15,14
1700601540,11,22,2,319,15,14
1700601660,11,22,2,321,15,14
1700601780,11,22,2,323,15,14
1700601840,11,22,2,324,15,14
1700601900,11,22,2,325,15,14
1700601960,11,22,2,326,15,14
1700602020,11,22,2,327,15,14
1700602080,11,22,2,328,15,14
1700602140,11,22,2,329,15,14
1700602200,11,22,2,330,15,14
1700602260,11,22,2,331,15,14
1700602320,11,22,2,332,15,14
1700602380,11,22,2,333,15,15
1700602440,11,22,2,334,15,15
1700602500,11,22,2,335,15,15
1700602560,11,22,2,336,15,15
1700602620,11,22,2,337,15,15
1700602680,11,22,2,338,15,15
1700602740,11,22,2,339,15,15
1700602800,11,22,2,340,15,15
1700602860,11,22,2,341,15,15
1700602920,11,22,2,342,15,15
1700603040,11,22,2,344,15,15
1700603100,11,22,2,345,15,15
1700603220,11,22,2,347,15,15
1700603340,11,22,2,349,15,15
1700603460,11,22,2,351,15,15
1700603520,11,22,2,352,15,15
1700603580,11,22,2,353,15,15
1700603700,11,22,2,355,15,15
1700603760,11,22,2,356,15,15
1700603820,11,22,2,357,15,15
1700603880,11,22,2,358,15,15
1700603940,11,22,2,359,15,15
1700604000,11,22,2,360,15,15
1700604120,11,22,2,362,15,15
1700604180,11,22,2,363,15,15
1700604240,11,22,2,364,15,15
1700604300,11,22,2,365,15,15
1700604360,11,22,2,366,15,15
1700604420,11,22,2,367,15,15
1700604480,11,22,2,368,15,15
1700604540,11,22,2,369,15,15
1700604660,11,22,2,371,15,15
1700604720,11,22,2,372,15,15
1700604780,11,22,2,373,15,15
1700604840,11,22,2,374,15,15
1700604900,11,22,2,375,15,15
1700605020,11,22,2,377,15,15
1700605140,11,22,2,379,15,15
1700605320,11,22,2,382,15,15
1700605380,11,22,2,383,15,15
1700605440,11,22,2,384,15,15
1700605500,11,22,2,385,15,15
1700605620,11,22,2,387,15,15
1700605680,11,22,2,388,15,15
1700605740,11,22,2,389,15,15
1700605860,11,22,2,391,15,15
1700605920,11,22,2,392,15,15
1700606040,11,22,2,394,15,15
1700606100,11,22,2,395,15,15
1700606160,11,22,2,396,15,15
1700606220,11,22,2,397,15,15
1700606280,11,22,2,398,15,15
1700606340,11,22,2,399,15,15
1700606460,11,22,2,401,15,14
1700606520,11,22,2,402,15,14
1700606580,11,22,2,403,15,14
1700606640,11,22,2,404,15,14
1700606700,11,22,2,405,15,14
1700606760,11,22,2,406,15,14
1700606820,11,22,2,407,15,14
1700606940,11,22,2,409,15,14
1700607060,11,22,2,411,15,14
1700607120,11,22,2,412,15,14
1700607240,11,22,2,414,15,15
1700607300,11,22,2,415,15,15
1700607360,11,22,2,416,15,15
1700607420,11,22,2,417,15,15
1700607540,11,22,2,419,15,15
1700607660,11,22,2,421,15,15
1700607780,11,22,2,423,15,15
1700607840,11,22,2,424,15,15
1700607900,11,22,2,425,15,15
1700607960,11,22,2,426,15,14
1700608020,11,22,2,427,15,14
1700608080,11,22,2,428,15,14
1700608140,11,22,2,429,15,15
1700608260,11,22,2,431,15,15
1700608320,11,22,2,432,15,15
1700608380,11,22,2,433,15,15
1700608440,11,22,2,434,15,15
1700608500,11,22,2,435,15,15
1700608560,11,22,2,436,15,15
1700608620,11,22,2,437,15,15
1700608680,11,22,2,438,15,12
1700608740,11,22,2,439,15,11
1700608860,11,22,2,441,15,11
1700608920,11,22,2,442,15,12
1700608980,11,22,2,443,15,12
1700609040,11,22,2,444,15,12
1700609100,11,22,2,445,15,12
1700609160,11,22,2,446,15,10
1700609220,11,22,2,447,15,10
1700609280,11,22,2,448,15,11
1700609340,11,22,2,449,15,11
1700609460,11,22,2,451,15,11
1700609520,11,22,2,452,15,12
1700609580,11,22,2,453,15,12
1700609640,11,22,2,454,15,12
1700609700,11,22,2,455,15,11
1700609760,11,22,2,456,15,11
1700609820,11,22,2,457,15,11
1700609880,11,22,2,458,15,11
1700609940,11,22,2,459,15,11
1700610000,11,22,2,460,15,11
1700610060,11,22,2,461,15,11
1700610120,11,22,2,462,15,12
1700610180,11,22,2,463,15,12
1700610240,11,22,2,464,15,12
1700610300,11,22,2,465,15,12
1700610360,11,22,2,466,15,12
1700610420,11,22,2,467,15,12
1700610480,11,22,2,468,15,12
1700610540,11,22,2,469,15,13
1700610600,11,22,2,470,15,14
1700610660,11,22,2,471,15,14
1700610720,11,22,2,472,15,15
1700610780,11,22,2,473,15,15
1700610840,11,22,2,474,15,14
1700610900,11,22,2,475,15,14
1700610960,11,22,2,476,15,13
1700611020,11,22,2,477,15,13
1700611080,11,22,2,478,15,13
1700611140,11,22,2,479,15,13
1700611260,11,22,2,481,15,13
1700611320,11,22,2,482,15,13
1700611380,11,22,2,483,15,13
1700611440,11,22,2,484,15,13
1700611500,11,22,2,485,15,13
1700611560,11,22,2,486,15,13
1700611620,11,22,2,487,15,13
1700611680,11,22,2,488,15,12
1700611740,11,22,2,489,15,12
1700611800,11,22,2,490,15,11
1700611860,11,22,2,491,15,11
1700611920,11,22,2,492,15,12
1700611980,11,22,2,493,15,12
1700612040,11,22,2,494,15,11
1700612100,11,22,2,495,15,12
1700612160,11,22,2,496,15,11
1700612220,11,22,2,497,15,11
1700612280,11,22,2,498,15,12
1700612340,11,22,2,499,15,12
1700612460,11,22,2,501,15,11
1700612520,11,22,2,502,15,11
1700612580,11,22,2,503,15,11
1700612640,11,22,2,504,15,11
1700612700,11,22,2,505,15,11
1700612760,11,22,2,506,15,11
1700612820,11,22,2,507,15,10
1700612880,11,22,2,508,15,9
1700612940,11,22,2,509,15,7
1700613060,11,22,2,511,15,5
1700613120,11,22,2,512,15,5
1700613180,11,22,2,513,15,5
1700613240,11,22,2,514,15,5
1700613300,11,22,2,515,15,6
1700613360,11,22,2,516,15,6
1700613420,11,22,2,517,15,6
1700613480,11,22,2,518,15,6
1700613540,11,22,2,519,15,7
1700613600,11,22,2,520,15,7
1700613660,11,22,2,521,15,8
1700613720,11,22,2,522,15,8
1700613780,11,22,2,523,15,8
1700613840,11,22,2,524,15,7
1700613900,11,22,2,525,15,7
1700613960,11,22,2,526,15,7
1700614020,11,22,2,527,15,6
1700614080,11,22,2,528,15,6
1700614140,11,22,2,529,15,5
1700614260,11,22,2,531,15,2
1700614320,11,22,2,532,15,1
1700614380,11,22,2,533,15,2
1700614440,11,22,2,534,15,2
1700614500,11,22,2,535,15,2
1700614560,11,22,2,536,15,1
1700614620,11,22,2,537,15,1
1700614680,11,22,2,538,15,0
1700614740,11,22,2,539,15,0
1700614860,11,22,2,541,15,0
1700614920,11,22,2,542,15,0
1700614980,11,22,2,543,15,0
1700615040,11,22,2,544,15,1
1700615100,11,22,2,545,15,1
1700615160,11,22,2,546,15,1
1700615220,11,22,2,547,15,0
1700615280,11,22,2,548,15,0
1700615340,11,22,2,549,15,0
1700615400,11,22,2,550,15,0
1700615460,11,22,2,551,15,0
1700615520,11,22,2,552,15,0
1700615580,11,22,2,553,15,0
1700615640,11,22,2,554,15,0
1700615700,11,22,2,555,15,1
1700615760,11,22,2,556,15,1
1700615820,11,22,2,557,15,1
1700615880,11,22,2,558,15,2
1700615940,11,22,2,559,15,2
1700616060,11,22,2,561,15,1
1700616120,11,22,2,562,15,3
1700616180,11,22,2,563,15,3
1700616240,11,22,2,564,15,3
1700616300,11,22,2,565,15,3
1700616360,11,22,2,566,15,3
1700616420,11,22,2,567,15,2
1700616480,11,22,2,568,15,3
1700616540,11,22,2,569,15,2
1700616600,11,22,2,570,15,1
1700616720,11,22,2,572,15,1
1700616780,11,22,2,573,15,1
1700616840,11,22,2,574,15,0
1700616900,11,22,2,575,15,1
1700616960,11,22,2,576,15,0
1700617020,11,22,2,577,15,0
1700617080,11,22,2,578,15,0
1700617140,11,22,2,579,15,0
1700617200,11,22,2,580,15,0
1700617260,11,22,2,581,15,0
1700617320,11,22,2,582,15,0
1700617380,11,22,2,583,15,0
1700617440,11,22,2,584,15,0
1700617500,11,22,2,585,15,0
1700617560,11,22,2,586,15,0
1700617620,11,22,2,587,15,0
1700617680,11,22,2,588,15,0
1700617740,11,22,2,589,15,0
1700617800,11,22,2,590,15,0
1700617860,11,22,2,591,15,0
1700617920,11,22,2,592,15,1
1700617980,11,22,2,593,15,1
1700618040,11,22,2,594,15,1
1700618160,11,22,2,596,15,0
1700618220,11,22,2,597,15,0
1700618280,11,22,2,598,15,0
1700618340,11,22,2,599,15,0
1700618460,11,22,2,601,15,0
1700618580,11,22,2,603,15,0
1700618700,11,22,2,605,15,1
1700618760,11,22,2,606,15,1
1700618820,11,22,2,607,15,1
1700618940,11,22,2,609,15,2
1700619000,11,22,2,610,15,2
1700619060,11,22,2,611,15,2
1700619120,11,22,2,612,15,2
1700619240,11,22,2,614,15,2
1700619360,11,22,2,616,15,2
1700619480,11,22,2,618,15,2
1700619540,11,22,2,619,15,3
1700619660,11,22,2,621,15,3
1700619720,11,22,2,622,15,3
1700619780,11,22,2,623,15,3
1700619840,11,22,2,624,15,3
1700619960,11,22,2,626,15,2
1700620020,11,22,2,627,15,1
1700620080,11,22,2,628,15,0
1700620140,11,22,2,629,15,0
1700620260,11,22,2,631,15,0
1700620320,11,22,2,632,15,0
1700620380,11,22,2,633,15,0
1700620500,11,22,2,635,15,0
1700620560,11,22,2,636,15,0
1700620620,11,22,2,637,15,0
1700620680,11,22,2,638,15,0
1700620740,11,22,2,639,15,0
1700620800,11,22,2,640,15,0
1700620920,11,22,2,642,15,0
1700620980,11,22,2,643,15,0
1700621040,11,22,2,644,15,0
1700621100,11,22,2,645,15,0
1700621160,11,22,2,646,15,0
1700621220,11,22,2,647,15,0
1700621280,11,22,2,648,15,1
1700621340,11,22,2,649,15,1
1700621460,11,22,2,651,15,0
1700621520,11,22,2,652,15,0
1700621580,11,22,2,653,15,0
1700621640,11,22,2,654,15,0
1700621700,11,22,2,655,15,0
1700621760,11,22,2,656,15,0
1700621820,11,22,2,657,15,0
1700621880,11,22,2,658,15,0
1700621940,11,22,2,659,15,0
1700622060,11,22,2,661,15,0
1700622120,11,22,2,662,15,0
1700622180,11,22,2,663,15,0
1700622240,11,22,2,664,15,0
1700622300,11,22,2,665,15,0
1700622360,11,22,2,666,15,0
1700622420,11,22,2,667,15,0
1700622480,11,22,2,668,15,0
1700622540,11,22,2,669,15,0
1700622660,11,22,2,671,15,0
1700622720,11,22,2,672,15,0
1700622780,11,22,2,673,15,0
1700622840,11,22,2,674,15,0
1700622900,11,22,2,675,15,1
1700622960,11,22,2,676,15,1
1700623020,11,22,2,677,15,1
1700623080,11,22,2,678,15,0
1700623140,11,22,2,679,15,0
1700623260,11,22,2,681,15,0
1700623320,11,22,2,682,15,1
1700623380,11,22,2,683,15,1
1700623500,11,22,2,685,15,1
1700623560,11,22,2,686,15,1
1700623620,11,22,2,687,15,0
1700623680,11,22,2,688,15,0
1700623740,11,22,2,689,15,0
1700623860,11,22,2,691,15,0
1700623920,11,22,2,692,15,0
1700623980,11,22,2,693,15,0
1700624040,11,22,2,694,15,0
1700624100,11,22,2,695,15,0
1700624160,11,22,2,696,15,0
1700624220,11,22,2,697,15,0
1700624280,11,22,2,698,15,0
1700624340,11,22,2,699,15,0
1700624460,11,22,2,701,15,0
1700624520,11,22,2,702,15,0
1700624580,11,22,2,703,15,0
1700624640,11,22,2,704,15,0
1700624700,11,22,2,705,15,0
1700624760,11,22,2,706,15,0
1700624820,11,22,2,707,15,0
1700624880,11,22,2,708,15,0
1700624940,11,22,2,709,15,1
1700625060,11,22,2,711,15,0
1700625120,11,22,2,712,15,0
1700625180,11,22,2,713,15,0
1700625240,11,22,2,714,15,0
1700625300,11,22,2,715,15,0
1700625360,11,22,2,716,15,1
1700625420,11,22,2,717,15,2
1700625480,11,22,2,718,15,2
1700625540,11,22,2,719,15,2
1700625660,11,22,2,721,15,2
1700625720,11,22,2,722,15,3
1700625780,11,22,2,723,15,3
1700625840,11,22,2,724,15,3
1700625900,11,22,2,725,15,3
1700625960,11,22,2,726,15,1
1700626020,11,22,2,727,15,0
1700626080,11,22,2,728,15,0
1700626140,11,22,2,729,15,0
1700626200,11,22,2,730,15,0
1700626260,11,22,2,731,15,0
1700626320,11,22,2,732,15,1
1700626380,11,22,2,733,15,2
1700626440,11,22,2,734,15,1
1700626500,11,22,2,735,15,1
1700626560,11,22,2,736,15,2
1700626620,11,22,2,737,15,2
1700626680,11,22,2,738,15,1
1700626740,11,22,2,739,15,1
1700626860,11,22,2,741,15,2
1700626920,11,22,2,742,15,3
1700626980,11,22,2,743,15,3
1700627040,11,22,2,744,15,3
1700627100,11,22,2,745,15,4
1700627160,11,22,2,746,15,6
1700627220,11,22,2,747,15,6
1700627280,11,22,2,748,15,6
1700627340,11,22,2,749,15,6
1700627460,11,22,2,751,15,5
1700627520,11,22,2,752,15,5
1700627580,11,22,2,753,15,5
1700627640,11,22,2,754,15,4
1700627700,11,22,2,755,15,4
1700627760,11,22,2,756,15,4
1700627820,11,22,2,757,15,4
1700627880,11,22,2,758,15,4
1700627940,11,22,2,759,15,4
1700628000,11,22,2,760,15,4
1700628060,11,22,2,761,15,4
1700628120,11,22,2,762,15,5
1700628180,11,22,2,763,15,5
1700628240,11,22,2,764,15,5
1700628300,11,22,2,765,15,6
1700628360,11,22,2,766,15,6
1700628420,11,22,2,767,15,6
1700628480,11,22,2,768,15,6
1700628540,11,22,2,769,15,6
1700628600,11,22,2,770,15,5
1700628660,11,22,2,771,15,5
1700628720,11,22,2,772,15,5
1700628780,11,22,2,773,15,5
1700628840,11,22,2,774,15,4
1700628900,11,22,2,775,15,4
1700628960,11,22,2,776,15,3
1700629020,11,22,2,777,15,3
1700629080,11,22,2,778,15,2
1700629140,11,22,2,779,15,2
1700629260,11,22,2,781,15,0
1700629320,11,22,2,782,15,0
1700629380,11,22,2,783,15,0
1700629440,11,22,2,784,15,0
1700629500,11,22,2,785,15,0
1700629560,11,22,2,786,15,1
1700629620,11,22,2,787,15,0
1700629680,11,22,2,788,15,0
1700629740,11,22,2,789,15,0
1700629800,11,22,2,790,15,0
1700629860,11,22,2,791,15,0
1700629920,11,22,2,792,15,0
1700629980,11,22,2,793,15,0
1700630040,11,22,2,794,15,0
1700630100,11,22,2,795,15,0
1700630160,11,22,2,796,15,0
1700630220,11,22,2,797,15,0
1700630280,11,22,2,798,15,1
1700630340,11,22,2,799,15,0
1700630460,11,22,2,801,15,0
1700630520,11,22,2,802,15,0
1700630580,11,22,2,803,15,0
1700630640,11,22,2,804,15,0
1700630700,11,22,2,805,15,0
1700630760,11,22,2,806,15,0
1700630820,11,22,2,807,15,0
1700630880,11,22,2,808,15,0
1700630940,11,22,2,809,15,1
1700631060,11,22,2,811,15,1
1700631120,11,22,2,812,15,1
1700631180,11,22,2,813,15,1
1700631240,11,22,2,814,15,1
1700631300,11,22,2,815,15,1
1700631360,11,22,2,816,15,1
1700631420,11,22,2,817,15,1
1700631480,11,22,2,818,15,1
1700631540,11,22,2,819,15,1
1700631600,11,22,2,820,15,1
1700631660,11,22,2,821,15,0
1700631720,11,22,2,822,15,2
1700631780,11,22,2,823,15,2
1700631840,11,22,2,824,15,2
1700631900,11,22,2,825,15,2
1700631960,11,22,2,826,15,2
1700632020,11,22,2,827,15,2
1700632080,11,22,2,828,15,2
1700632140,11,22,2,829,15,1
1700632200,11,22,2,830,15,1
1700632260,11,22,2,831,15,1
1700632320,11,22,2,832,15,0
1700632380,11,22,2,833,15,0
1700632440,11,22,2,834,15,0
1700632500,11,22,2,835,15,0
1700632560,11,22,2,836,15,0
1700632620,11,22,2,837,15,1
1700632680,11,22,2,838,15,0
1700632740,11,22,2,839,15,0
1700632860,11,22,2,841,15,0
1700632920,11,22,2,842,15,0
1700632980,11,22,2,843,15,0
1700633040,11,22,2,844,15,0
1700633100,11,22,2,845,15,0
1700633160,11,22,2,846,15,1
1700633220,11,22,2,847,15,2
1700633280,11,22,2,848,15,2
1700633340,11,22,2,849,15,2
1700633400,11,22,2,850,15,3
1700633460,11,22,2,851,15,3
1700633520,11,22,2,852,15,3
1700633580,11,22,2,853,15,2
1700633640,11,22,2,854,15,2
1700633700,11,22,2,855,15,0
1700633760,11,22,2,856,15,0
1700633820,11,22,2,857,15,0
1700633880,11,22,2,858,15,0
1700633940,11,22,2,859,15,0
1700634060,11,22,2,861,15,0
1700634120,11,22,2,862,15,0
1700634180,11,22,2,863,15,0
1700634240,11,22,2,864,15,0
1700634300,11,22,2,865,15,0
1700634360,11,22,2,866,15,2
1700634420,11,22,2,867,15,2
1700634480,11,22,2,868,15,2
1700634540,11,22,2,869,15,2
1700634600,11,22,2,870,15,2
1700634660,11,22,2,871,15,2
1700634720,11,22,2,872,15,2
1700634780,11,22,2,873,15,2
1700634840,11,22,2,874,15,2
1700634900,11,22,2,875,15,2
1700634960,11,22,2,876,15,1
1700635020,11,22,2,877,15,1
1700635080,11,22,2,878,15,2
1700635140,11,22,2,879,15,2
1700635200,11,22,2,880,15,2
1700635260,11,22,2,881,15,2
1700635320,11,22,2,882,15,3
1700635440,11,22,2,884,15,3
1700635500,11,22,2,885,15,3
1700635620,11,22,2,887,15,5
1700635740,11,22,2,889,15,5
1700635860,11,22,2,891,15,6
1700635920,11,22,2,892,15,6
1700635980,11,22,2,893,15,6
1700636040,11,22,2,894,15,6
1700636100,11,22,2,895,15,6
1700636160,11,22,2,896,15,4
1700636280,11,22,2,898,15,2
1700636340,11,22,2,899,15,2
1700636460,11,22,2,901,15,2
1700636520,11,22,2,902,15,2
1700636580,11,22,2,903,15,1
1700636640,11,22,2,904,15,1
1700636700,11,22,2,905,15,1
1700636820,11,22,2,907,15,1
1700636880,11,22,2,908,15,1
1700636940,11,22,2,909,15,1
1700637060,11,22,2,911,15,2
1700637120,11,22,2,912,15,2
1700637180,11,22,2,913,15,2
1700637240,11,22,2,914,15,2
1700637300,11,22,2,915,15,2
1700637360,11,22,2,916,15,2
1700637420,11,22,2,917,15,2
1700637480,11,22,2,918,15,2
1700637540,11,22,2,919,15,0
1700637660,11,22,2,921,15,0
1700637720,11,22,2,922,15,1
1700637780,11,22,2,923,15,1
1700637840,11,22,2,924,15,0
1700637900,11,22,2,925,15,0
1700637960,11,22,2,926,15,0
1700638020,11,22,2,927,15,0
1700638080,11,22,2,928,15,0
1700638140,11,22,2,929,15,0
1700638260,11,22,2,931,15,0
1700638320,11,22,2,932,15,0
1700638380,11,22,2,933,15,0
1700638440,11,22,2,934,15,0
1700638500,11,22,2,935,15,0
1700638560,11,22,2,936,15,0
1700638620,11,22,2,937,15,0
1700638680,11,22,2,938,15,0
1700638740,11,22,2,939,15,2
1700638800,11,22,2,940,15,2
1700638920,11,22,2,942,15,2
1700638980,11,22,2,943,15,2
1700639040,11,22,2,944,15,2
1700639100,11,22,2,945,15,2
1700639160,11,22,2,946,15,0
1700639220,11,22,2,947,15,0
1700639280,11,22,2,948,15,0
1700639340,11,22,2,949,15,0
1700639460,11,22,2,951,15,1
1700639580,11,22,2,953,15,0
1700639640,11,22,2,954,15,0
1700639700,11,22,2,955,15,0
1700639760,11,22,2,956,15,0
1700639820,11,22,2,957,15,0
1700639880,11,22,2,958,15,0
1700639940,11,22,2,959,15,0
1700640060,11,22,2,961,15,0
1700640120,11,22,2,962,15,0
1700640240,11,22,2,964,15,0
1700640300,11,22,2,965,15,0
1700640420,11,22,2,967,15,1
1700640480,11,22,2,968,15,1
1700640540,11,22,2,969,15,1
1700640660,11,22,2,971,15,1
1700640720,11,22,2,972,15,1
1700640780,11,22,2,973,15,1
1700640900,11,22,2,975,15,2
1700640960,11,22,2,976,15,1
1700641020,11,22,2,977,15,1
1700641080,11,22,2,978,15,1
1700641140,11,22,2,979,15,1
1700641320,11,22,2,982,15,0
1700641380,11,22,2,983,15,0
1700641440,11,22,2,984,15,0
1700641500,11,22,2,985,15,0
1700641560,11,22,2,986,15,3
1700641620,11,22,2,987,15,3
1700641680,11,22,2,988,15,3
1700641740,11,22,2,989,15,3
1700641860,11,22,2,991,15,4
1700641920,11,22,2,992,15,4
1700641980,11,22,2,993,15,4
1700642040,11,22,2,994,15,4
1700642100,11,22,2,995,15,4
1700642160,11,22,2,996,15,3
1700642220,11,22,2,997,15,4
1700642280,11,22,2,998,15,3
1700642400,11,22,2,1000,15,2
1700642460,11,22,2,1001,15,4
1700642520,11,22,2,1002,15,4
1700642580,11,22,2,1003,15,4
1700642640,11,22,2,1004,15,4
1700642700,11,22,2,1005,15,3
1700642760,11,22,2,1006,15,3
1700642820,11,22,2,1007,15,3
1700642880,11,22,2,1008,15,3
1700642940,11,22,2,1009,15,5
1700643000,11,22,2,1010,15,5
1700643060,11,22,2,1011,15,5
1700643120,11,22,2,1012,15,5
1700643180,11,22,2,1013,15,5
1700643240,11,22,2,1014,15,5
1700643300,11,22,2,1015,15,5
1700643360,11,22,2,1016,15,3
1700643420,11,22,2,1017,15,3
1700643480,11,22,2,1018,15,3
1700643540,11,22,2,1019,15,2
1700643660,11,22,2,1021,15,2
1700643720,11,22,2,1022,15,1
1700643780,11,22,2,1023,15,2
1700643840,11,22,2,1024,15,2
1700643900,11,22,2,1025,15,1
1700643960,11,22,2,1026,15,1
1700644020,11,22,2,1027,15,1
1700644080,11,22,2,1028,15,1
1700644140,11,22,2,1029,15,2
1700644200,11,22,2,1030,15,2
1700644260,11,22,2,1031,15,2
1700644320,11,22,2,1032,15,2
1700644380,11,22,2,1033,15,3
1700644440,11,22,2,1034,15,3
1700644500,11,22,2,1035,15,3
1700644560,11,22,2,1036,15,3
1700644620,11,22,2,1037,15,3
1700644680,11,22,2,1038,15,5
1700644740,11,22,2,1039,15,5
1700644860,11,22,2,1041,15,4
1700644920,11,22,2,1042,15,3
1700644980,11,22,2,1043,15,3
1700645040,11,22,2,1044,15,0
1700645100,11,22,2,1045,15,1
1700645160,11,22,2,1046,15,1
1700645220,11,22,2,1047,15,1
1700645280,11,22,2,1048,15,1
1700645340,11,22,2,1049,15,1
1700645460,11,22,2,1051,15,1
1700645520,11,22,2,1052,15,1
1700645580,11,22,2,1053,15,1
1700645640,11,22,2,1054,15,2
1700645700,11,22,2,1055,15,2
1700645760,11,22,2,1056,15,2
1700645820,11,22,2,1057,15,3
1700645880,11,22,2,1058,15,3
1700645940,11,22,2,1059,15,2
1700646060,11,22,2,1061,15,2
1700646120,11,22,2,1062,15,2
1700646180,11,22,2,1063,15,2
1700646240,11,22,2,1064,15,2
1700646300,11,22,2,1065,15,2
1700646360,11,22,2,1066,15,2
1700646420,11,22,2,1067,15,3
1700646480,11,22,2,1068,15,1
1700646540,11,22,2,1069,15,2
1700646600,11,22,2,1070,15,1
1700646660,11,22,2,1071,15,1
1700646720,11,22,2,1072,15,2
1700646780,11,22,2,1073,15,2
1700646840,11,22,2,1074,15,1
1700646900,11,22,2,1075,15,1
1700646960,11,22,2,1076,15,1
1700647020,11,22,2,1077,15,1
1700647080,11,22,2,1078,15,1
1700647140,11,22,2,1079,15,1
1700647260,11,22,2,1081,15,2
1700647320,11,22,2,1082,15,2
1700647380,11,22,2,1083,15,1
1700647440,11,22,2,1084,15,1
1700647500,11,22,2,1085,15,1
1700647560,11,22,2,1086,15,1
1700647620,11,22,2,1087,15,2
1700647680,11,22,2,1088,15,2
1700647740,11,22,2,1089,15,3
1700647860,11,22,2,1091,15,1
1700647920,11,22,2,1092,15,0
1700647980,11,22,2,1093,15,1
1700648040,11,22,2,1094,15,2
1700648100,11,22,2,1095,15,1
1700648160,11,22,2,1096,15,1
1700648220,11,22,2,1097,15,1
1700648280,11,22,2,1098,15,1
1700648340,11,22,2,1099,15,0
1700648460,11,22,2,1101,15,1
1700648520,11,22,2,1102,15,0
1700648580,11,22,2,1103,15,0
1700648640,11,22,2,1104,15,0
1700648700,11,22,2,1105,15,1
1700648760,11,22,2,1106,15,1
1700648820,11,22,2,1107,15,1
1700648880,11,22,2,1108,15,1
1700648940,11,22,2,1109,15,1
1700649060,11,22,2,1111,15,0
1700649120,11,22,2,1112,15,0
1700649180,11,22,2,1113,15,1
1700649240,11,22,2,1114,15,2
1700649300,11,22,2,1115,15,2
1700649360,11,22,2,1116,15,1
1700649420,11,22,2,1117,15,2
1700649480,11,22,2,1118,15,1
1700649540,11,22,2,1119,15,0
1700649600,11,22,2,1120,15,0
1700649660,11,22,2,1121,15,1
1700649720,11,22,2,1122,15,1
1700649780,11,22,2,1123,15,1
1700649840,11,22,2,1124,15,0
1700649900,11,22,2,1125,15,0
1700649960,11,22,2,1126,15,0
1700650020,11,22,2,1127,15,0
1700650080,11,22,2,1128,15,0
1700650140,11,22,2,1129,15,1
1700650200,11,22,2,1130,15,0
1700650260,11,22,2,1131,15,0
1700650320,11,22,2,1132,15,0
1700650380,11,22,2,1133,15,0
1700650440,11,22,2,1134,15,0
1700650500,11,22,2,1135,15,0
1700650560,11,22,2,1136,15,0
1700650620,11,22,2,1137,15,1
1700650680,11,22,2,1138,15,2
1700650740,11,22,2,1139,15,0
1700650860,11,22,2,1141,15,0
1700650920,11,22,2,1142,15,0
1700650980,11,22,2,1143,15,0
1700651040,11,22,2,1144,15,0
1700651100,11,22,2,1145,15,0
1700651160,11,22,2,1146,15,0
1700651220,11,22,2,1147,15,0
1700651280,11,22,2,1148,15,0
1700651340,11,22,2,1149,15,0
1700651400,11,22,2,1150,15,0
1700651460,11,22,2,1151,15,0
1700651520,11,22,2,1152,15,0
1700651580,11,22,2,1153,15,1
1700651640,11,22,2,1154,15,1
1700651700,11,22,2,1155,15,0
1700651760,11,22,2,1156,15,0
1700651820,11,22,2,1157,15,0
1700651880,11,22,2,1158,15,1
1700651940,11,22,2,1159,15,1
1700652060,11,22,2,1161,15,1
1700652120,11,22,2,1162,15,1
1700652180,11,22,2,1163,15,1
1700652240,11,22,2,1164,15,1
1700652300,11,22,2,1165,15,2
1700652360,11,22,2,1166,15,2
1700652420,11,22,2,1167,15,2
1700652480,11,22,2,1168,15,2
1700652540,11,22,2,1169,15,1
1700652600,11,22,2,1170,15,2
1700652720,11,22,2,1172,15,2
1700652780,11,22,2,1173,15,0
1700652900,11,22,2,1175,15,0
1700652960,11,22,2,1176,15,0
1700653020,11,22,2,1177,15,0
1700653080,11,22,2,1178,15,0
1700653140,11,22,2,1179,15,0
1700653260,11,22,2,1181,15,0
1700653320,11,22,2,1182,15,0
1700653380,11,22,2,1183,15,0
1700653440,11,22,2,1184,15,0
1700653500,11,22,2,1185,15,0
1700653560,11,22,2,1186,15,1
1700653620,11,22,2,1187,15,0
1700653680,11,22,2,1188,15,0
1700653740,11,22,2,1189,15,0
1700653860,11,22,2,1191,15,3
1700653920,11,22,2,1192,15,3
1700653980,11,22,2,1193,15,3
1700654040,11,22,2,1194,15,5
1700654100,11,22,2,1195,15,5
1700654160,11,22,2,1196,15,5
1700654220,11,22,2,1197,15,5
1700654280,11,22,2,1198,15,6
1700654340,11,22,2,1199,15,6
1700654460,11,22,2,1201,15,4
1700654520,11,22,2,1202,15,5
1700654580,11,22,2,1203,15,4
1700654640,11,22,2,1204,15,4
1700654700,11,22,2,1205,15,4
1700654760,11,22,2,1206,15,5
1700654820,11,22,2,1207,15,5
1700654880,11,22,2,1208,15,5
1700654940,11,22,2,1209,15,4
1700655060,11,22,2,1211,15,3
1700655120,11,22,2,1212,15,3
1700655180,11,22,2,1213,15,3
1700655240,11,22,2,1214,15,2
1700655300,11,22,2,1215,15,2
1700655360,11,22,2,1216,15,2
1700655420,11,22,2,1217,15,2
1700655480,11,22,2,1218,15,2
1700655540,11,22,2,1219,15,2
1700655660,11,22,2,1221,15,2
1700655720,11,22,2,1222,15,3
1700655780,11,22,2,1223,15,3
1700655840,11,22,2,1224,15,3
1700655900,11,22,2,1225,15,3
1700655960,11,22,2,1226,15,4
1700656020,11,22,2,1227,15,4
1700656080,11,22,2,1228,15,4
1700656140,11,22,2,1229,15,4
1700656260,11,22,2,1231,15,4
1700656320,11,22,2,1232,15,4
1700656380,11,22,2,1233,15,4
1700656440,11,22,2,1234,15,4
1700656500,11,22,2,1235,15,3
1700656560,11,22,2,1236,15,3
1700656620,11,22,2,1237,15,3
1700656680,11,22,2,1238,15,3
1700656740,11,22,2,1239,15,3
1700656860,11,22,2,1241,15,3
1700656920,11,22,2,1242,15,5
1700657040,11,22,2,1244,15,5
1700657100,11,22,2,1245,15,5
1700657160,11,22,2,1246,15,6
1700657220,11,22,2,1247,15,7
1700657280,11,22,2,1248,15,7
1700657340,11,22,2,1249,15,7
1700657460,11,22,2,1251,15,7
1700657520,11,22,2,1252,15,7
1700657580,11,22,2,1253,15,7
1700657640,11,22,2,1254,15,7
1700657700,11,22,2,1255,15,7
1700657760,11,22,2,1256,15,7
1700657820,11,22,2,1257,15,7
1700657880,11,22,2,1258,15,4
1700657940,11,22,2,1259,15,4
1700658060,11,22,2,1261,15,4
1700658120,11,22,2,1262,15,4
1700658180,11,22,2,1263,15,4
1700658240,11,22,2,1264,15,4
1700658300,11,22,2,1265,15,4
1700658360,11,22,2,1266,15,4
1700658420,11,22,2,1267,15,4
1700658480,11,22,2,1268,15,4
1700658540,11,22,2,1269,15,4
1700658660,11,22,2,1271,15,5
1700658720,11,22,2,1272,15,5
1700658780,11,22,2,1273,15,5
1700658840,11,22,2,1274,15,5
1700658900,11,22,2,1275,15,4
1700658960,11,22,2,1276,15,4
1700659020,11,22,2,1277,15,4
1700659080,11,22,2,1278,15,5
1700659140,11,22,2,1279,15,5
1700659260,11,22,2,1281,15,5
1700659320,11,22,2,1282,15,7
1700659380,11,22,2,1283,15,7
1700659440,11,22,2,1284,15,6
1700659500,11,22,2,1285,15,6
1700659560,11,22,2,1286,15,7
1700659620,11,22,2,1287,15,7
1700659680,11,22,2,1288,15,7
1700659740,11,22,2,1289,15,7
1700659860,11,22,2,1291,15,7
1700659920,11,22,2,1292,15,7
1700659980,11,22,2,1293,15,8
1700660040,11,22,2,1294,15,7
1700660100,11,22,2,1295,15,7
1700660160,11,22,2,1296,15,7
1700660220,11,22,2,1297,15,6
1700660280,11,22,2,1298,15,5
1700660340,11,22,2,1299,15,5
1700660400,11,22,2,1300,15,5
1700660460,11,22,2,1301,15,5
1700660520,11,22,2,1302,15,7
1700660580,11,22,2,1303,15,7
1700660640,11,22,2,1304,15,7
1700660700,11,22,2,1305,15,7
1700660760,11,22,2,1306,15,7
1700660820,11,22,2,1307,15,7
1700660880,11,22,2,1308,15,7
1700660940,11,22,2,1309,15,7
1700661000,11,22,2,1310,15,7
1700661060,11,22,2,1311,15,7
1700661120,11,22,2,1312,15,7
1700661180,11,22,2,1313,15,8
1700661240,11,22,2,1314,15,9
1700661300,11,22,2,1315,15,9
1700661360,11,22,2,1316,15,9
1700661420,11,22,2,1317,15,9
1700661480,11,22,2,1318,15,9
1700661540,11,22,2,1319,15,9
1700661660,11,22,2,1321,15,9
1700661720,11,22,2,1322,15,11
1700661780,11,22,2,1323,15,11
1700661840,11,22,2,1324,15,11
1700661900,11,22,2,1325,15,11
1700661960,11,22,2,1326,15,11
1700662020,11,22,2,1327,15,11
1700662080,11,22,2,1328,15,11
1700662140,11,22,2,1329,15,11
1700662200,11,22,2,1330,15,10
1700662260,11,22,2,1331,15,10
1700662320,11,22,2,1332,15,10
1700662380,11,22,2,1333,15,10
1700662440,11,22,2,1334,15,10
1700662500,11,22,2,1335,15,10
1700662560,11,22,2,1336,15,10
1700662620,11,22,2,1337,15,10
1700662680,11,22,2,1338,15,10
1700662740,11,22,2,1339,15,9
1700662860,11,22,2,1341,15,9
1700662920,11,22,2,1342,15,9
1700662980,11,22,2,1343,15,9
1700663040,11,22,2,1344,15,9
1700663100,11,22,2,1345,15,9
1700663160,11,22,2,1346,15,10
1700663220,11,22,2,1347,15,10
1700663280,11,22,2,1348,15,10
1700663340,11,22,2,1349,15,10
1700663460,11,22,2,1351,15,10
1700663520,11,22,2,1352,15,10
1700663580,11,22,2,1353,15,10
1700663640,11,22,2,1354,15,9
1700663700,11,22,2,1355,15,8
1700663760,11,22,2,1356,15,8
1700663820,11,22,2,1357,15,8
1700663880,11,22,2,1358,15,9
1700663940,11,22,2,1359,15,9
1700664000,11,22,2,1360,15,9
1700664060,11,22,2,1361,15,9
1700664120,11,22,2,1362,15,9
1700664180,11,22,2,1363,15,9
1700664240,11,22,2,1364,15,9
1700664300,11,22,2,1365,15,9
1700664360,11,22,2,1366,15,9
1700664420,11,22,2,1367,15,9
1700664480,11,22,2,1368,15,9
1700664540,11,22,2,1369,15,9
1700664600,11,22,2,1370,15,9
1700664660,11,22,2,1371,15,9
1700664720,11,22,2,1372,15,9
1700664780,11,22,2,1373,15,8
1700664840,11,22,2,1374,15,8
1700664900,11,22,2,1375,15,8
1700664960,11,22,2,1376,15,8
1700665020,11,22,2,1377,15,8
1700665080,11,22,2,1378,15,7
1700665140,11,22,2,1379,15,7
1700665260,11,22,2,1381,15,6
1700665320,11,22,2,1382,15,6
1700665380,11,22,2,1383,15,6
1700665440,11,22,2,1384,15,6
1700665500,11,22,2,1385,15,6
1700665560,11,22,2,1386,15,6
1700665620,11,22,2,1387,15,6
1700665680,11,22,2,1388,15,6
1700665740,11,22,2,1389,15,5
1700665800,11,22,2,1390,15,5
1700665860,11,22,2,1391,15,3
1700665920,11,22,2,1392,15,3
1700665980,11,22,2,1393,15,3
1700666040,11,22,2,1394,15,3
1700666100,11,22,2,1395,15,3
1700666160,11,22,2,1396,15,3
1700666220,11,22,2,1397,15,3
1700666280,11,22,2,1398,15,3
1700666340,11,22,2,1399,15,3
1700666460,11,22,2,1401,15,3
1700666520,11,22,2,1402,15,3
1700666580,11,22,2,1403,15,4
1700666640,11,22,2,1404,15,4
1700666700,11,22,2,1405,15,4
1700666760,11,22,2,1406,15,4
1700666820,11,22,2,1407,15,4
1700666880,11,22,2,1408,15,4
1700666940,11,22,2,1409,15,4
1700667000,11,22,2,1410,15,4
1700667060,11,22,2,1411,15,5
1700667120,11,22,2,1412,15,5
1700667180,11,22,2,1413,15,6
1700667240,11,22,2,1414,15,6
1700667300,11,22,2,1415,15,5
1700667360,11,22,2,1416,15,5
1700667420,11,22,2,1417,15,5
1700667480,11,22,2,1418,15,5
1700667540,11,22,2,1419,15,5
1700667600,11,22,2,1420,15,5
1700667660,11,22,2,1421,15,5
1700667720,11,22,2,1422,15,5
1700667780,11,22,2,1423,15,5
1700667840,11,22,2,1424,15,5
1700667900,11,22,2,1425,15,5
1700667960,11,22,2,1426,15,5
1700668020,11,22,2,1427,15,5
1700668080,11,22,2,1428,15,5
1700668140,11,22,2,1429,15,5
1700668200,11,22,2,1430,15,5
1700668260,11,22,2,1431,15,5
1700668320,11,22,2,1432,15,5
1700668380,11,22,2,1433,15,5
1700668440,11,22,2,1434,15,5
1700668500,11,22,2,1435,15,5
1700668560,11,22,2,1436,15,5
1700668620,11,22,2,1437,15,4
1700668680,11,22,2,1438,15,4
1700668740,11,22,2,1439,15,3
1700668860,11,23,3,1,15,3
1700668920,11,23,3,2,15,3
1700669040,11,23,3,4,15,3
1700669100,11,23,3,5,15,4
1700669160,11,23,3,6,15,4
1700669220,11,23,3,7,15,4
1700669280,11,23,3,8,15,4
1700669340,11,23,3,9,15,4
1700669460,11,23,3,11,15,4
1700669520,11,23,3,12,15,4
1700669580,11,23,3,13,15,4
1700669640,11,23,3,14,15,4
1700669700,11,23,3,15,15,4
1700669760,11,23,3,16,15,4
1700669820,11,23,3,17,15,4
1700669880,11,23,3,18,15,4
1700669940,11,23,3,19,15,4
1700670060,11,23,3,21,15,4
1700670120,11,23,3,22,15,3
1700670180,11,23,3,23,15,3
1700670240,11,23,3,24,15,3
1700670300,11,23,3,25,15,3
1700670360,11,23,3,26,15,3
1700670420,11,23,3,27,15,4
1700670480,11,23,3,28,15,4
1700670540,11,23,3,29,15,4
1700670660,11,23,3,31,15,4
1700670720,11,23,3,32,15,4
1700670780,11,23,3,33,15,4
1700670840,11,23,3,34,15,4
1700670900,11,23,3,35,15,4
1700670960,11,23,3,36,15,4
1700671020,11,23,3,37,15,4
1700671080,11,23,3,38,15,4
1700671140,11,23,3,39,15,4
1700671260,11,23,3,41,15,4
1700671320,11,23,3,42,15,3
1700671380,11,23,3,43,15,3
1700671440,11,23,3,44,15,3
1700671560,11,23,3,46,15,3
1700671620,11,23,3,47,15,3
1700671680,11,23,3,48,15,3
1700671740,11,23,3,49,15,3
1700671860,11,23,3,51,15,3
1700671980,11,23,3,53,15,3
1700672040,11,23,3,54,15,3
1700672160,11,23,3,56,15,3
1700672220,11,23,3,57,15,3
1700672280,11,23,3,58,15,3
1700672340,11,23,3,59,15,3
1700672460,11,23,3,61,15,3
1700672520,11,23,3,62,15,4
1700672580,11,23,3,63,15,4
1700672640,11,23,3,64,15,4
1700672700,11,23,3,65,15,4
1700672760,11,23,3,66,15,4
1700672820,11,23,3,67,15,4
1700672880,11,23,3,68,15,4
1700672940,11,23,3,69,15,4
1700673060,11,23,3,71,15,4
1700673120,11,23,3,72,15,4
1700673180,11,23,3,73,15,4
1700673240,11,23,3,74,15,4
1700673360,11,23,3,76,15,5
1700673420,11,23,3,77,15,5
1700673480,11,23,3,78,15,5
1700673540,11,23,3,79,15,5
1700673660,11,23,3,81,15,4
1700673720,11,23,3,82,15,4
1700673780,11,23,3,83,15,8
1700673840,11,23,3,84,15,8
1700673900,11,23,3,85,15,8
1700673960,11,23,3,86,15,8
1700674020,11,23,3,87,15,8
1700674080,11,23,3,88,15,8
1700674140,11,23,3,89,15,8
1700674260,11,23,3,91,15,10
1700674320,11,23,3,92,15,10
1700674380,11,23,3,93,15,10
1700674440,11,23,3,94,15,10
1700674500,11,23,3,95,15,10
1700674560,11,23,3,96,15,10
1700674620,11,23,3,97,15,10
1700674680,11,23,3,98,15,10
1700674740,11,23,3,99,15,10
1700674860,11,23,3,101,15,11
1700674920,11,23,3,102,15,11
1700674980,11,23,3,103,15,11
1700675040,11,23,3,104,15,11
1700675100,11,23,3,105,15,11
1700675160,11,23,3,106,15,11
1700675220,11,23,3,107,15,11
1700675280,11,23,3,108,15,11
1700675340,11,23,3,109,15,11
1700675400,11,23,3,110,15,11
1700675460,11,23,3,111,15,11
1700675520,11,23,3,112,15,11
1700675580,11,23,3,113,15,11
1700675640,11,23,3,114,15,11
1700675700,11,23,3,115,15,11
1700675760,11,23,3,116,15,11
1700675820,11,23,3,117,15,11
1700675880,11,23,3,118,15,11
1700675940,11,23,3,119,15,11
1700676060,11,23,3,121,15,11
1700676120,11,23,3,122,15,11
1700676180,11,23,3,123,15,11
1700676240,11,23,3,124,15,11
1700676300,11,23,3,125,15,11
1700676360,11,23,3,126,15,11
1700676420,11,23,3,127,15,11
1700676480,11,23,3,128,15,11
1700676540,11,23,3,129,15,11
1700676600,11,23,3,130,15,11
1700676660,11,23,3,131,15,11
1700676720,11,23,3,132,15,11
1700676780,11,23,3,133,15,11
1700676840,11,23,3,134,15,11
1700676900,11,23,3,135,15,11
1700676960,11,23,3,136,15,11
1700677020,11,23,3,137,15,11
1700677080,11,23,3,138,15,11
1700677140,11,23,3,139,15,11
1700677260,11,23,3,141,15,11
1700677320,11,23,3,142,15,11
1700677380,11,23,3,143,15,11
1700677440,11,23,3,144,15,11
1700677500,11,23,3,145,15,11
1700677560,11,23,3,146,15,11
1700677620,11,23,3,147,15,11
1700677680,11,23,3,148,15,11
1700677740,11,23,3,149,15,11
1700677800,11,23,3,150,15,11
1700677860,11,23,3,151,15,11
1700677920,11,23,3,152,15,11
1700677980,11,23,3,153,15,10
1700678040,11,23,3,154,15,10
1700678100,11,23,3,155,15,10
1700678160,11,23,3,156,15,10
1700678220,11,23,3,157,15,9
1700678280,11,23,3,158,15,9
1700678340,11,23,3,159,15,9
1700678400,11,23,3,160,15,9
1700678460,11,23,3,161,15,9
1700678520,11,23,3,162,15,9
1700678580,11,23,3,163,15,9
1700678640,11,23,3,164,15,9
1700678700,11,23,3,165,15,9
1700678760,11,23,3,166,15,9
1700678820,11,23,3,167,15,9
1700678880,11,23,3,168,15,8
1700678940,11,23,3,169,15,8
1700679000,11,23,3,170,15,8
1700679060,11,23,3,171,15,8
1700679120,11,23,3,172,15,8
1700679180,11,23,3,173,15,8
1700679240,11,23,3,174,15,9
1700679300,11,23,3,175,15,9
1700679360,11,23,3,176,15,9
1700679420,11,23,3,177,15,9
1700679480,11,23,3,178,15,9
1700679540,11,23,3,179,15,9
1700679600,11,23,3,180,15,9
1700679660,11,23,3,181,15,9
1700679720,11,23,3,182,15,9
1700679780,11,23,3,183,15,9
1700679840,11,23,3,184,15,9
1700679900,11,23,3,185,15,9
1700679960,11,23,3,186,15,9
1700680020,11,23,3,187,15,9
1700680080,11,23,3,188,15,9
1700680140,11,23,3,189,15,9
1700680200,11,23,3,190,15,9
1700680260,11,23,3,191,15,9
1700680320,11,23,3,192,15,9
1700680380,11,23,3,193,15,9
1700680440,11,23,3,194,15,9
1700680500,11,23,3,195,15,9
1700680560,11,23,3,196,15,9
1700680620,11,23,3,197,15,9
1700680680,11,23,3,198,15,9
1700680740,11,23,3,199,15,9
1700680860,11,23,3,201,15,9
1700680920,11,23,3,202,15,9
1700680980,11,23,3,203,15,9
1700681040,11,23,3,204,15,9
1700681100,11,23,3,205,15,9
1700681160,11,23,3,206,15,9
1700681220,11,23,3,207,15,9
1700681280,11,23,3,208,15,9
1700681340,11,23,3,209,15,9
1700681400,11,23,3,210,15,9
1700681460,11,23,3,211,15,9
1700681520,11,23,3,212,15,9
1700681580,11,23,3,213,15,9
1700681640,11,23,3,214,15,9
1700681700,11,23,3,215,15,9
1700681760,11,23,3,216,15,9
1700681820,11,23,3,217,15,8
1700681880,11,23,3,218,15,8
1700681940,11,23,3,219,15,8
1700682000,11,23,3,220,15,8
1700682060,11,23,3,221,15,8
1700682120,11,23,3,222,15,8
1700682180,11,23,3,223,15,8
1700682240,11,23,3,224,15,8
1700682300,11,23,3,225,15,8
1700682360,11,23,3,226,15,8
1700682420,11,23,3,227,15,8
1700682480,11,23,3,228,15,8
1700682540,11,23,3,229,15,8
1700682600,11,23,3,230,15,8
1700682660,11,23,3,231,15,8
1700682720,11,23,3,232,15,8
1700682780,11,23,3,233,15,8
1700682840,11,23,3,234,15,8
1700682900,11,23,3,235,15,8
1700682960,11,23,3,236,15,8
1700683020,11,23,3,237,15,8
1700683080,11,23,3,238,15,8
1700683140,11,23,3,239,15,8
1700683200,11,23,3,240,15,8
1700683320,11,23,3,242,15,8
1700683380,11,23,3,243,15,8
1700683440,11,23,3,244,15,8
1700683500,11,23,3,245,15,8
1700683560,11,23,3,246,15,8
1700683620,11,23,3,247,15,8
1700683680,11,23,3,248,15,8
1700683740,11,23,3,249,15,8
1700683800,11,23,3,250,15,8
1700683860,11,23,3,251,15,8
1700683920,11,23,3,252,15,8
1700683980,11,23,3,253,15,8
1700684040,11,23,3,254,15,8
1700684100,11,23,3,255,15,8
1700684160,11,23,3,256,15,8
1700684220,11,23,3,257,15,8
1700684280,11,23,3,258,15,8
1700684340,11,23,3,259,15,8
1700684460,11,23,3,261,15,8
1700684520,11,23,3,262,15,8
1700684580,11,23,3,263,15,8
1700684640,11,23,3,264,15,8
1700684700,11,23,3,265,15,8
1700684760,11,23,3,266,15,8
1700684820,11,23,3,267,15,8
1700684880,11,23,3,268,15,8
1700684940,11,23,3,269,15,8
1700685000,11,23,3,270,15,8
1700685060,11,23,3,271,15,8
1700685120,11,23,3,272,15,8
1700685180,11,23,3,273,15,8
1700685240,11,23,3,274,15,8
1700685300,11,23,3,275,15,8
1700685360,11,23,3,276,15,8
1700685420,11,23,3,277,15,8
1700685480,11,23,3,278,15,8
1700685540,11,23,3,279,15,8
1700685660,11,23,3,281,15,8
1700685720,11,23,3,282,15,8
1700685780,11,23,3,283,15,8
1700685840,11,23,3,284,15,8
1700685900,11,23,3,285,15,8
1700685960,11,23,3,286,15,8
1700686020,11,23,3,287,15,8
1700686080,11,23,3,288,15,8
1700686140,11,23,3,289,15,8
1700686260,11,23,3,291,15,8
1700686320,11,23,3,292,15,8
1700686380,11,23,3,293,15,8
1700686440,11,23,3,294,15,8
1700686500,11,23,3,295,15,8
1700686560,11,23,3,296,15,8
1700686620,11,23,3,297,15,8
1700686680,11,23,3,298,15,8
1700686740,11,23,3,299,15,8
1700686860,11,23,3,301,15,8
1700686920,11,23,3,302,15,8
1700686980,11,23,3,303,15,8
1700687040,11,23,3,304,15,8
1700687100,11,23,3,305,15,8
1700687160,11,23,3,306,15,8
1700687220,11,23,3,307,15,8
1700687280,11,23,3,308,15,8
1700687340,11,23,3,309,15,8
1700687460,11,23,3,311,15,8
1700687520,11,23,3,312,15,8
1700687580,11,23,3,313,15,8
1700687640,11,23,3,314,15,8
1700687700,11,23,3,315,15,8
1700687760,11,23,3,316,15,8
1700687820,11,23,3,317,15,8
1700687880,11,23,3,318,15,8
1700687940,11,23,3,319,15,8
1700688060,11,23,3,321,15,8
1700688120,11,23,3,322,15,8
1700688180,11,23,3,323,15,8
1700688240,11,23,3,324,15,8
1700688300,11,23,3,325,15,8
1700688360,11,23,3,326,15,8
1700688420,11,23,3,327,15,8
1700688480,11,23,3,328,15,8
1700688540,11,23,3,329,15,8
1700688660,11,23,3,331,15,8
1700688720,11,23,3,332,15,8
1700688780,11,23,3,333,15,8
1700688840,11,23,3,334,15,8
1700688900,11,23,3,335,15,8
1700688960,11,23,3,336,15,8
1700689020,11,23,3,337,15,8
1700689080,11,23,3,338,15,8
1700689140,11,23,3,339,15,8
1700689260,11,23,3,341,15,8
1700689320,11,23,3,342,15,8
1700689380,11,23,3,343,15,8
1700689440,11,23,3,344,15,8
1700689500,11,23,3,345,15,8
1700689560,11,23,3,346,15,8
1700689620,11,23,3,347,15,8
1700689680,11,23,3,348,15,8
1700689740,11,23,3,349,15,8
1700689860,11,23,3,351,15,9
1700689920,11,23,3,352,15,9
1700689980,11,23,3,353,15,9
1700690040,11,23,3,354,15,9
1700690100,11,23,3,355,15,9
1700690160,11,23,3,356,15,9
1700690220,11,23,3,357,15,9
1700690280,11,23,3,358,15,9
1700690340,11,23,3,359,15,9
1700690460,11,23,3,361,15,10
1700690520,11,23,3,362,15,10
1700690580,11,23,3,363,15,10
1700690640,11,23,3,364,15,10
1700690700,11,23,3,365,15,10
1700690760,11,23,3,366,15,10
1700690820,11,23,3,367,15,10
1700690880,11,23,3,368,15,10
1700690940,11,23,3,369,15,10
1700691000,11,23,3,370,15,10
1700691060,11,23,3,371,15,10
1700691120,11,23,3,372,15,10
1700691180,11,23,3,373,15,10
1700691240,11,23,3,374,15,10
1700691300,11,23,3,375,15,10
1700691360,11,23,3,376,15,10
1700691420,11,23,3,377,15,10
1700691480,11,23,3,378,15,9
1700691540,11,23,3,379,15,9
1700691660,11,23,3,381,15,9
1700691720,11,23,3,382,15,9
1700691780,11,23,3,383,15,9
1700691840,11,23,3,384,15,9
1700691900,11,23,3,385,15,9
1700691960,11,23,3,386,15,9
1700692020,11,23,3,387,15,9
1700692080,11,23,3,388,15,10
1700692140,11,23,3,389,15,9
1700692200,11,23,3,390,15,9
1700692260,11,23,3,391,15,9
1700692320,11,23,3,392,15,9
1700692380,11,23,3,393,15,9
1700692440,11,23,3,394,15,8
1700692500,11,23,3,395,15,8
1700692560,11,23,3,396,15,8
1700692620,11,23,3,397,15,8
1700692680,11,23,3,398,15,8
1700692740,11,23,3,399,15,8
1700692800,11,23,3,400,15,8
1700692860,11,23,3,401,15,8
1700692920,11,23,3,402,15,8
1700692980,11,23,3,403,15,8
1700693040,11,23,3,404,15,8
1700693100,11,23,3,405,15,8
1700693160,11,23,3,406,15,8
1700693220,11,23,3,407,15,8
1700693280,11,23,3,408,15,8
1700693340,11,23,3,409,15,8
1700693400,11,23,3,410,15,8
1700693460,11,23,3,411,15,8
1700693520,11,23,3,412,15,8
1700693580,11,23,3,413,15,8
1700693640,11,23,3,414,15,8
1700693760,11,23,3,416,15,8
1700693820,11,23,3,417,15,8
1700693880,11,23,3,418,15,8
1700693940,11,23,3,419,15,8
1700694060,11,23,3,421,15,8
1700694120,11,23,3,422,15,6
1700694180,11,23,3,423,15,6
1700694240,11,23,3,424,15,6
1700694300,11,23,3,425,15,6
1700694360,11,23,3,426,15,6
1700694420,11,23,3,427,15,6
1700694480,11,23,3,428,15,6
1700694540,11,23,3,429,15,6
1700694600,11,23,3,430,15,6
1700694660,11,23,3,431,15,6
1700694720,11,23,3,432,15,6
1700694780,11,23,3,433,15,6
1700694840,11,23,3,434,15,6
1700694900,11,23,3,435,15,6
1700694960,11,23,3,436,15,6
1700695020,11,23,3,437,15,6
1700695080,11,23,3,438,15,6
1700695140,11,23,3,439,15,5
1700695260,11,23,3,441,15,5
1700695320,11,23,3,442,15,6
1700695380,11,23,3,443,15,6
1700695440,11,23,3,444,15,6
1700695500,11,23,3,445,15,6
1700695560,11,23,3,446,15,5
1700695620,11,23,3,447,15,5
1700695680,11,23,3,448,15,5
1700695740,11,23,3,449,15,5
1700695860,11,23,3,451,15,4
1700695920,11,23,3,452,15,4
1700695980,11,23,3,453,15,2
1700696040,11,23,3,454,15,2
1700696100,11,23,3,455,15,3
1700696160,11,23,3,456,15,4
1700696220,11,23,3,457,15,3
1700696280,11,23,3,458,15,3
1700696340,11,23,3,459,15,3
1700696400,11,23,3,460,15,3
1700696460,11,23,3,461,15,3
1700696520,11,23,3,462,15,4
1700696580,11,23,3,463,15,4
1700696640,11,23,3,464,15,4
1700696700,11,23,3,465,15,3
1700696760,11,23,3,466,15,3
1700696820,11,23,3,467,15,3
1700696880,11,23,3,468,15,3
1700696940,11,23,3,469,15,3
1700697000,11,23,3,470,15,3
1700697060,11,23,3,471,15,3
1700697120,11,23,3,472,15,5
1700697180,11,23,3,473,15,6
1700697240,11,23,3,474,15,6
1700697300,11,23,3,475,15,6
1700697360,11,23,3,476,15,9
1700697420,11,23,3,477,15,9
1700697480,11,23,3,478,15,10
1700697540,11,23,3,479,15,10
1700697660,11,23,3,481,15,9
1700697720,11,23,3,482,15,9
1700697780,11,23,3,483,15,10
1700697840,11,23,3,484,15,10
1700697900,11,23,3,485,15,10
1700697960,11,23,3,486,15,9
1700698020,11,23,3,487,15,7
1700698080,11,23,3,488,15,7
1700698140,11,23,3,489,15,7
1700698200,11,23,3,490,15,6
1700698260,11,23,3,491,15,7
1700698320,11,23,3,492,15,6
1700698380,11,23,3,493,15,6
1700698440,11,23,3,494,15,5
1700698500,11,23,3,495,15,7
1700698560,11,23,3,496,15,7
1700698620,11,23,3,497,15,7
1700698680,11,23,3,498,15,7
1700698740,11,23,3,499,15,8
1700698860,11,23,3,501,15,7
1700698920,11,23,3,502,15,7
1700698980,11,23,3,503,15,6
1700699040,11,23,3,504,15,6
1700699100,11,23,3,505,15,6
1700699160,11,23,3,506,15,6
1700699220,11,23,3,507,15,6
1700699280,11,23,3,508,15,6
1700699340,11,23,3,509,15,6
1700699460,11,23,3,511,15,6
1700699520,11,23,3,512,15,5
1700699580,11,23,3,513,15,4
1700699640,11,23,3,514,15,3
1700699700,11,23,3,515,15,3
1700699760,11,23,3,516,15,3
1700699820,11,23,3,517,15,3
1700699880,11,23,3,518,15,2
1700699940,11,23,3,519,15,2
1700700000,11,23,3,520,15,0
1700700060,11,23,3,521,15,0
1700700120,11,23,3,522,15,0
1700700180,11,23,3,523,15,0
1700700240,11,23,3,524,15,0
1700700300,11,23,3,525,15,1
1700700360,11,23,3,526,15,1
1700700420,11,23,3,527,15,0
1700700480,11,23,3,528,15,0
1700700540,11,23,3,529,15,0
1700700600,11,23,3,530,15,0
1700700660,11,23,3,531,15,0
1700700720,11,23,3,532,15,0
1700700780,11,23,3,533,15,0
1700700840,11,23,3,534,15,0
1700700900,11,23,3,535,15,0
1700701020,11,23,3,537,15,0
1700701080,11,23,3,538,15,0
1700701140,11,23,3,539,15,0
1700701260,11,23,3,541,15,0
1700701320,11,23,3,542,15,1
1700701380,11,23,3,543,15,1
1700701440,11,23,3,544,15,1
1700701500,11,23,3,545,15,3
1700701560,11,23,3,546,15,4
1700701620,11,23,3,547,15,4
1700701680,11,23,3,548,15,4
1700701740,11,23,3,549,15,4
1700701860,11,23,3,551,15,2
1700701920,11,23,3,552,15,1
1700701980,11,23,3,553,15,2
1700702040,11,23,3,554,15,2
1700702100,11,23,3,555,15,3
1700702160,11,23,3,556,15,3
1700702220,11,23,3,557,15,3
1700702280,11,23,3,558,15,3
1700702340,11,23,3,559,15,3
1700702460,11,23,3,561,15,3
1700702520,11,23,3,562,15,5
1700702580,11,23,3,563,15,5
1700702640,11,23,3,564,15,5
1700702700,11,23,3,565,15,6
1700702760,11,23,3,566,15,6
1700702820,11,23,3,567,15,6
1700702880,11,23,3,568,15,5
1700702940,11,23,3,569,15,6
1700703000,11,23,3,570,15,6
1700703120,11,23,3,572,15,6
1700703180,11,23,3,573,15,6
1700703240,11,23,3,574,15,4
1700703300,11,23,3,575,15,3
1700703360,11,23,3,576,15,3
1700703420,11,23,3,577,15,3
1700703480,11,23,3,578,15,1
1700703540,11,23,3,579,15,0
1700703660,11,23,3,581,15,0
1700703720,11,23,3,582,15,0
1700703780,11,23,3,583,15,0
1700703840,11,23,3,584,15,0
1700703900,11,23,3,585,15,0
1700703960,11,23,3,586,15,0
1700704020,11,23,3,587,15,0
1700704080,11,23,3,588,15,0
1700704140,11,23,3,589,15,0
1700704260,11,23,3,591,15,0
1700704320,11,23,3,592,15,0
1700704380,11,23,3,593,15,1
1700704440,11,23,3,594,15,1
1700704500,11,23,3,595,15,1
1700704560,11,23,3,596,15,0
1700704620,11,23,3,597,15,0
1700704680,11,23,3,598,15,0
1700704740,11,23,3,599,15,0
1700704860,11,23,3,601,15,0
1700704920,11,23,3,602,15,0
1700704980,11,23,3,603,15,0
1700705040,11,23,3,604,15,0
1700705100,11,23,3,605,15,0
1700705160,11,23,3,606,15,0
1700705220,11,23,3,607,15,0
1700705280,11,23,3,608,15,0
1700705340,11,23,3,609,15,2
1700705460,11,23,3,611,15,1
1700705520,11,23,3,612,15,2
1700705580,11,23,3,613,15,0
1700705640,11,23,3,614,15,0
1700705700,11,23,3,615,15,0
1700705760,11,23,3,616,15,0
1700705820,11,23,3,617,15,0
1700705880,11,23,3,618,15,0
1700705940,11,23,3,619,15,0
1700706060,11,23,3,621,15,0
1700706120,11,23,3,622,15,0
1700706180,11,23,3,623,15,0
1700706240,11,23,3,624,15,0
1700706300,11,23,3,625,15,1
1700706360,11,23,3,626,15,1
1700706420,11,23,3,627,15,0
1700706480,11,23,3,628,15,0
1700706540,11,23,3,629,15,0
1700706660,11,23,3,631,15,0
1700706720,11,23,3,632,15,0
1700706780,11,23,3,633,15,0
1700706840,11,23,3,634,15,0
1700706900,11,23,3,635,15,0
1700706960,11,23,3,636,15,0
1700707020,11,23,3,637,15,0
1700707080,11,23,3,638,15,0
1700707140,11,23,3,639,15,0
1700707200,11,23,3,640,15,0
1700707260,11,23,3,641,15,0
1700707320,11,23,3,642,15,0
1700707380,11,23,3,643,15,0
1700707440,11,23,3,644,15,0
1700707500,11,23,3,645,15,0
1700707560,11,23,3,646,15,0
1700707620,11,23,3,647,15,0
1700707680,11,23,3,648,15,0
1700707740,11,23,3,649,15,0
1700707800,11,23,3,650,15,1
1700707860,11,23,3,651,15,1
1700707920,11,23,3,652,15,1
1700707980,11,23,3,653,15,1
1700708040,11,23,3,654,15,2
1700708100,11,23,3,655,15,2
1700708160,11,23,3,656,15,2
1700708220,11,23,3,657,15,1
1700708280,11,23,3,658,15,1
1700708340,11,23,3,659,15,0
1700708460,11,23,3,661,15,0
1700708520,11,23,3,662,15,0
1700708580,11,23,3,663,15,0
1700708640,11,23,3,664,15,0
1700708700,11,23,3,665,15,0
1700708760,11,23,3,666,15,0
1700708820,11,23,3,667,15,0
1700708880,11,23,3,668,15,0
1700708940,11,23,3,669,15,0
1700709000,11,23,3,670,15,0
1700709060,11,23,3,671,15,0
1700709120,11,23,3,672,15,0
1700709180,11,23,3,673,15,0
1700709240,11,23,3,674,15,0
1700709300,11,23,3,675,15,0
1700709360,11,23,3,676,15,0
1700709420,11,23,3,677,15,0
1700709480,11,23,3,678,15,0
1700709540,11,23,3,679,15,1
1700709660,11,23,3,681,15,0
1700709720,11,23,3,682,15,0
1700709780,11,23,3,683,15,0
1700709840,11,23,3,684,15,0
1700709900,11,23,3,685,15,1
1700709960,11,23,3,686,15,1
1700710020,11,23,3,687,15,1
1700710080,11,23,3,688,15,1
1700710140,11,23,3,689,15,1
1700710200,11,23,3,690,15,1
1700710260,11,23,3,691,15,1
1700710320,11,23,3,692,15,2
1700710380,11,23,3,693,15,2
1700710440,11,23,3,694,15,1
1700710500,11,23,3,695,15,1
1700710560,11,23,3,696,15,1
1700710620,11,23,3,697,15,0
1700710680,11,23,3,698,15,0
1700710740,11,23,3,699,15,0
1700710800,11,23,3,700,15,0
1700710860,11,23,3,701,15,0
1700710920,11,23,3,702,15,0
1700710980,11,23,3,703,15,0
1700711040,11,23,3,704,15,1
1700711100,11,23,3,705,15,2
1700711160,11,23,3,706,15,2
1700711220,11,23,3,707,15,1
1700711280,11,23,3,708,15,1
1700711340,11,23,3,709,15,1
1700711400,11,23,3,710,15,3
1700711460,11,23,3,711,15,3
1700711520,11,23,3,712,15,4
1700711580,11,23,3,713,15,4
1700711640,11,23,3,714,15,4
1700711700,11,23,3,715,15,4
1700711760,11,23,3,716,15,5
1700711820,11,23,3,717,15,3
1700711880,11,23,3,718,15,3
1700711940,11,23,3,719,15,2
1700712060,11,23,3,721,15,0
1700712120,11,23,3,722,15,1
1700712180,11,23,3,723,15,1
1700712240,11,23,3,724,15,0
1700712300,11,23,3,725,15,0
1700712360,11,23,3,726,15,0
1700712420,11,23,3,727,15,0
1700712480,11,23,3,728,15,0
1700712540,11,23,3,729,15,1
1700712600,11,23,3,730,15,0
1700712660,11,23,3,731,15,0
1700712720,11,23,3,732,15,0
1700712780,11,23,3,733,15,0
1700712840,11,23,3,734,15,0
1700712900,11,23,3,735,15,0
1700712960,11,23,3,736,15,0
1700713020,11,23,3,737,15,0
1700713080,11,23,3,738,15,0
1700713140,11,23,3,739,15,0
1700713260,11,23,3,741,15,0
1700713320,11,23,3,742,15,3
1700713380,11,23,3,743,15,3
1700713440,11,23,3,744,15,2
1700713500,11,23,3,745,15,4
1700713560,11,23,3,746,15,4
1700713620,11,23,3,747,15,4
1700713740,11,23,3,749,15,4
1700713860,11,23,3,751,15,0
1700713920,11,23,3,752,15,1
1700713980,11,23,3,753,15,1
1700714040,11,23,3,754,15,1
1700714100,11,23,3,755,15,2
1700714160,11,23,3,756,15,2
1700714220,11,23,3,757,15,2
1700714280,11,23,3,758,15,1
1700714340,11,23,3,759,15,2
1700714460,11,23,3,761,15,3
1700714520,11,23,3,762,15,3
1700714580,11,23,3,763,15,3
1700714640,11,23,3,764,15,2
1700714700,11,23,3,765,15,1
1700714760,11,23,3,766,15,1
1700714820,11,23,3,767,15,1
1700714880,11,23,3,768,15,0
1700714940,11,23,3,769,15,0
1700715060,11,23,3,771,15,0
1700715120,11,23,3,772,15,1
1700715180,11,23,3,773,15,1
1700715240,11,23,3,774,15,1
1700715300,11,23,3,775,15,1
1700715360,11,23,3,776,15,1
1700715420,11,23,3,777,15,0
1700715480,11,23,3,778,15,1
1700715540,11,23,3,779,15,1
1700715660,11,23,3,781,15,1
1700715720,11,23,3,782,15,4
1700715780,11,23,3,783,15,4
1700715840,11,23,3,784,15,2
1700715900,11,23,3,785,15,2
1700715960,11,23,3,786,15,2
1700716020,11,23,3,787,15,2
1700716080,11,23,3,788,15,2
1700716140,11,23,3,789,15,0
1700716260,11,23,3,791,15,0
1700716320,11,23,3,792,15,0
1700716380,11,23,3,793,15,0
1700716440,11,23,3,794,15,1
1700716500,11,23,3,795,15,1
1700716560,11,23,3,796,15,0
1700716620,11,23,3,797,15,0
1700716680,11,23,3,798,15,0
1700716740,11,23,3,799,15,0
1700716860,11,23,3,801,15,0
1700716920,11,23,3,802,15,1
1700716980,11,23,3,803,15,1
1700717040,11,23,3,804,15,1
1700717100,11,23,3,805,15,0
1700717160,11,23,3,806,15,2
1700717220,11,23,3,807,15,2
1700717280,11,23,3,808,15,2
1700717340,11,23,3,809,15,0
1700717460,11,23,3,811,15,0
1700717520,11,23,3,812,15,0
1700717580,11,23,3,813,15,0
1700717640,11,23,3,814,15,0
1700717700,11,23,3,815,15,0
1700717760,11,23,3,816,15,0
1700717820,11,23,3,817,15,0
1700717880,11,23,3,818,15,2
1700717940,11,23,3,819,15,2
1700718060,11,23,3,821,15,3
1700718120,11,23,3,822,15,3
1700718180,11,23,3,823,15,3
1700718240,11,23,3,824,15,3
1700718300,11,23,3,825,15,3
1700718360,11,23,3,826,15,3
1700718420,11,23,3,827,15,3
1700718480,11,23,3,828,15,2
1700718540,11,23,3,829,15,0
1700718660,11,23,3,831,15,0
1700718720,11,23,3,832,15,0
1700718780,11,23,3,833,15,0
1700718840,11,23,3,834,15,0
1700718900,11,23,3,835,15,0
1700718960,11,23,3,836,15,0
1700719020,11,23,3,837,15,0
1700719080,11,23,3,838,15,0
1700719140,11,23,3,839,15,0
1700719260,11,23,3,841,15,0
1700719320,11,23,3,842,15,1
1700719380,11,23,3,843,15,1
1700719440,11,23,3,844,15,0
1700719500,11,23,3,845,15,0
1700719560,11,23,3,846,15,1
1700719620,11,23,3,847,15,1
1700719680,11,23,3,848,15,1
1700719740,11,23,3,849,15,0
1700719860,11,23,3,851,15,0
1700719920,11,23,3,852,15,0
1700719980,11,23,3,853,15,0
1700720040,11,23,3,854,15,0
1700720100,11,23,3,855,15,0
1700720160,11,23,3,856,15,0
1700720220,11,23,3,857,15,0
1700720280,11,23,3,858,15,1
1700720340,11,23,3,859,15,0
1700720460,11,23,3,861,15,1
1700720520,11,23,3,862,15,2
1700720580,11,23,3,863,15,2
1700720640,11,23,3,864,15,1
1700720700,11,23,3,865,15,0
1700720760,11,23,3,866,15,1
1700720820,11,23,3,867,15,1
1700720880,11,23,3,868,15,0
1700720940,11,23,3,869,15,0
1700721060,11,23,3,871,15,1
1700721120,11,23,3,872,15,1
1700721180,11,23,3,873,15,0
1700721240,11,23,3,874,15,0
1700721300,11,23,3,875,15,0
1700721360,11,23,3,876,15,0
1700721420,11,23,3,877,15,0
1700721480,11,23,3,878,15,1
1700721540,11,23,3,879,15,1
1700721600,11,23,3,880,15,1
1700721660,11,23,3,881,15,1
1700721720,11,23,3,882,15,1
1700721780,11,23,3,883,15,1
1700721840,11,23,3,884,15,1
1700721900,11,23,3,885,15,1
1700721960,11,23,3,886,15,2
1700722020,11,23,3,887,15,2
1700722080,11,23,3,888,15,2
1700722140,11,23,3,889,15,2
1700722200,11,23,3,890,15,2
1700722260,11,23,3,891,15,1
1700722320,11,23,3,892,15,0
1700722380,11,23,3,893,15,0
1700722440,11,23,3,894,15,0
1700722500,11,23,3,895,15,0
1700722560,11,23,3,896,15,0
1700722620,11,23,3,897,15,0
1700722680,11,23,3,898,15,0
1700722740,11,23,3,899,15,0
1700722860,11,23,3,901,15,1
1700722920,11,23,3,902,15,1
1700722980,11,23,3,903,15,0
1700723040,11,23,3,904,15,0
1700723100,11,23,3,905,15,0
1700723160,11,23,3,906,15,1
1700723220,11,23,3,907,15,0
1700723280,11,23,3,908,15,0
1700723340,11,23,3,909,15,0
1700723400,11,23,3,910,15,1
1700723460,11,23,3,911,15,1
1700723520,11,23,3,912,15,1
1700723580,11,23,3,913,15,0
1700723640,11,23,3,914,15,0
1700723700,11,23,3,915,15,0
1700723760,11,23,3,916,15,0
1700723820,11,23,3,917,15,0
1700723880,11,23,3,918,15,4
1700723940,11,23,3,919,15,4
1700724060,11,23,3,921,15,3
1700724120,11,23,3,922,15,4
1700724180,11,23,3,923,15,4
1700724240,11,23,3,924,15,5
1700724300,11,23,3,925,15,6
1700724360,11,23,3,926,15,7
1700724420,11,23,3,927,15,4
1700724480,11,23,3,928,15,4
1700724540,11,23,3,929,15,3
1700724660,11,23,3,931,15,6
1700724720,11,23,3,932,15,3
1700724780,11,23,3,933,15,3
1700724840,11,23,3,934,15,3
1700724900,11,23,3,935,15,3
1700724960,11,23,3,936,15,3
1700725020,11,23,3,937,15,3
1700725080,11,23,3,938,15,3
1700725140,11,23,3,939,15,3
1700725200,11,23,3,940,15,2
1700725260,11,23,3,941,15,0
1700725320,11,23,3,942,15,0
1700725380,11,23,3,943,15,0
1700725440,11,23,3,944,15,0
1700725500,11,23,3,945,15,0
1700725560,11,23,3,946,15,0
1700725620,11,23,3,947,15,0
1700725680,11,23,3,948,15,0
1700725740,11,23,3,949,15,0
1700725800,11,23,3,950,15,0
1700725860,11,23,3,951,15,0
1700725920,11,23,3,952,15,0
1700725980,11,23,3,953,15,1
1700726040,11,23,3,954,15,2
1700726100,11,23,3,955,15,2
1700726160,11,23,3,956,15,0
1700726220,11,23,3,957,15,0
1700726280,11,23,3,958,15,0
1700726340,11,23,3,959,15,0
1700726460,11,23,3,961,15,0
1700726520,11,23,3,962,15,0
1700726580,11,23,3,963,15,0
1700726640,11,23,3,964,15,0
1700726700,11,23,3,965,15,0
1700726760,11,23,3,966,15,0
1700726820,11,23,3,967,15,0
1700726880,11,23,3,968,15,0
1700726940,11,23,3,969,15,0
1700727000,11,23,3,970,15,0
1700727060,11,23,3,971,15,0
1700727120,11,23,3,972,15,0
1700727180,11,23,3,973,15,0
1700727240,11,23,3,974,15,0
1700727300,11,23,3,975,15,0
1700727360,11,23,3,976,15,0
1700727420,11,23,3,977,15,0
1700727480,11,23,3,978,15,0
1700727540,11,23,3,979,15,0
1700727660,11,23,3,981,15,0
1700727720,11,23,3,982,15,0
1700727780,11,23,3,983,15,0
1700727840,11,23,3,984,15,0
1700727900,11,23,3,985,15,1
1700727960,11,23,3,986,15,1
1700728020,11,23,3,987,15,2
1700728080,11,23,3,988,15,1
1700728140,11,23,3,989,15,1
1700728260,11,23,3,991,15,0
1700728320,11,23,3,992,15,0
1700728380,11,23,3,993,15,0
1700728440,11,23,3,994,15,3
1700728500,11,23,3,995,15,3
1700728560,11,23,3,996,15,3
1700728620,11,23,3,997,15,3
1700728680,11,23,3,998,15,4
1700728740,11,23,3,999,15,4
1700728800,11,23,3,1000,15,3
1700728860,11,23,3,1001,15,4
1700728920,11,23,3,1002,15,4
1700728980,11,23,3,1003,15,4
1700729040,11,23,3,1004,15,4
1700729100,11,23,3,1005,15,4
1700729160,11,23,3,1006,15,4
1700729220,11,23,3,1007,15,4
1700729340,11,23,3,1009,15,4
1700729460,11,23,3,1011,15,4
1700729520,11,23,3,1012,15,3
1700729580,11,23,3,1013,15,5
1700729640,11,23,3,1014,15,5
1700729700,11,23,3,1015,15,5
1700729760,11,23,3,1016,15,4
1700729820,11,23,3,1017,15,7
1700729880,11,23,3,1018,15,7
1700729940,11,23,3,1019,15,7
1700730120,11,23,3,1022,15,6
1700730180,11,23,3,1023,15,6
1700730240,11,23,3,1024,15,4
1700730300,11,23,3,1025,15,4
1700730360,11,23,3,1026,15,3
1700730420,11,23,3,1027,15,4
1700730480,11,23,3,1028,15,4
1700730540,11,23,3,1029,15,4
1700730660,11,23,3,1031,15,3
1700730720,11,23,3,1032,15,3
1700730780,11,23,3,1033,15,2
1700730900,11,23,3,1035,15,0
1700730960,11,23,3,1036,15,0
1700731080,11,23,3,1038,15,0
1700731140,11,23,3,1039,15,0
1700731260,11,23,3,1041,15,1
1700731320,11,23,3,1042,15,0
1700731380,11,23,3,1043,15,0
1700731440,11,23,3,1044,15,0
1700731500,11,23,3,1045,15,0
1700731560,11,23,3,1046,15,0
1700731620,11,23,3,1047,15,0
1700731680,11,23,3,1048,15,0
1700731740,11,23,3,1049,15,0
1700731860,11,23,3,1051,15,0
1700731920,11,23,3,1052,15,0
1700731980,11,23,3,1053,15,0
1700732040,11,23,3,1054,15,0
1700732100,11,23,3,1055,15,0
1700732160,11,23,3,1056,15,0
1700732220,11,23,3,1057,15,0
1700732280,11,23,3,1058,15,0
1700732340,11,23,3,1059,15,0
1700732460,11,23,3,1061,15,0
1700732520,11,23,3,1062,15,0
1700732580,11,23,3,1063,15,0
1700732640,11,23,3,1064,15,0
1700732700,11,23,3,1065,15,0
1700732760,11,23,3,1066,15,0
1700732820,11,23,3,1067,15,0
1700732880,11,23,3,1068,15,0
1700732940,11,23,3,1069,15,0
1700733060,11,23,3,1071,15,0
1700733120,11,23,3,1072,15,0
1700733180,11,23,3,1073,15,0
1700733240,11,23,3,1074,15,0
1700733300,11,23,3,1075,15,0
1700733360,11,23,3,1076,15,0
1700733420,11,23,3,1077,15,3
1700733480,11,23,3,1078,15,2
1700733540,11,23,3,1079,15,2
1700733660,11,23,3,1081,15,0
1700733720,11,23,3,1082,15,0
1700733780,11,23,3,1083,15,0
1700733840,11,23,3,1084,15,0
1700733900,11,23,3,1085,15,1
1700733960,11,23,3,1086,15,0
1700734020,11,23,3,1087,15,0
1700734080,11,23,3,1088,15,0
1700734140,11,23,3,1089,15,0
1700734260,11,23,3,1091,15,0
1700734320,11,23,3,1092,15,0
1700734380,11,23,3,1093,15,0
1700734440,11,23,3,1094,15,0
1700734500,11,23,3,1095,15,0
1700734560,11,23,3,1096,15,0
1700734620,11,23,3,1097,15,0
1700734680,11,23,3,1098,15,0
1700734740,11,23,3,1099,15,0
1700734860,11,23,3,1101,15,0
1700734920,11,23,3,1102,15,0
1700734980,11,23,3,1103,15,0
1700735040,11,23,3,1104,15,0
1700735100,11,23,3,1105,15,1
1700735160,11,23,3,1106,15,0
1700735220,11,23,3,1107,15,0
1700735280,11,23,3,1108,15,0
1700735340,11,23,3,1109,15,0
1700735460,11,23,3,1111,15,0
1700735580,11,23,3,1113,15,0
1700735640,11,23,3,1114,15,2
1700735700,11,23,3,1115,15,1
1700735760,11,23,3,1116,15,0
1700735820,11,23,3,1117,15,0
1700735880,11,23,3,1118,15,1
1700735940,11,23,3,1119,15,1
1700736000,11,23,3,1120,15,0
1700736060,11,23,3,1121,15,1
1700736120,11,23,3,1122,15,1
1700736180,11,23,3,1123,15,0
1700736240,11,23,3,1124,15,0
1700736300,11,23,3,1125,15,1
1700736360,11,23,3,1126,15,0
1700736420,11,23,3,1127,15,0
1700736480,11,23,3,1128,15,0
1700736540,11,23,3,1129,15,2
1700736600,11,23,3,1130,15,1
1700736660,11,23,3,1131,15,1
1700736720,11,23,3,1132,15,0
1700736780,11,23,3,1133,15,0
1700736840,11,23,3,1134,15,1
1700736900,11,23,3,1135,15,1
1700736960,11,23,3,1136,15,0
1700737020,11,23,3,1137,15,0
1700737080,11,23,3,1138,15,1
1700737140,11,23,3,1139,15,0
1700737260,11,23,3,1141,15,0
1700737320,11,23,3,1142,15,0
1700737380,11,23,3,1143,15,0
1700737440,11,23,3,1144,15,0
1700737500,11,23,3,1145,15,1
1700737560,11,23,3,1146,15,1
1700737620,11,23,3,1147,15,0
1700737680,11,23,3,1148,15,0
1700737740,11,23,3,1149,15,0
1700737800,11,23,3,1150,15,0
1700737860,11,23,3,1151,15,0
1700737920,11,23,3,1152,15,0
1700737980,11,23,3,1153,15,0
1700738040,11,23,3,1154,15,0
1700738100,11,23,3,1155,15,0
1700738160,11,23,3,1156,15,0
1700738220,11,23,3,1157,15,1
1700738280,11,23,3,1158,15,0
1700738340,11,23,3,1159,15,0
1700738460,11,23,3,1161,15,0
1700738520,11,23,3,1162,15,0
1700738580,11,23,3,1163,15,0
1700738640,11,23,3,1164,15,0
1700738700,11,23,3,1165,15,0
1700738760,11,23,3,1166,15,0
1700738820,11,23,3,1167,15,0
1700738880,11,23,3,1168,15,0
1700738940,11,23,3,1169,15,1
1700739060,11,23,3,1171,15,1
1700739120,11,23,3,1172,15,1
1700739180,11,23,3,1173,15,0
1700739240,11,23,3,1174,15,1
1700739300,11,23,3,1175,15,1
1700739360,11,23,3,1176,15,1
1700739420,11,23,3,1177,15,2
1700739480,11,23,3,1178,15,2
1700739540,11,23,3,1179,15,2
1700739600,11,23,3,1180,15,2
1700739660,11,23,3,1181,15,2
1700739720,11,23,3,1182,15,2
1700739780,11,23,3,1183,15,2
1700739840,11,23,3,1184,15,2
1700739900,11,23,3,1185,15,2
1700739960,11,23,3,1186,15,2
1700740020,11,23,3,1187,15,2
1700740080,11,23,3,1188,15,2
1700740140,11,23,3,1189,15,2
1700740200,11,23,3,1190,15,2
1700740260,11,23,3,1191,15,2
1700740320,11,23,3,1192,15,2
1700740380,11,23,3,1193,15,2
1700740440,11,23,3,1194,15,4
1700740500,11,23,3,1195,15,4
1700740560,11,23,3,1196,15,4
1700740620,11,23,3,1197,15,4
1700740680,11,23,3,1198,15,4
1700740740,11,23,3,1199,15,4
1700740860,11,23,3,1201,15,4
1700740920,11,23,3,1202,15,2
1700740980,11,23,3,1203,15,0
1700741160,11,23,3,1206,15,0
1700741220,11,23,3,1207,15,0
1700741340,11,23,3,1209,15,0
1700741460,11,23,3,1211,15,0
1700741520,11,23,3,1212,15,0
1700741580,11,23,3,1213,15,0
1700741640,11,23,3,1214,15,0
1700741700,11,23,3,1215,15,0
1700741760,11,23,3,1216,15,0
1700741820,11,23,3,1217,15,1
1700741880,11,23,3,1218,15,1
1700741940,11,23,3,1219,15,1
1700742060,11,23,3,1221,15,1
1700742120,11,23,3,1222,15,2
1700742180,11,23,3,1223,15,2
1700742240,11,23,3,1224,15,2
1700742300,11,23,3,1225,15,2
1700742360,11,23,3,1226,15,1
1700742420,11,23,3,1227,15,1
1700742480,11,23,3,1228,15,1
1700742540,11,23,3,1229,15,1
1700742660,11,23,3,1231,15,1
1700742720,11,23,3,1232,15,1
1700742780,11,23,3,1233,15,1
1700742840,11,23,3,1234,15,1
1700742900,11,23,3,1235,15,1
1700742960,11,23,3,1236,15,1
1700743020,11,23,3,1237,15,1
1700743080,11,23,3,1238,15,1
1700743140,11,23,3,1239,15,0
1700743200,11,23,3,1240,15,0
1700743260,11,23,3,1241,15,0
1700743320,11,23,3,1242,15,0
1700743380,11,23,3,1243,15,0
1700743440,11,23,3,1244,15,0
1700743500,11,23,3,1245,15,0
1700743560,11,23,3,1246,15,0
1700743680,11,23,3,1248,15,0
1700743740,11,23,3,1249,15,0
1700743860,11,23,3,1251,15,1
1700743920,11,23,3,1252,15,1
1700743980,11,23,3,1253,15,0
1700744040,11,23,3,1254,15,0
1700744100,11,23,3,1255,15,0
1700744160,11,23,3,1256,15,0
1700744220,11,23,3,1257,15,0
1700744280,11,23,3,1258,15,0
1700744340,11,23,3,1259,15,0
1700744460,11,23,3,1261,15,0
1700744520,11,23,3,1262,15,0
1700744580,11,23,3,1263,15,0
1700744640,11,23,3,1264,15,0
1700744700,11,23,3,1265,15,0
1700744760,11,23,3,1266,15,1
1700744820,11,23,3,1267,15,1
1700744880,11,23,3,1268,15,1
1700744940,11,23,3,1269,15,1
1700745060,11,23,3,1271,15,2
1700745120,11,23,3,1272,15,2
1700745180,11,23,3,1273,15,2
1700745240,11,23,3,1274,15,2
1700745300,11,23,3,1275,15,2
1700745360,11,23,3,1276,15,1
1700745420,11,23,3,1277,15,1
1700745480,11,23,3,1278,15,2
1700745540,11,23,3,1279,15,1
1700745660,11,23,3,1281,15,1
1700745720,11,23,3,1282,15,2
1700745780,11,23,3,1283,15,2
1700745840,11,23,3,1284,15,2
1700745900,11,23,3,1285,15,2
1700745960,11,23,3,1286,15,3
1700746020,11,23,3,1287,15,3
1700746080,11,23,3,1288,15,3
1700746140,11,23,3,1289,15,3
1700746260,11,23,3,1291,15,1
1700746320,11,23,3,1292,15,1
1700746380,11,23,3,1293,15,2
1700746440,11,23,3,1294,15,1
1700746500,11,23,3,1295,15,1
1700746560,11,23,3,1296,15,1
1700746620,11,23,3,1297,15,1
1700746680,11,23,3,1298,15,0
1700746740,11,23,3,1299,15,0
1700746800,11,23,3,1300,15,0
1700746860,11,23,3,1301,15,0
1700746920,11,23,3,1302,15,0
1700746980,11,23,3,1303,15,0
1700747040,11,23,3,1304,15,0
1700747100,11,23,3,1305,15,0
1700747160,11,23,3,1306,15,1
1700747220,11,23,3,1307,15,1
1700747280,11,23,3,1308,15,0
1700747340,11,23,3,1309,15,0
1700747400,11,23,3,1310,15,0
1700747460,11,23,3,1311,15,0
1700747520,11,23,3,1312,15,0
1700747580,11,23,3,1313,15,0
1700747640,11,23,3,1314,15,0
1700747700,11,23,3,1315,15,0
1700747760,11,23,3,1316,15,0
1700747820,11,23,3,1317,15,0
1700747880,11,23,3,1318,15,0
1700747940,11,23,3,1319,15,0
1700748060,11,23,3,1321,15,0
1700748120,11,23,3,1322,15,0
1700748180,11,23,3,1323,15,0
1700748240,11,23,3,1324,15,0
1700748300,11,23,3,1325,15,0
1700748360,11,23,3,1326,15,0
1700748420,11,23,3,1327,15,0
1700748480,11,23,3,1328,15,0
1700748540,11,23,3,1329,15,0
1700748600,11,23,3,1330,15,2
1700748660,11,23,3,1331,15,2
1700748720,11,23,3,1332,15,1
1700748780,11,23,3,1333,15,1
1700748840,11,23,3,1334,15,2
1700748900,11,23,3,1335,15,2
1700748960,11,23,3,1336,15,2
1700749020,11,23,3,1337,15,2
1700749080,11,23,3,1338,15,4
1700749140,11,23,3,1339,15,4
1700749260,11,23,3,1341,15,5
1700749320,11,23,3,1342,15,5
1700749380,11,23,3,1343,15,4
1700749440,11,23,3,1344,15,4
1700749500,11,23,3,1345,15,4
1700749560,11,23,3,1346,15,4
1700749620,11,23,3,1347,15,4
1700749680,11,23,3,1348,15,4
1700749740,11,23,3,1349,15,4
1700749800,11,23,3,1350,15,4
1700749860,11,23,3,1351,15,4
1700749920,11,23,3,1352,15,4
1700749980,11,23,3,1353,15,4
1700750040,11,23,3,1354,15,6
1700750100,11,23,3,1355,15,6
1700750160,11,23,3,1356,15,6
1700750220,11,23,3,1357,15,6
1700750280,11,23,3,1358,15,7
1700750340,11,23,3,1359,15,7
1700750400,11,23,3,1360,15,7
1700750460,11,23,3,1361,15,6
1700750520,11,23,3,1362,15,6
1700750580,11,23,3,1363,15,6
1700750640,11,23,3,1364,15,6
1700750700,11,23,3,1365,15,6
1700750760,11,23,3,1366,15,5
1700750820,11,23,3,1367,15,5
1700750880,11,23,3,1368,15,5
1700750940,11,23,3,1369,15,5
1700751000,11,23,3,1370,15,5
1700751060,11,23,3,1371,15,5
1700751120,11,23,3,1372,15,5
1700751180,11,23,3,1373,15,5
1700751240,11,23,3,1374,15,4
1700751300,11,23,3,1375,15,4
1700751360,11,23,3,1376,15,4
1700751420,11,23,3,1377,15,4
1700751480,11,23,3,1378,15,5
1700751540,11,23,3,1379,15,5
1700751660,11,23,3,1381,15,5
1700751720,11,23,3,1382,15,5
1700751780,11,23,3,1383,15,3
1700751840,11,23,3,1384,15,3
1700751900,11,23,3,1385,15,2
1700751960,11,23,3,1386,15,2
1700752020,11,23,3,1387,15,1
1700752080,11,23,3,1388,15,2
1700752140,11,23,3,1389,15,2
1700752200,11,23,3,1390,15,2
1700752260,11,23,3,1391,15,2
1700752320,11,23,3,1392,15,2
1700752380,11,23,3,1393,15,2
1700752440,11,23,3,1394,15,2
1700752500,11,23,3,1395,15,2
1700752560,11,23,3,1396,15,2
1700752620,11,23,3,1397,15,2
1700752680,11,23,3,1398,15,4
1700752740,11,23,3,1399,15,3
1700752860,11,23,3,1401,15,4
1700752920,11,23,3,1402,15,5
1700752980,11,23,3,1403,15,5
1700753040,11,23,3,1404,15,6
1700753100,11,23,3,1405,15,6
1700753160,11,23,3,1406,15,6
1700753220,11,23,3,1407,15,6
1700753280,11,23,3,1408,15,6
1700753340,11,23,3,1409,15,4
1700753400,11,23,3,1410,15,4
1700753460,11,23,3,1411,15,4
1700753520,11,23,3,1412,15,3
1700753580,11,23,3,1413,15,3
1700753640,11,23,3,1414,15,3
1700753700,11,23,3,1415,15,3
1700753760,11,23,3,1416,15,3
1700753820,11,23,3,1417,15,3
1700753880,11,23,3,1418,15,4
1700753940,11,23,3,1419,15,4
1700754000,11,23,3,1420,15,4
1700754060,11,23,3,1421,15,4
1700754120,11,23,3,1422,15,4
1700754180,11,23,3,1423,15,4
1700754240,11,23,3,1424,15,4
1700754300,11,23,3,1425,15,4
1700754360,11,23,3,1426,15,4
1700754420,11,23,3,1427,15,4
1700754480,11,23,3,1428,15,4
1700754540,11,23,3,1429,15,4
1700754600,11,23,3,1430,15,4
1700754660,11,23,3,1431,15,5
1700754720,11,23,3,1432,15,5
1700754780,11,23,3,1433,15,5
1700754840,11,23,3,1434,15,5
1700754900,11,23,3,1435,15,5
1700754960,11,23,3,1436,15,5
1700755020,11,23,3,1437,15,5
1700755080,11,23,3,1438,15,5
1700755140,11,23,3,1439,15,5
1700755260,11,24,4,1,15,5
1700755320,11,24,4,2,15,5
1700755380,11,24,4,3,15,5
1700755440,11,24,4,4,15,5
1700755500,11,24,4,5,15,6
1700755560,11,24,4,6,15,6
1700755680,11,24,4,8,15,6
1700755740,11,24,4,9,15,6
1700755860,11,24,4,11,15,6
1700755920,11,24,4,12,15,6
1700755980,11,24,4,13,15,5
1700756040,11,24,4,14,15,5
1700756100,11,24,4,15,15,5
1700756160,11,24,4,16,15,5
1700756220,11,24,4,17,15,5
1700756280,11,24,4,18,15,5
1700756340,11,24,4,19,15,5
1700756460,11,24,4,21,15,5
1700756520,11,24,4,22,15,5
1700756580,11,24,4,23,15,5
1700756640,11,24,4,24,15,5
1700756700,11,24,4,25,15,5
1700756760,11,24,4,26,15,5
1700756820,11,24,4,27,15,5
1700756880,11,24,4,28,15,5
1700756940,11,24,4,29,15,5
1700757060,11,24,4,31,15,5
1700757120,11,24,4,32,15,5
1700757180,11,24,4,33,15,5
1700757240,11,24,4,34,15,5
1700757300,11,24,4,35,15,6
1700757360,11,24,4,36,15,7
1700757420,11,24,4,37,15,7
1700757480,11,24,4,38,15,7
1700757540,11,24,4,39,15,7
1700757660,11,24,4,41,15,7
1700757720,11,24,4,42,15,7
1700757780,11,24,4,43,15,7
1700757840,11,24,4,44,15,7
1700757900,11,24,4,45,15,8
1700757960,11,24,4,46,15,8
1700758020,11,24,4,47,15,8
1700758080,11,24,4,48,15,8
1700758140,11,24,4,49,15,8
1700758260,11,24,4,51,15,7
1700758320,11,24,4,52,15,7
1700758380,11,24,4,53,15,7
1700758440,11,24,4,54,15,7
1700758500,11,24,4,55,15,7
1700758560,11,24,4,56,15,5
1700758620,11,24,4,57,15,5
1700758680,11,24,4,58,15,5
1700758740,11,24,4,59,15,5
1700758800,11,24,4,60,15,5
1700758920,11,24,4,62,15,5
1700758980,11,24,4,63,15,5
1700759040,11,24,4,64,15,5
1700759100,11,24,4,65,15,6
1700759160,11,24,4,66,15,6
1700759220,11,24,4,67,15,6
1700759280,11,24,4,68,15,6
1700759340,11,24,4,69,15,6
1700759460,11,24,4,71,15,6
1700759520,11,24,4,72,15,6
1700759580,11,24,4,73,15,6
1700759640,11,24,4,74,15,6
1700759700,11,24,4,75,15,6
1700759820,11,24,4,77,15,6
1700759880,11,24,4,78,15,6
1700759940,11,24,4,79,15,7
1700760060,11,24,4,81,15,8
1700760120,11,24,4,82,15,8
1700760180,11,24,4,83,15,8
1700760240,11,24,4,84,15,8
1700760300,11,24,4,85,15,8
1700760360,11,24,4,86,15,8
1700760420,11,24,4,87,15,8
1700760480,11,24,4,88,15,8
1700760540,11,24,4,89,15,8
1700760660,11,24,4,91,15,8
1700760720,11,24,4,92,15,8
1700760780,11,24,4,93,15,8
1700760840,11,24,4,94,15,8
1700760900,11,24,4,95,15,7
1700760960,11,24,4,96,15,7
1700761020,11,24,4,97,15,7
1700761080,11,24,4,98,15,7
1700761140,11,24,4,99,15,7
1700761260,11,24,4,101,15,7
1700761320,11,24,4,102,15,7
1700761380,11,24,4,103,15,7
1700761440,11,24,4,104,15,7
1700761500,11,24,4,105,15,7
1700761560,11,24,4,106,15,7
1700761620,11,24,4,107,15,7
1700761680,11,24,4,108,15,7
1700761740,11,24,4,109,15,7
1700761860,11,24,4,111,15,7
1700761920,11,24,4,112,15,7
1700761980,11,24,4,113,15,7
1700762040,11,24,4,114,15,7
1700762100,11,24,4,115,15,7
1700762160,11,24,4,116,15,7
1700762220,11,24,4,117,15,7
1700762280,11,24,4,118,15,7
1700762340,11,24,4,119,15,7
1700762460,11,24,4,121,15,7
1700762520,11,24,4,122,15,7
1700762580,11,24,4,123,15,7
1700762640,11,24,4,124,15,7
1700762700,11,24,4,125,15,7
1700762760,11,24,4,126,15,7
1700762820,11,24,4,127,15,7
1700762880,11,24,4,128,15,7
1700762940,11,24,4,129,15,7
1700763000,11,24,4,130,15,7
1700763060,11,24,4,131,15,7
1700763120,11,24,4,132,15,7
1700763180,11,24,4,133,15,7
1700763240,11,24,4,134,15,7
1700763300,11,24,4,135,15,7
1700763360,11,24,4,136,15,7
1700763420,11,24,4,137,15,7
1700763480,11,24,4,138,15,7
1700763540,11,24,4,139,15,7
1700763660,11,24,4,141,15,7
1700763720,11,24,4,142,15,7
1700763780,11,24,4,143,15,7
1700763840,11,24,4,144,15,7
1700763900,11,24,4,145,15,7
1700763960,11,24,4,146,15,7
1700764020,11,24,4,147,15,7
1700764080,11,24,4,148,15,7
1700764140,11,24,4,149,15,7
1700764200,11,24,4,150,15,7
1700764260,11,24,4,151,15,7
1700764320,11,24,4,152,15,7
1700764380,11,24,4,153,15,7
1700764440,11,24,4,154,15,7
1700764500,11,24,4,155,15,7
1700764560,11,24,4,156,15,9
1700764620,11,24,4,157,15,9
1700764680,11,24,4,158,15,9
1700764740,11,24,4,159,15,9
1700764800,11,24,4,160,15,9
1700764860,11,24,4,161,15,9
1700764920,11,24,4,162,15,9
1700764980,11,24,4,163,15,9
1700765040,11,24,4,164,15,9
1700765100,11,24,4,165,15,9
1700765160,11,24,4,166,15,9
1700765220,11,24,4,167,15,9
1700765280,11,24,4,168,15,9
1700765340,11,24,4,169,15,9
1700765400,11,24,4,170,15,9
1700765460,11,24,4,171,15,9
1700765520,11,24,4,172,15,9
1700765580,11,24,4,173,15,9
1700765640,11,24,4,174,15,9
1700765700,11,24,4,175,15,9
1700765760,11,24,4,176,15,9
1700765820,11,24,4,177,15,9
1700765880,11,24,4,178,15,9
1700765940,11,24,4,179,15,9
1700766000,11,24,4,180,15,9
1700766060,11,24,4,181,15,9
1700766120,11,24,4,182,15,9
1700766180,11,24,4,183,15,9
1700766240,11,24,4,184,15,9
1700766300,11,24,4,185,15,9
1700766360,11,24,4,186,15,9
1700766420,11,24,4,187,15,9
1700766480,11,24,4,188,15,9
1700766540,11,24,4,189,15,9
1700766600,11,24,4,190,15,9
1700766660,11,24,4,191,15,9
1700766720,11,24,4,192,15,9
1700766780,11,24,4,193,15,9
1700766840,11,24,4,194,15,9
1700766900,11,24,4,195,15,9
1700766960,11,24,4,196,15,9
1700767020,11,24,4,197,15,9
1700767080,11,24,4,198,15,9
1700767140,11,24,4,199,15,9
1700767260,11,24,4,201,15,9
1700767320,11,24,4,202,15,9
1700767380,11,24,4,203,15,9
1700767440,11,24,4,204,15,9
1700767500,11,24,4,205,15,9
1700767560,11,24,4,206,15,9
1700767620,11,24,4,207,15,9
1700767680,11,24,4,208,15,9
1700767740,11,24,4,209,15,9
1700767800,11,24,4,210,15,9
1700767860,11,24,4,211,15,9
1700767920,11,24,4,212,15,9
1700767980,11,24,4,213,15,9
1700768040,11,24,4,214,15,9
1700768100,11,24,4,215,15,9
1700768160,11,24,4,216,15,9
1700768220,11,24,4,217,15,9
1700768280,11,24,4,218,15,9
1700768340,11,24,4,219,15,9
1700768400,11,24,4,220,15,9
1700768460,11,24,4,221,15,9
1700768520,11,24,4,222,15,9
1700768580,11,24,4,223,15,9
1700768640,11,24,4,224,15,9
1700768700,11,24,4,225,15,10
1700768760,11,24,4,226,15,10
1700768820,11,24,4,227,15,10
1700768880,11,24,4,228,15,10
1700768940,11,24,4,229,15,10
1700769000,11,24,4,230,15,10
1700769060,11,24,4,231,15,10
1700769120,11,24,4,232,15,10
1700769180,11,24,4,233,15,10
1700769240,11,24,4,234,15,10
1700769300,11,24,4,235,15,10
1700769360,11,24,4,236,15,10
1700769420,11,24,4,237,15,10
1700769480,11,24,4,238,15,10
1700769540,11,24,4,239,15,10
1700769600,11,24,4,240,15,10
1700769660,11,24,4,241,15,10
1700769720,11,24,4,242,15,10
1700769780,11,24,4,243,15,10
1700769840,11,24,4,244,15,10
1700769900,11,24,4,245,15,10
1700769960,11,24,4,246,15,10
1700770020,11,24,4,247,15,10
1700770080,11,24,4,248,15,10
1700770140,11,24,4,249,15,10
1700770200,11,24,4,250,15,10
1700770260,11,24,4,251,15,10
1700770320,11,24,4,252,15,10
1700770380,11,24,4,253,15,10
1700770440,11,24,4,254,15,10
1700770500,11,24,4,255,15,10
1700770560,11,24,4,256,15,10
1700770620,11,24,4,257,15,10
1700770680,11,24,4,258,15,10
1700770740,11,24,4,259,15,10
1700770860,11,24,4,261,15,10
1700770920,11,24,4,262,15,10
1700770980,11,24,4,263,15,10
1700771040,11,24,4,264,15,10
1700771100,11,24,4,265,15,10
1700771220,11,24,4,267,15,10
1700771280,11,24,4,268,15,10
1700771340,11,24,4,269,15,10
1700771460,11,24,4,271,15,10
1700771520,11,24,4,272,15,10
1700771580,11,24,4,273,15,10
1700771640,11,24,4,274,15,10
1700771700,11,24,4,275,15,10
1700771760,11,24,4,276,15,10
1700771820,11,24,4,277,15,10
1700771880,11,24,4,278,15,10
1700771940,11,24,4,279,15,10
1700772060,11,24,4,281,15,10
1700772120,11,24,4,282,15,10
1700772180,11,24,4,283,15,10
1700772240,11,24,4,284,15,10
1700772300,11,24,4,285,15,10
1700772360,11,24,4,286,15,10
1700772420,11,24,4,287,15,10
1700772480,11,24,4,288,15,10
1700772540,11,24,4,289,15,10
1700772660,11,24,4,291,15,10
1700772720,11,24,4,292,15,10
1700772780,11,24,4,293,15,10
1700772840,11,24,4,294,15,10
1700772900,11,24,4,295,15,10
1700772960,11,24,4,296,15,10
1700773020,11,24,4,297,15,10
1700773080,11,24,4,298,15,10
1700773140,11,24,4,299,15,12
1700773260,11,24,4,301,15,12
1700773320,11,24,4,302,15,12
1700773380,11,24,4,303,15,12
1700773440,11,24,4,304,15,12
1700773500,11,24,4,305,15,12
1700773560,11,24,4,306,15,12
1700773620,11,24,4,307,15,12
1700773680,11,24,4,308,15,12
1700773740,11,24,4,309,15,12
1700773860,11,24,4,311,15,12
1700773920,11,24,4,312,15,12
1700773980,11,24,4,313,15,12
1700774040,11,24,4,314,15,12
1700774100,11,24,4,315,15,12
1700774160,11,24,4,316,15,12
1700774220,11,24,4,317,15,12
1700774280,11,24,4,318,15,12
1700774340,11,24,4,319,15,12
1700774460,11,24,4,321,15,12
1700774520,11,24,4,322,15,12
1700774580,11,24,4,323,15,12
1700774640,11,24,4,324,15,12
1700774700,11,24,4,325,15,12
1700774760,11,24,4,326,15,12
1700774820,11,24,4,327,15,12
1700774880,11,24,4,328,15,12
1700774940,11,24,4,329,15,12
1700775060,11,24,4,331,15,12
1700775120,11,24,4,332,15,12
1700775180,11,24,4,333,15,12
1700775240,11,24,4,334,15,12
1700775300,11,24,4,335,15,12
1700775360,11,24,4,336,15,12
1700775420,11,24,4,337,15,12
1700775480,11,24,4,338,15,12
1700775540,11,24,4,339,15,12
1700775660,11,24,4,341,15,12
1700775720,11,24,4,342,15,12
1700775780,11,24,4,343,15,12
1700775840,11,24,4,344,15,12
1700775900,11,24,4,345,15,12
1700775960,11,24,4,346,15,12
1700776020,11,24,4,347,15,12
1700776080,11,24,4,348,15,12
1700776140,11,24,4,349,15,12
1700776260,11,24,4,351,15,13
1700776320,11,24,4,352,15,13
1700776380,11,24,4,353,15,13
1700776440,11,24,4,354,15,13
1700776500,11,24,4,355,15,13
1700776560,11,24,4,356,15,13
1700776620,11,24,4,357,15,13
1700776680,11,24,4,358,15,13
1700776740,11,24,4,359,15,14
1700776860,11,24,4,361,15,14
1700776920,11,24,4,362,15,14
1700776980,11,24,4,363,15,14
1700777040,11,24,4,364,15,14
1700777100,11,24,4,365,15,14
1700777160,11,24,4,366,15,14
1700777220,11,24,4,367,15,13
1700777280,11,24,4,368,15,13
1700777340,11,24,4,369,15,13
1700777460,11,24,4,371,15,13
1700777520,11,24,4,372,15,13
1700777580,11,24,4,373,15,13
1700777640,11,24,4,374,15,13
1700777700,11,24,4,375,15,13
1700777760,11,24,4,376,15,13
1700777820,11,24,4,377,15,13
1700777880,11,24,4,378,15,13
1700777940,11,24,4,379,15,13
1700778060,11,24,4,381,15,13
1700778120,11,24,4,382,15,13
1700778180,11,24,4,383,15,13
1700778240,11,24,4,384,15,13
1700778300,11,24,4,385,15,13
1700778360,11,24,4,386,15,13
1700778420,11,24,4,387,15,13
1700778480,11,24,4,388,15,13
1700778540,11,24,4,389,15,13
1700778600,11,24,4,390,15,13
1700778660,11,24,4,391,15,13
1700778720,11,24,4,392,15,13
1700778780,11,24,4,393,15,13
1700778840,11,24,4,394,15,13
1700778900,11,24,4,395,15,13
1700778960,11,24,4,396,15,13
1700779020,11,24,4,397,15,13
1700779080,11,24,4,398,15,13
1700779140,11,24,4,399,15,13
1700779200,11,24,4,400,15,13
1700779260,11,24,4,401,15,14
1700779320,11,24,4,402,15,14
1700779380,11,24,4,403,15,14
1700779440,11,24,4,404,15,14
1700779500,11,24,4,405,15,14
1700779560,11,24,4,406,15,14
1700779620,11,24,4,407,15,14
1700779680,11,24,4,408,15,14
1700779740,11,24,4,409,15,14
1700779800,11,24,4,410,15,14
1700779860,11,24,4,411,15,14
1700779920,11,24,4,412,15,14
1700779980,11,24,4,413,15,14
1700780040,11,24,4,414,15,14
1700780100,11,24,4,415,15,14
1700780160,11,24,4,416,15,14
1700780220,11,24,4,417,15,14
1700780280,11,24,4,418,15,14
1700780340,11,24,4,419,15,14
1700780460,11,24,4,421,15,14
1700780520,11,24,4,422,15,14
1700780580,11,24,4,423,15,14
1700780640,11,24,4,424,15,14
1700780700,11,24,4,425,15,14
1700780760,11,24,4,426,15,14
1700780820,11,24,4,427,15,14
1700780880,11,24,4,428,15,14
1700780940,11,24,4,429,15,14
1700781000,11,24,4,430,15,14
1700781060,11,24,4,431,15,14
1700781120,11,24,4,432,15,14
1700781180,11,24,4,433,15,15
1700781240,11,24,4,434,15,14
1700781300,11,24,4,435,15,14
1700781360,11,24,4,436,15,14
1700781420,11,24,4,437,15,14
1700781480,11,24,4,438,15,14
1700781540,11,24,4,439,15,14
1700781660,11,24,4,441,15,14
1700781720,11,24,4,442,15,14
1700781780,11,24,4,443,15,14
1700781840,11,24,4,444,15,14
1700781900,11,24,4,445,15,15
1700781960,11,24,4,446,15,14
1700782020,11,24,4,447,15,14
1700782080,11,24,4,448,15,14
1700782140,11,24,4,449,15,14
1700782260,11,24,4,451,15,14
1700782320,11,24,4,452,15,14
1700782380,11,24,4,453,15,14
1700782440,11,24,4,454,15,15
1700782500,11,24,4,455,15,15
1700782560,11,24,4,456,15,15
1700782620,11,24,4,457,15,15
1700782680,11,24,4,458,15,15
1700782740,11,24,4,459,15,15
1700782800,11,24,4,460,15,15
1700782860,11,24,4,461,15,15
1700782920,11,24,4,462,15,14
1700782980,11,24,4,463,15,14
1700783040,11,24,4,464,15,12
1700783100,11,24,4,465,15,11
1700783160,11,24,4,466,15,11
1700783220,11,24,4,467,15,11
1700783280,11,24,4,468,15,12
1700783340,11,24,4,469,15,13
1700783400,11,24,4,470,15,13
1700783460,11,24,4,471,15,13
1700783520,11,24,4,472,15,13
1700783580,11,24,4,473,15,13
1700783640,11,24,4,474,15,13
1700783700,11,24,4,475,15,13
1700783760,11,24,4,476,15,14
1700783820,11,24,4,477,15,14
1700783880,11,24,4,478,15,15
1700783940,11,24,4,479,15,15
1700784060,11,24,4,481,15,15
1700784120,11,24,4,482,15,15
1700784180,11,24,4,483,15,14
1700784240,11,24,4,484,15,13
1700784300,11,24,4,485,15,12
1700784360,11,24,4,486,15,12
1700784420,11,24,4,487,15,12
1700784480,11,24,4,488,15,12
1700784540,11,24,4,489,15,12
1700784600,11,24,4,490,15,12
1700784660,11,24,4,491,15,12
1700784720,11,24,4,492,15,12
1700784780,11,24,4,493,15,11
1700784840,11,24,4,494,15,11
1700784900,11,24,4,495,15,11
1700784960,11,24,4,496,15,11
1700785020,11,24,4,497,15,11
1700785080,11,24,4,498,15,12
1700785140,11,24,4,499,15,12
1700785260,11,24,4,501,15,12
1700785320,11,24,4,502,15,14
1700785380,11,24,4,503,15,14
1700785440,11,24,4,504,15,14
1700785500,11,24,4,505,15,15
1700785560,11,24,4,506,15,15
1700785620,11,24,4,507,15,15
1700785680,11,24,4,508,15,15
1700785740,11,24,4,509,15,15
1700785860,11,24,4,511,15,11
1700785920,11,24,4,512,15,12
1700785980,11,24,4,513,15,12
1700786040,11,24,4,514,15,10
1700786100,11,24,4,515,15,10
1700786160,11,24,4,516,15,8
1700786220,11,24,4,517,15,8
1700786280,11,24,4,518,15,8
1700786340,11,24,4,519,15,8
1700786400,11,24,4,520,15,6
1700786460,11,24,4,521,15,5
1700786520,11,24,4,522,15,5
1700786580,11,24,4,523,15,5
1700786640,11,24,4,524,15,3
1700786700,11,24,4,525,15,2
1700786760,11,24,4,526,15,0
1700786820,11,24,4,527,15,0
1700786940,11,24,4,529,15,2
1700787060,11,24,4,531,15,1
1700787120,11,24,4,532,15,1
1700787180,11,24,4,533,15,1
1700787240,11,24,4,534,15,1
1700787300,11,24,4,535,15,1
1700787360,11,24,4,536,15,1
1700787420,11,24,4,537,15,1
1700787480,11,24,4,538,15,1
1700787540,11,24,4,539,15,0
1700787660,11,24,4,541,15,0
1700787720,11,24,4,542,15,1
1700787780,11,24,4,543,15,0
1700787840,11,24,4,544,15,0
1700787900,11,24,4,545,15,0
1700787960,11,24,4,546,15,0
1700788020,11,24,4,547,15,0
1700788140,11,24,4,549,15,1
1700788260,11,24,4,551,15,1
1700788320,11,24,4,552,15,1
1700788380,11,24,4,553,15,1
1700788440,11,24,4,554,15,1
1700788500,11,24,4,555,15,3
1700788560,11,24,4,556,15,3
1700788620,11,24,4,557,15,3
1700788680,11,24,4,558,15,3
1700788740,11,24,4,559,15,3
1700788860,11,24,4,561,15,3
1700788920,11,24,4,562,15,6
1700788980,11,24,4,563,15,6
1700789040,11,24,4,564,15,6
1700789100,11,24,4,565,15,5
1700789160,11,24,4,566,15,5
1700789220,11,24,4,567,15,4
1700789280,11,24,4,568,15,4
1700789340,11,24,4,569,15,4
1700789400,11,24,4,570,15,3
1700789520,11,24,4,572,15,0
1700789580,11,24,4,573,15,0
1700789640,11,24,4,574,15,0
1700789700,11,24,4,575,15,0
1700789760,11,24,4,576,15,0
1700789820,11,24,4,577,15,0
1700789880,11,24,4,578,15,0
1700789940,11,24,4,579,15,1
1700790060,11,24,4,581,15,1
1700790120,11,24,4,582,15,3
1700790180,11,24,4,583,15,3
1700790240,11,24,4,584,15,3
1700790300,11,24,4,585,15,3
1700790360,11,24,4,586,15,4
1700790420,11,24,4,587,15,4
1700790480,11,24,4,588,15,2
1700790540,11,24,4,589,15,2
1700790660,11,24,4,591,15,1
1700790720,11,24,4,592,15,0
1700790780,11,24,4,593,15,0
1700790840,11,24,4,594,15,0
1700790900,11,24,4,595,15,0
1700790960,11,24,4,596,15,0
1700791020,11,24,4,597,15,0
1700791080,11,24,4,598,15,0
1700791140,11,24,4,599,15,0
1700791260,11,24,4,601,15,1
1700791320,11,24,4,602,15,1
1700791380,11,24,4,603,15,1
1700791440,11,24,4,604,15,0
1700791500,11,24,4,605,15,0
1700791560,11,24,4,606,15,0
1700791620,11,24,4,607,15,0
1700791680,11,24,4,608,15,0
1700791740,11,24,4,609,15,0
1700791860,11,24,4,611,15,0
1700791920,11,24,4,612,15,1
1700791980,11,24,4,613,15,0
1700792040,11,24,4,614,15,0
1700792100,11,24,4,615,15,0
1700792160,11,24,4,616,15,0
1700792220,11,24,4,617,15,0
1700792280,11,24,4,618,15,0
1700792340,11,24,4,619,15,1
1700792460,11,24,4,621,15,0
1700792520,11,24,4,622,15,0
1700792580,11,24,4,623,15,0
1700792640,11,24,4,624,15,0
1700792700,11,24,4,625,15,1
1700792760,11,24,4,626,15,1
1700792820,11,24,4,627,15,0
1700792880,11,24,4,628,15,0
1700792940,11,24,4,629,15,1
1700793060,11,24,4,631,15,0
1700793120,11,24,4,632,15,0
1700793180,11,24,4,633,15,0
1700793240,11,24,4,634,15,0
1700793300,11,24,4,635,15,0
1700793360,11,24,4,636,15,0
1700793420,11,24,4,637,15,0
1700793480,11,24,4,638,15,0
1700793540,11,24,4,639,15,0
1700793660,11,24,4,641,15,0
1700793720,11,24,4,642,15,0
1700793780,11,24,4,643,15,0
1700793840,11,24,4,644,15,0
1700793900,11,24,4,645,15,0
1700793960,11,24,4,646,15,0
1700794020,11,24,4,647,15,0
1700794080,11,24,4,648,15,0
1700794140,11,24,4,649,15,0
1700794260,11,24,4,651,15,0
1700794320,11,24,4,652,15,0
1700794380,11,24,4,653,15,0
1700794440,11,24,4,654,15,0
1700794500,11,24,4,655,15,0
1700794560,11,24,4,656,15,0
1700794620,11,24,4,657,15,0
1700794680,11,24,4,658,15,0
1700794740,11,24,4,659,15,0
1700794860,11,24,4,661,15,0
1700794920,11,24,4,662,15,1
1700794980,11,24,4,663,15,1
1700795040,11,24,4,664,15,1
1700795100,11,24,4,665,15,1
1700795160,11,24,4,666,15,1
1700795220,11,24,4,667,15,1
1700795280,11,24,4,668,15,0
1700795340,11,24,4,669,15,0
1700795400,11,24,4,670,15,0
1700795460,11,24,4,671,15,0
1700795520,11,24,4,672,15,0
1700795580,11,24,4,673,15,0
1700795640,11,24,4,674,15,0
1700795700,11,24,4,675,15,0
1700795760,11,24,4,676,15,0
1700795820,11,24,4,677,15,0
1700795880,11,24,4,678,15,0
1700795940,11,24,4,679,15,0
1700796060,11,24,4,681,15,0
1700796120,11,24,4,682,15,0
1700796180,11,24,4,683,15,0
1700796240,11,24,4,684,15,0
1700796300,11,24,4,685,15,0
1700796360,11,24,4,686,15,0
1700796420,11,24,4,687,15,0
1700796480,11,24,4,688,15,0
1700796540,11,24,4,689,15,0
1700796600,11,24,4,690,15,0
1700796660,11,24,4,691,15,0
1700796720,11,24,4,692,15,0
1700796780,11,24,4,693,15,0
1700796840,11,24,4,694,15,0
1700796900,11,24,4,695,15,1
1700796960,11,24,4,696,15,1
1700797020,11,24,4,697,15,1
1700797080,11,24,4,698,15,1
1700797140,11,24,4,699,15,1
1700797200,11,24,4,700,15,1
1700797260,11,24,4,701,15,1
1700797320,11,24,4,702,15,1
1700797380,11,24,4,703,15,1
1700797440,11,24,4,704,15,0
1700797500,11,24,4,705,15,0
1700797560,11,24,4,706,15,1
1700797620,11,24,4,707,15,1
1700797680,11,24,4,708,15,0
1700797740,11,24,4,709,15,1
1700797800,11,24,4,710,15,1
1700797860,11,24,4,711,15,1
1700797920,11,24,4,712,15,1
1700797980,11,24,4,713,15,1
1700798040,11,24,4,714,15,1
1700798100,11,24,4,715,15,1
1700798160,11,24,4,716,15,1
1700798220,11,24,4,717,15,0
1700798280,11,24,4,718,15,0
1700798340,11,24,4,719,15,0
1700798460,11,24,4,721,15,0
1700798520,11,24,4,722,15,0
1700798580,11,24,4,723,15,0
1700798640,11,24,4,724,15,0
1700798700,11,24,4,725,15,0
1700798760,11,24,4,726,15,0
1700798820,11,24,4,727,15,0
1700798880,11,24,4,728,15,0
1700798940,11,24,4,729,15,2
1700799000,11,24,4,730,15,2
1700799060,11,24,4,731,15,1
1700799120,11,24,4,732,15,0
1700799180,11,24,4,733,15,0
1700799240,11,24,4,734,15,0
1700799300,11,24,4,735,15,2
1700799360,11,24,4,736,15,2
1700799420,11,24,4,737,15,0
1700799480,11,24,4,738,15,0
1700799540,11,24,4,739,15,1
1700799660,11,24,4,741,15,0
1700799720,11,24,4,742,15,0
1700799780,11,24,4,743,15,0
1700799840,11,24,4,744,15,0
1700799900,11,24,4,745,15,1
1700799960,11,24,4,746,15,0
1700800020,11,24,4,747,15,1
1700800080,11,24,4,748,15,0
1700800140,11,24,4,749,15,1
1700800260,11,24,4,751,15,1
1700800320,11,24,4,752,15,0
1700800380,11,24,4,753,15,0
1700800440,11,24,4,754,15,0
1700800500,11,24,4,755,15,0
1700800560,11,24,4,756,15,0
1700800620,11,24,4,757,15,0
1700800680,11,24,4,758,15,0
1700800740,11,24,4,759,15,0
1700800800,11,24,4,760,15,1
1700800860,11,24,4,761,15,1
1700800920,11,24,4,762,15,0
1700800980,11,24,4,763,15,0
1700801040,11,24,4,764,15,0
1700801100,11,24,4,765,15,0
1700801220,11,24,4,767,15,0
1700801280,11,24,4,768,15,0
1700801340,11,24,4,769,15,0
1700801460,11,24,4,771,15,0
1700801520,11,24,4,772,15,0
1700801580,11,24,4,773,15,0
1700801640,11,24,4,774,15,0
1700801700,11,24,4,775,15,0
1700801760,11,24,4,776,15,0
1700801820,11,24,4,777,15,0
1700801880,11,24,4,778,15,0
1700801940,11,24,4,779,15,3
1700802060,11,24,4,781,15,3
1700802120,11,24,4,782,15,2
1700802180,11,24,4,783,15,1
1700802240,11,24,4,784,15,1
1700802300,11,24,4,785,15,0
1700802360,11,24,4,786,15,0
1700802420,11,24,4,787,15,0
1700802480,11,24,4,788,15,0
1700802540,11,24,4,789,15,0
1700802660,11,24,4,791,15,2
1700802720,11,24,4,792,15,1
1700802780,11,24,4,793,15,1
1700802840,11,24,4,794,15,3
1700802900,11,24,4,795,15,2
1700802960,11,24,4,796,15,0
1700803020,11,24,4,797,15,0
1700803080,11,24,4,798,15,0
1700803140,11,24,4,799,15,0
1700803260,11,24,4,801,15,0
1700803320,11,24,4,802,15,0
1700803380,11,24,4,803,15,0
1700803440,11,24,4,804,15,0
1700803500,11,24,4,805,15,0
1700803560,11,24,4,806,15,1
1700803620,11,24,4,807,15,0
1700803680,11,24,4,808,15,0
1700803740,11,24,4,809,15,0
1700803860,11,24,4,811,15,1
1700803920,11,24,4,812,15,1
1700803980,11,24,4,813,15,0
1700804040,11,24,4,814,15,0
1700804100,11,24,4,815,15,0
1700804160,11,24,4,816,15,0
1700804220,11,24,4,817,15,0
1700804280,11,24,4,818,15,2
1700804340,11,24,4,819,15,2
1700804400,11,24,4,820,15,2
1700804520,11,24,4,822,15,3
1700804580,11,24,4,823,15,2
1700804640,11,24,4,824,15,1
1700804700,11,24,4,825,15,1
1700804760,11,24,4,826,15,0
1700804820,11,24,4,827,15,0
1700804880,11,24,4,828,15,0
1700804940,11,24,4,829,15,0
1700805060,11,24,4,831,15,0
1700805120,11,24,4,832,15,0
1700805180,11,24,4,833,15,0
1700805300,11,24,4,835,15,0
1700805360,11,24,4,836,15,0
1700805420,11,24,4,837,15,0
1700805480,11,24,4,838,15,0
1700805540,11,24,4,839,15,0
1700805660,11,24,4,841,15,0
1700805720,11,24,4,842,15,0
1700805780,11,24,4,843,15,0
1700805900,11,24,4,845,15,0
1700805960,11,24,4,846,15,0
1700806020,11,24,4,847,15,0
1700806080,11,24,4,848,15,1
1700806140,11,24,4,849,15,1
1700806260,11,24,4,851,15,1
1700806320,11,24,4,852,15,0
1700806380,11,24,4,853,15,0
1700806440,11,24,4,854,15,0
1700806500,11,24,4,855,15,0
1700806560,11,24,4,856,15,0
1700806620,11,24,4,857,15,0
1700806680,11,24,4,858,15,0
1700806740,11,24,4,859,15,0
1700806860,11,24,4,861,15,0
1700806920,11,24,4,862,15,2
1700806980,11,24,4,863,15,1
1700807040,11,24,4,864,15,1
1700807100,11,24,4,865,15,0
1700807160,11,24,4,866,15,1
1700807220,11,24,4,867,15,0
1700807280,11,24,4,868,15,0
1700807340,11,24,4,869,15,0
1700807460,11,24,4,871,15,0
1700807520,11,24,4,872,15,0
1700807580,11,24,4,873,15,0
1700807640,11,24,4,874,15,0
1700807700,11,24,4,875,15,0
1700807760,11,24,4,876,15,0
1700807820,11,24,4,877,15,0
1700807880,11,24,4,878,15,1
1700807940,11,24,4,879,15,1
1700808000,11,24,4,880,15,0
1700808060,11,24,4,881,15,0
1700808120,11,24,4,882,15,0
1700808180,11,24,4,883,15,0
1700808240,11,24,4,884,15,0
1700808300,11,24,4,885,15,0
1700808360,11,24,4,886,15,1
1700808420,11,24,4,887,15,0
1700808480,11,24,4,888,15,0
1700808540,11,24,4,889,15,0
1700808600,11,24,4,890,15,1
1700808660,11,24,4,891,15,1
1700808720,11,24,4,892,15,1
1700808780,11,24,4,893,15,0
1700808840,11,24,4,894,15,0
1700808900,11,24,4,895,15,0
1700808960,11,24,4,896,15,0
1700809020,11,24,4,897,15,0
1700809080,11,24,4,898,15,0
1700809140,11,24,4,899,15,0
1700809260,11,24,4,901,15,0
1700809320,11,24,4,902,15,0
1700809380,11,24,4,903,15,0
1700809440,11,24,4,904,15,0
1700809500,11,24,4,905,15,0
1700809560,11,24,4,906,15,1
1700809620,11,24,4,907,15,0
1700809680,11,24,4,908,15,0
1700809740,11,24,4,909,15,1
1700809800,11,24,4,910,15,2
1700809860,11,24,4,911,15,3
1700809920,11,24,4,912,15,2
1700809980,11,24,4,913,15,0
1700810040,11,24,4,914,15,3
1700810100,11,24,4,915,15,1
1700810160,11,24,4,916,15,0
1700810220,11,24,4,917,15,0
1700810280,11,24,4,918,15,3
1700810340,11,24,4,919,15,3
1700810460,11,24,4,921,15,1
1700810520,11,24,4,922,15,1
1700810580,11,24,4,923,15,0
1700810640,11,24,4,924,15,0
1700810700,11,24,4,925,15,0
1700810760,11,24,4,926,15,0
1700810820,11,24,4,927,15,0
1700810880,11,24,4,928,15,0
1700810940,11,24,4,929,15,0
1700811060,11,24,4,931,15,0
1700811120,11,24,4,932,15,0
1700811180,11,24,4,933,15,0
1700811240,11,24,4,934,15,0
1700811300,11,24,4,935,15,0
1700811360,11,24,4,936,15,0
1700811420,11,24,4,937,15,0
1700811480,11,24,4,938,15,0
1700811540,11,24,4,939,15,0
1700811600,11,24,4,940,15,0
1700811660,11,24,4,941,15,0
1700811720,11,24,4,942,15,0
1700811780,11,24,4,943,15,0
1700811840,11,24,4,944,15,0
1700811900,11,24,4,945,15,1
1700811960,11,24,4,946,15,0
1700812020,11,24,4,947,15,0
1700812080,11,24,4,948,15,0
1700812140,11,24,4,949,15,0
1700812200,11,24,4,950,15,0
1700812260,11,24,4,951,15,0
1700812320,11,24,4,952,15,0
1700812380,11,24,4,953,15,0
1700812440,11,24,4,954,15,1
1700812500,11,24,4,955,15,1
1700812560,11,24,4,956,15,1
1700812620,11,24,4,957,15,0
1700812680,11,24,4,958,15,1
1700812740,11,24,4,959,15,1
1700812860,11,24,4,961,15,0
1700812920,11,24,4,962,15,2
1700812980,11,24,4,963,15,2
1700813040,11,24,4,964,15,2
1700813100,11,24,4,965,15,2
1700813160,11,24,4,966,15,2
1700813220,11,24,4,967,15,2
1700813340,11,24,4,969,15,0
1700813460,11,24,4,971,15,0
1700813520,11,24,4,972,15,0
1700813580,11,24,4,973,15,0
1700813640,11,24,4,974,15,0
1700813700,11,24,4,975,15,0
1700813760,11,24,4,976,15,0
1700813820,11,24,4,977,15,0
1700813880,11,24,4,978,15,0
1700813940,11,24,4,979,15,0
1700814060,11,24,4,981,15,0
1700814120,11,24,4,982,15,1
1700814180,11,24,4,983,15,1
1700814240,11,24,4,984,15,0
1700814300,11,24,4,985,15,0
1700814360,11,24,4,986,15,1
1700814420,11,24,4,987,15,1
1700814480,11,24,4,988,15,0
1700814540,11,24,4,989,15,0
1700814660,11,24,4,991,15,1
1700814720,11,24,4,992,15,1
1700814780,11,24,4,993,15,1
1700814840,11,24,4,994,15,0
1700814900,11,24,4,995,15,0
1700814960,11,24,4,996,15,0
1700815020,11,24,4,997,15,1
1700815080,11,24,4,998,15,1
1700815140,11,24,4,999,15,1
1700815260,11,24,4,1001,15,1
1700815320,11,24,4,1002,15,1
1700815380,11,24,4,1003,15,1
1700815440,11,24,4,1004,15,1
1700815500,11,24,4,1005,15,1
1700815560,11,24,4,1006,15,1
1700815620,11,24,4,1007,15,0
1700815680,11,24,4,1008,15,0
1700815740,11,24,4,1009,15,0
1700815860,11,24,4,1011,15,0
1700815920,11,24,4,1012,15,1
1700815980,11,24,4,1013,15,3
1700816040,11,24,4,1014,15,3
1700816100,11,24,4,1015,15,3
1700816160,11,24,4,1016,15,3
1700816220,11,24,4,1017,15,2
1700816280,11,24,4,1018,15,2
1700816340,11,24,4,1019,15,2
1700816460,11,24,4,1021,15,0
1700816520,11,24,4,1022,15,0
1700816580,11,24,4,1023,15,0
1700816640,11,24,4,1024,15,0
1700816700,11,24,4,1025,15,0
1700816760,11,24,4,1026,15,0
1700816820,11,24,4,1027,15,0
1700816880,11,24,4,1028,15,0
1700816940,11,24,4,1029,15,0
1700817060,11,24,4,1031,15,0
1700817120,11,24,4,1032,15,0
1700817180,11,24,4,1033,15,1
1700817240,11,24,4,1034,15,0
1700817300,11,24,4,1035,15,0
1700817360,11,24,4,1036,15,0
1700817420,11,24,4,1037,15,0
1700817480,11,24,4,1038,15,0
1700817540,11,24,4,1039,15,0
1700817660,11,24,4,1041,15,1
1700817720,11,24,4,1042,15,1
1700817780,11,24,4,1043,15,0
1700817840,11,24,4,1044,15,0
1700817900,11,24,4,1045,15,0
1700817960,11,24,4,1046,15,1
1700818020,11,24,4,1047,15,0
1700818080,11,24,4,1048,15,0
1700818140,11,24,4,1049,15,0
1700818260,11,24,4,1051,15,0
1700818320,11,24,4,1052,15,0
1700818380,11,24,4,1053,15,0
1700818440,11,24,4,1054,15,0
1700818500,11,24,4,1055,15,0
1700818560,11,24,4,1056,15,0
1700818620,11,24,4,1057,15,0
1700818680,11,24,4,1058,15,0
1700818740,11,24,4,1059,15,0
1700818800,11,24,4,1060,15,0
1700818860,11,24,4,1061,15,2
1700818920,11,24,4,1062,15,2
1700818980,11,24,4,1063,15,0
1700819040,11,24,4,1064,15,0
1700819100,11,24,4,1065,15,0
1700819160,11,24,4,1066,15,0
1700819220,11,24,4,1067,15,0
1700819280,11,24,4,1068,15,0
1700819340,11,24,4,1069,15,0
1700819400,11,24,4,1070,15,0
1700819460,11,24,4,1071,15,0
1700819520,11,24,4,1072,15,0
1700819580,11,24,4,1073,15,2
1700819640,11,24,4,1074,15,2
1700819700,11,24,4,1075,15,2
1700819760,11,24,4,1076,15,0
1700819820,11,24,4,1077,15,0
1700819880,11,24,4,1078,15,0
1700819940,11,24,4,1079,15,0
1700820060,11,24,4,1081,15,1
1700820120,11,24,4,1082,15,0
1700820180,11,24,4,1083,15,0
1700820240,11,24,4,1084,15,0
1700820300,11,24,4,1085,15,0
1700820360,11,24,4,1086,15,0
1700820420,11,24,4,1087,15,0
1700820480,11,24,4,1088,15,0
1700820540,11,24,4,1089,15,1
1700820600,11,24,4,1090,15,2
1700820660,11,24,4,1091,15,0
1700820720,11,24,4,1092,15,0
1700820780,11,24,4,1093,15,2
1700820840,11,24,4,1094,15,0
1700820900,11,24,4,1095,15,0
1700820960,11,24,4,1096,15,0
1700821020,11,24,4,1097,15,0
1700821080,11,24,4,1098,15,0
1700821140,11,24,4,1099,15,0
1700821260,11,24,4,1101,15,0
1700821320,11,24,4,1102,15,0
1700821380,11,24,4,1103,15,0
1700821440,11,24,4,1104,15,0
1700821500,11,24,4,1105,15,0
1700821560,11,24,4,1106,15,0
1700821620,11,24,4,1107,15,0
1700821680,11,24,4,1108,15,0
1700821740,11,24,4,1109,15,0
1700821860,11,24,4,1111,15,0
1700821920,11,24,4,1112,15,0
1700821980,11,24,4,1113,15,2
1700822040,11,24,4,1114,15,1
1700822100,11,24,4,1115,15,0
1700822160,11,24,4,1116,15,0
1700822220,11,24,4,1117,15,1
1700822280,11,24,4,1118,15,1
1700822340,11,24,4,1119,15,1
1700822400,11,24,4,1120,15,0
1700822460,11,24,4,1121,15,3
1700822520,11,24,4,1122,15,0
1700822580,11,24,4,1123,15,0
1700822640,11,24,4,1124,15,0
1700822700,11,24,4,1125,15,0
1700822760,11,24,4,1126,15,0
1700822820,11,24,4,1127,15,2
1700822880,11,24,4,1128,15,2
1700822940,11,24,4,1129,15,5
1700823000,11,24,4,1130,15,4
1700823060,11,24,4,1131,15,2
1700823120,11,24,4,1132,15,0
1700823180,11,24,4,1133,15,0
1700823240,11,24,4,1134,15,0
1700823300,11,24,4,1135,15,0
1700823360,11,24,4,1136,15,0
1700823420,11,24,4,1137,15,0
1700823480,11,24,4,1138,15,0
1700823540,11,24,4,1139,15,0
1700823660,11,24,4,1141,15,0
1700823720,11,24,4,1142,15,1
1700823780,11,24,4,1143,15,1
1700823840,11,24,4,1144,15,0
1700823900,11,24,4,1145,15,0
1700823960,11,24,4,1146,15,0
1700824020,11,24,4,1147,15,0
1700824080,11,24,4,1148,15,0
1700824140,11,24,4,1149,15,0
1700824200,11,24,4,1150,15,0
1700824260,11,24,4,1151,15,0
1700824320,11,24,4,1152,15,0
1700824380,11,24,4,1153,15,1
1700824440,11,24,4,1154,15,1
1700824500,11,24,4,1155,15,1
1700824560,11,24,4,1156,15,0
1700824620,11,24,4,1157,15,0
1700824680,11,24,4,1158,15,0
1700824740,11,24,4,1159,15,0
1700824860,11,24,4,1161,15,1
1700824920,11,24,4,1162,15,0
1700824980,11,24,4,1163,15,0
1700825040,11,24,4,1164,15,0
1700825100,11,24,4,1165,15,0
1700825160,11,24,4,1166,15,0
1700825220,11,24,4,1167,15,0
1700825280,11,24,4,1168,15,0
1700825340,11,24,4,1169,15,0
1700825460,11,24,4,1171,15,0
1700825520,11,24,4,1172,15,0
1700825580,11,24,4,1173,15,1
1700825640,11,24,4,1174,15,0
1700825700,11,24,4,1175,15,0
1700825760,11,24,4,1176,15,0
1700825820,11,24,4,1177,15,0
1700825880,11,24,4,1178,15,2
1700825940,11,24,4,1179,15,2
1700826060,11,24,4,1181,15,0
1700826120,11,24,4,1182,15,0
1700826180,11,24,4,1183,15,0
1700826240,11,24,4,1184,15,0
1700826300,11,24,4,1185,15,0
1700826360,11,24,4,1186,15,0
1700826420,11,24,4,1187,15,0
1700826480,11,24,4,1188,15,0
1700826540,11,24,4,1189,15,0
1700826660,11,24,4,1191,15,2
1700826720,11,24,4,1192,15,2
1700826780,11,24,4,1193,15,2
1700826840,11,24,4,1194,15,2
1700826900,11,24,4,1195,15,2
1700826960,11,24,4,1196,15,3
1700827020,11,24,4,1197,15,3
1700827080,11,24,4,1198,15,4
1700827140,11,24,4,1199,15,4
1700827260,11,24,4,1201,15,3
1700827320,11,24,4,1202,15,3
1700827380,11,24,4,1203,15,3
1700827440,11,24,4,1204,15,3
1700827500,11,24,4,1205,15,3
1700827560,11,24,4,1206,15,5
1700827620,11,24,4,1207,15,5
1700827680,11,24,4,1208,15,5
1700827740,11,24,4,1209,15,5
1700827860,11,24,4,1211,15,5
1700827920,11,24,4,1212,15,5
1700827980,11,24,4,1213,15,5
1700828100,11,24,4,1215,15,5
1700828160,11,24,4,1216,15,4
1700828220,11,24,4,1217,15,4
1700828280,11,24,4,1218,15,4
1700828340,11,24,4,1219,15,4
1700828460,11,24,4,1221,15,3
1700828520,11,24,4,1222,15,4
1700828580,11,24,4,1223,15,4
1700828640,11,24,4,1224,15,4
1700828700,11,24,4,1225,15,4
1700828760,11,24,4,1226,15,4
1700828820,11,24,4,1227,15,4
1700828880,11,24,4,1228,15,4
1700828940,11,24,4,1229,15,4
1700829060,11,24,4,1231,15,4
1700829120,11,24,4,1232,15,4
1700829180,11,24,4,1233,15,3
1700829240,11,24,4,1234,15,3
1700829300,11,24,4,1235,15,3
1700829360,11,24,4,1236,15,3
1700829420,11,24,4,1237,15,3
1700829480,11,24,4,1238,15,3
1700829540,11,24,4,1239,15,2
1700829660,11,24,4,1241,15,2
1700829720,11,24,4,1242,15,1
1700829780,11,24,4,1243,15,1
1700829840,11,24,4,1244,15,1
1700829900,11,24,4,1245,15,1
1700829960,11,24,4,1246,15,1
1700830020,11,24,4,1247,15,1
1700830080,11,24,4,1248,15,1
1700830140,11,24,4,1249,15,0
1700830200,11,24,4,1250,15,0
1700830260,11,24,4,1251,15,0
1700830320,11,24,4,1252,15,0
1700830380,11,24,4,1253,15,0
1700830440,11,24,4,1254,15,0
1700830500,11,24,4,1255,15,0
1700830560,11,24,4,1256,15,0
1700830620,11,24,4,1257,15,0
1700830680,11,24,4,1258,15,0
1700830740,11,24,4,1259,15,1
1700830860,11,24,4,1261,15,1
1700830920,11,24,4,1262,15,1
1700830980,11,24,4,1263,15,1
1700831040,11,24,4,1264,15,0
1700831100,11,24,4,1265,15,0
1700831160,11,24,4,1266,15,0
1700831220,11,24,4,1267,15,0
1700831280,11,24,4,1268,15,0
1700831340,11,24,4,1269,15,0
1700831400,11,24,4,1270,15,0
1700831460,11,24,4,1271,15,0
1700831520,11,24,4,1272,15,0
1700831580,11,24,4,1273,15,0
1700831640,11,24,4,1274,15,0
1700831700,11,24,4,1275,15,0
1700831760,11,24,4,1276,15,0
1700831820,11,24,4,1277,15,0
1700831880,11,24,4,1278,15,1
1700831940,11,24,4,1279,15,1
1700832060,11,24,4,1281,15,1
1700832120,11,24,4,1282,15,1
1700832180,11,24,4,1283,15,2
1700832240,11,24,4,1284,15,2
1700832300,11,24,4,1285,15,1
1700832360,11,24,4,1286,15,1
1700832420,11,24,4,1287,15,1
1700832480,11,24,4,1288,15,1
1700832540,11,24,4,1289,15,1
1700832660,11,24,4,1291,15,3
1700832720,11,24,4,1292,15,3
1700832780,11,24,4,1293,15,3
1700832840,11,24,4,1294,15,4
1700832900,11,24,4,1295,15,4
1700832960,11,24,4,1296,15,4
1700833020,11,24,4,1297,15,4
1700833080,11,24,4,1298,15,4
1700833140,11,24,4,1299,15,4
1700833200,11,24,4,1300,15,4
1700833260,11,24,4,1301,15,4
1700833320,11,24,4,1302,15,4
1700833380,11,24,4,1303,15,4
1700833440,11,24,4,1304,15,4
1700833500,11,24,4,1305,15,4
1700833560,11,24,4,1306,15,4
1700833620,11,24,4,1307,15,4
1700833680,11,24,4,1308,15,4
1700833740,11,24,4,1309,15,4
1700833800,11,24,4,1310,15,5
1700833860,11,24,4,1311,15,5
1700833920,11,24,4,1312,15,5
1700833980,11,24,4,1313,15,5
1700834040,11,24,4,1314,15,5
1700834100,11,24,4,1315,15,5
1700834160,11,24,4,1316,15,6
1700834220,11,24,4,1317,15,6
1700834280,11,24,4,1318,15,6
1700834340,11,24,4,1319,15,4
1700834460,11,24,4,1321,15,4
1700834520,11,24,4,1322,15,4
1700834580,11,24,4,1323,15,4
1700834640,11,24,4,1324,15,4
1700834700,11,24,4,1325,15,4
1700834760,11,24,4,1326,15,5
1700834820,11,24,4,1327,15,5
1700834880,11,24,4,1328,15,6
1700834940,11,24,4,1329,15,5
1700835000,11,24,4,1330,15,5
1700835060,11,24,4,1331,15,5
1700835120,11,24,4,1332,15,5
1700835180,11,24,4,1333,15,5
1700835240,11,24,4,1334,15,4
1700835300,11,24,4,1335,15,4
1700835360,11,24,4,1336,15,4
1700835420,11,24,4,1337,15,3
1700835480,11,24,4,1338,15,5
1700835540,11,24,4,1339,15,5
1700835660,11,24,4,1341,15,5
1700835720,11,24,4,1342,15,5
1700835780,11,24,4,1343,15,5
1700835840,11,24,4,1344,15,5
1700835900,11,24,4,1345,15,5
1700835960,11,24,4,1346,15,3
1700836020,11,24,4,1347,15,3
1700836080,11,24,4,1348,15,3
1700836140,11,24,4,1349,15,3
1700836260,11,24,4,1351,15,3
1700836320,11,24,4,1352,15,3
1700836380,11,24,4,1353,15,3
1700836440,11,24,4,1354,15,3
1700836500,11,24,4,1355,15,3
1700836560,11,24,4,1356,15,3
1700836620,11,24,4,1357,15,3
1700836680,11,24,4,1358,15,3
1700836740,11,24,4,1359,15,4
1700836800,11,24,4,1360,15,4
1700836860,11,24,4,1361,15,4
1700836920,11,24,4,1362,15,7
1700836980,11,24,4,1363,15,7
1700837040,11,24,4,1364,15,7
1700837100,11,24,4,1365,15,7
1700837160,11,24,4,1366,15,9
1700837220,11,24,4,1367,15,9
1700837280,11,24,4,1368,15,9
1700837340,11,24,4,1369,15,9
1700837400,11,24,4,1370,15,10
1700837460,11,24,4,1371,15,10
1700837520,11,24,4,1372,15,10
1700837580,11,24,4,1373,15,10
1700837640,11,24,4,1374,15,10
1700837760,11,24,4,1376,15,10
1700837820,11,24,4,1377,15,10
1700837880,11,24,4,1378,15,10
1700837940,11,24,4,1379,15,10
1700838060,11,24,4,1381,15,10
1700838120,11,24,4,1382,15,9
1700838180,11,24,4,1383,15,9
1700838240,11,24,4,1384,15,9
1700838300,11,24,4,1385,15,9
1700838360,11,24,4,1386,15,9
1700838420,11,24,4,1387,15,9
1700838480,11,24,4,1388,15,9
1700838540,11,24,4,1389,15,10
1700838600,11,24,4,1390,15,10
1700838660,11,24,4,1391,15,10
1700838720,11,24,4,1392,15,9
1700838780,11,24,4,1393,15,9
1700838840,11,24,4,1394,15,9
1700838900,11,24,4,1395,15,8
1700838960,11,24,4,1396,15,8
1700839020,11,24,4,1397,15,7
1700839080,11,24,4,1398,15,7
1700839140,11,24,4,1399,15,7
1700839260,11,24,4,1401,15,7
1700839320,11,24,4,1402,15,7
1700839380,11,24,4,1403,15,7
1700839440,11,24,4,1404,15,7
1700839500,11,24,4,1405,15,8
1700839560,11,24,4,1406,15,8
1700839620,11,24,4,1407,15,9
1700839680,11,24,4,1408,15,8
1700839740,11,24,4,1409,15,8
1700839800,11,24,4,1410,15,7
1700839860,11,24,4,1411,15,6
1700839920,11,24,4,1412,15,6
1700839980,11,24,4,1413,15,5
1700840040,11,24,4,1414,15,5
1700840100,11,24,4,1415,15,5
1700840160,11,24,4,1416,15,5
1700840220,11,24,4,1417,15,5
1700840280,11,24,4,1418,15,5
1700840340,11,24,4,1419,15,5
1700840400,11,24,4,1420,15,5
1700840460,11,24,4,1421,15,6
1700840520,11,24,4,1422,15,6
1700840580,11,24,4,1423,15,7
1700840640,11,24,4,1424,15,7
1700840700,11,24,4,1425,15,7
1700840760,11,24,4,1426,15,7
1700840820,11,24,4,1427,15,7
1700840880,11,24,4,1428,15,7
1700840940,11,24,4,1429,15,8
1700841000,11,24,4,1430,15,8
1700841060,11,24,4,1431,15,8
1700841120,11,24,4,1432,15,8
1700841180,11,24,4,1433,15,9
1700841240,11,24,4,1434,15,9
1700841300,11,24,4,1435,15,9
1700841360,11,24,4,1436,15,8
1700841420,11,24,4,1437,15,8
1700841480,11,24,4,1438,15,8
1700841540,11,24,4,1439,15,8
1700841660,11,25,5,1,15,8
1700841720,11,25,5,2,15,8
1700841780,11,25,5,3,15,8
1700841840,11,25,5,4,15,8
1700841900,11,25,5,5,15,8
1700841960,11,25,5,6,15,8
1700842020,11,25,5,7,15,7
1700842080,11,25,5,8,15,7
1700842140,11,25,5,9,15,7
1700842260,11,25,5,11,15,7
1700842320,11,25,5,12,15,7
1700842380,11,25,5,13,15,7
1700842440,11,25,5,14,15,7
1700842500,11,25,5,15,15,9
1700842560,11,25,5,16,15,9
1700842620,11,25,5,17,15,9
1700842680,11,25,5,18,15,9
1700842740,11,25,5,19,15,9
1700842860,11,25,5,21,15,8
1700842920,11,25,5,22,15,8
1700842980,11,25,5,23,15,8
1700843040,11,25,5,24,15,8
1700843100,11,25,5,25,15,8
1700843160,11,25,5,26,15,8
1700843220,11,25,5,27,15,8
1700843280,11,25,5,28,15,8
1700843340,11,25,5,29,15,8
1700843400,11,25,5,30,15,8
1700843460,11,25,5,31,15,8
1700843520,11,25,5,32,15,8
1700843580,11,25,5,33,15,7
1700843640,11,25,5,34,15,7
1700843700,11,25,5,35,15,7
1700843760,11,25,5,36,15,7
1700843820,11,25,5,37,15,7
1700843880,11,25,5,38,15,7
1700843940,11,25,5,39,15,7
1700844000,11,25,5,40,15,7
1700844060,11,25,5,41,15,7
1700844120,11,25,5,42,15,6
1700844180,11,25,5,43,15,7
1700844240,11,25,5,44,15,7
1700844300,11,25,5,45,15,7
1700844360,11,25,5,46,15,7
1700844420,11,25,5,47,15,7
1700844480,11,25,5,48,15,7
1700844540,11,25,5,49,15,7
1700844600,11,25,5,50,15,7
1700844660,11,25,5,51,15,7
1700844720,11,25,5,52,15,7
1700844780,11,25,5,53,15,7
1700844840,11,25,5,54,15,7
1700844900,11,25,5,55,15,7
1700844960,11,25,5,56,15,7
1700845020,11,25,5,57,15,6
1700845080,11,25,5,58,15,7
1700845140,11,25,5,59,15,8
1700845200,11,25,5,60,15,8
1700845260,11,25,5,61,15,8
1700845320,11,25,5,62,15,8
1700845380,11,25,5,63,15,8
1700845440,11,25,5,64,15,8
1700845500,11,25,5,65,15,8
1700845560,11,25,5,66,15,8
1700845620,11,25,5,67,15,8
1700845680,11,25,5,68,15,8
1700845800,11,25,5,70,15,8
1700845860,11,25,5,71,15,8
1700845920,11,25,5,72,15,9
1700845980,11,25,5,73,15,9
1700846040,11,25,5,74,15,10
1700846220,11,25,5,77,15,10
1700846280,11,25,5,78,15,10
1700846340,11,25,5,79,15,10
1700846460,11,25,5,81,15,10
1700846520,11,25,5,82,15,10
1700846640,11,25,5,84,15,10
1700846700,11,25,5,85,15,10
1700846820,11,25,5,87,15,10
1700846880,11,25,5,88,15,10
1700846940,11,25,5,89,15,10
1700847120,11,25,5,92,15,11
1700847180,11,25,5,93,15,11
1700847240,11,25,5,94,15,11
1700847300,11,25,5,95,15,11
1700847420,11,25,5,97,15,11
1700847480,11,25,5,98,15,11
1700847780,11,25,5,103,15,13
1700848080,11,25,5,108,15,13
1700848380,11,25,5,113,15,13
1700848440,11,25,5,114,15,13
1700848560,11,25,5,116,15,14
1700848920,11,25,5,122,15,14
1700849160,11,25,5,126,15,14
1700849220,11,25,5,127,15,14
1700849280,11,25,5,128,15,14
1700849340,11,25,5,129,15,14
1700849400,11,25,5,130,15,14
1700849520,11,25,5,132,15,14
1700849580,11,25,5,133,15,14
1700849640,11,25,5,134,15,14
1700849700,11,25,5,135,15,14
1700849760,11,25,5,136,15,14
1700850180,11,25,5,143,15,14
1700850300,11,25,5,145,15,14
1700850360,11,25,5,146,15,14
1700850720,11,25,5,152,15,13
1700850780,11,25,5,153,15,13
1700850840,11,25,5,154,15,13
1700850900,11,25,5,155,15,13
1700850960,11,25,5,156,15,13
1700851020,11,25,5,157,15,13
1700851080,11,25,5,158,15,13
1700851140,11,25,5,159,15,13
1700851320,11,25,5,162,15,13
1700851380,11,25,5,163,15,13
1700851440,11,25,5,164,15,13
1700851500,11,25,5,165,15,13
1700851620,11,25,5,167,15,13
1700851740,11,25,5,169,15,15
1700851800,11,25,5,170,15,15
1700851860,11,25,5,171,15,15
1700851920,11,25,5,172,15,15
1700852040,11,25,5,174,15,15
1700852100,11,25,5,175,15,15
1700852160,11,25,5,176,15,15
1700852220,11,25,5,177,15,15
1700852340,11,25,5,179,15,15
1700852400,11,25,5,180,15,15
1700852460,11,25,5,181,15,15
1700852520,11,25,5,182,15,15
1700852640,11,25,5,184,15,15
1700852760,11,25,5,186,15,14
1700852820,11,25,5,187,15,14
1700852880,11,25,5,188,15,14
1700852940,11,25,5,189,15,14
1700853000,11,25,5,190,15,14
1700853120,11,25,5,192,15,14
1700853180,11,25,5,193,15,14
1700853240,11,25,5,194,15,14
1700853360,11,25,5,196,15,14
1700853420,11,25,5,197,15,14
1700853540,11,25,5,199,15,14
1700853660,11,25,5,201,15,14
1700853720,11,25,5,202,15,14
1700853780,11,25,5,203,15,14
1700853840,11,25,5,204,15,14
1700853900,11,25,5,205,15,14
1700853960,11,25,5,206,15,14
1700854080,11,25,5,208,15,14
1700854140,11,25,5,209,15,15
1700854260,11,25,5,211,15,15
1700854320,11,25,5,212,15,15
1700854380,11,25,5,213,15,15
1700854440,11,25,5,214,15,15
1700854500,11,25,5,215,15,15
1700854560,11,25,5,216,15,15
1700854620,11,25,5,217,15,15
1700854680,11,25,5,218,15,15
1700854740,11,25,5,219,15,15
1700854800,11,25,5,220,15,15
1700854860,11,25,5,221,15,15
1700854920,11,25,5,222,15,15
1700854980,11,25,5,223,15,15
1700855100,11,25,5,225,15,15
1700855160,11,25,5,226,15,15
1700855220,11,25,5,227,15,15
1700855280,11,25,5,228,15,15
1700855340,11,25,5,229,15,15
1700855400,11,25,5,230,15,15
1700855460,11,25,5,231,15,15
1700855520,11,25,5,232,15,15
1700855580,11,25,5,233,15,15
1700855640,11,25,5,234,15,15
1700855700,11,25,5,235,15,15
1700855760,11,25,5,236,15,15
1700855820,11,25,5,237,15,15
1700855880,11,25,5,238,15,15
1700855940,11,25,5,239,15,15
1700856000,11,25,5,240,15,15
1700856060,11,25,5,241,15,15
1700856120,11,25,5,242,15,15
1700856180,11,25,5,243,15,15
1700856240,11,25,5,244,15,15
1700856300,11,25,5,245,15,15
1700856360,11,25,5,246,15,15
1700856420,11,25,5,247,15,15
1700856480,11,25,5,248,15,15
1700856540,11,25,5,249,15,15
1700856600,11,25,5,250,15,15
1700856660,11,25,5,251,15,15
1700856720,11,25,5,252,15,14
1700856780,11,25,5,253,15,14
1700856840,11,25,5,254,15,15
1700856900,11,25,5,255,15,15
1700856960,11,25,5,256,15,15
1700857020,11,25,5,257,15,15
1700857080,11,25,5,258,15,15
1700857140,11,25,5,259,15,15
1700857260,11,25,5,261,15,15
1700857320,11,25,5,262,15,15
1700857380,11,25,5,263,15,15
1700857440,11,25,5,264,15,15
1700857500,11,25,5,265,15,15
1700857560,11,25,5,266,15,15
1700857620,11,25,5,267,15,15
1700857680,11,25,5,268,15,15
1700857740,11,25,5,269,15,15
1700857800,11,25,5,270,15,15
1700857860,11,25,5,271,15,15
1700857920,11,25,5,272,15,15
1700857980,11,25,5,273,15,15
1700858040,11,25,5,274,15,15
1700858100,11,25,5,275,15,15
1700858160,11,25,5,276,15,15
1700858280,11,25,5,278,15,15
1700858340,11,25,5,279,15,15
1700858400,11,25,5,280,15,15
1700858460,11,25,5,281,15,15
1700858520,11,25,5,282,15,15
1700858580,11,25,5,283,15,15
1700858640,11,25,5,284,15,15
1700858700,11,25,5,285,15,15
1700858760,11,25,5,286,15,15
1700858820,11,25,5,287,15,14
1700858880,11,25,5,288,15,14
1700858940,11,25,5,289,15,14
1700859000,11,25,5,290,15,14
1700859060,11,25,5,291,15,14
1700859120,11,25,5,292,15,14
1700859180,11,25,5,293,15,14
1700859240,11,25,5,294,15,14
1700859300,11,25,5,295,15,14
1700859360,11,25,5,296,15,14
1700859420,11,25,5,297,15,14
1700859480,11,25,5,298,15,14
1700859540,11,25,5,299,15,15
1700859600,11,25,5,300,15,15
1700859660,11,25,5,301,15,15
1700859720,11,25,5,302,15,15
1700859780,11,25,5,303,15,15
1700859840,11,25,5,304,15,15
1700859900,11,25,5,305,15,15
1700859960,11,25,5,306,15,15
1700860020,11,25,5,307,15,15
1700860080,11,25,5,308,15,15
1700860140,11,25,5,309,15,15
1700860200,11,25,5,310,15,15
1700860260,11,25,5,311,15,15
1700860320,11,25,5,312,15,15
1700860380,11,25,5,313,15,15
1700860440,11,25,5,314,15,14
1700860500,11,25,5,315,15,14
1700860560,11,25,5,316,15,14
1700860620,11,25,5,317,15,14
1700860680,11,25,5,318,15,14
1700860740,11,25,5,319,15,14
1700860860,11,25,5,321,15,14
1700860920,11,25,5,322,15,14
1700860980,11,25,5,323,15,14
1700861040,11,25,5,324,15,13
1700861100,11,25,5,325,15,13
1700861160,11,25,5,326,15,13
1700861220,11,25,5,327,15,13
1700861280,11,25,5,328,15,13
1700861340,11,25,5,329,15,13
1700861400,11,25,5,330,15,13
1700861460,11,25,5,331,15,13
1700861520,11,25,5,332,15,13
1700861580,11,25,5,333,15,13
1700861640,11,25,5,334,15,13
1700861700,11,25,5,335,15,13
1700861760,11,25,5,336,15,13
1700861820,11,25,5,337,15,13
1700861880,11,25,5,338,15,13
1700861940,11,25,5,339,15,13
1700862000,11,25,5,340,15,13
1700862060,11,25,5,341,15,13
1700862120,11,25,5,342,15,13
1700862180,11,25,5,343,15,13
1700862240,11,25,5,344,15,13
1700862300,11,25,5,345,15,13
1700862360,11,25,5,346,15,13
1700862420,11,25,5,347,15,13
1700862480,11,25,5,348,15,13
1700862540,11,25,5,349,15,13
1700862600,11,25,5,350,15,13
1700862660,11,25,5,351,15,13
1700862720,11,25,5,352,15,13
1700862780,11,25,5,353,15,13
1700862840,11,25,5,354,15,13
1700862960,11,25,5,356,15,13
1700863020,11,25,5,357,15,13
1700863080,11,25,5,358,15,13
1700863140,11,25,5,359,15,13
1700863200,11,25,5,360,15,13
1700863260,11,25,5,361,15,14
1700863320,11,25,5,362,15,14
1700863380,11,25,5,363,15,14
1700863440,11,25,5,364,15,14
1700863500,11,25,5,365,15,14
1700863560,11,25,5,366,15,14
1700863620,11,25,5,367,15,14
1700863680,11,25,5,368,15,14
1700863740,11,25,5,369,15,14
1700863800,11,25,5,370,15,14
1700863860,11,25,5,371,15,14
1700863920,11,25,5,372,15,14
1700863980,11,25,5,373,15,14
1700864040,11,25,5,374,15,14
1700864100,11,25,5,375,15,14
1700864160,11,25,5,376,15,14
1700864220,11,25,5,377,15,14
1700864280,11,25,5,378,15,14
1700864340,11,25,5,379,15,14
1700864460,11,25,5,381,15,14
1700864520,11,25,5,382,15,14
1700864580,11,25,5,383,15,14
1700864640,11,25,5,384,15,14
1700864700,11,25,5,385,15,14
1700864760,11,25,5,386,15,14
1700864820,11,25,5,387,15,15
1700864880,11,25,5,388,15,15
1700864940,11,25,5,389,15,15
1700865000,11,25,5,390,15,15
1700865060,11,25,5,391,15,15
1700865120,11,25,5,392,15,15
1700865180,11,25,5,393,15,15
1700865240,11,25,5,394,15,15
1700865300,11,25,5,395,15,15
1700865360,11,25,5,396,15,15
1700865420,11,25,5,397,15,15
1700865480,11,25,5,398,15,15
1700865540,11,25,5,399,15,15
1700865600,11,25,5,400,15,15
1700865660,11,25,5,401,15,15
1700865720,11,25,5,402,15,15
1700865780,11,25,5,403,15,15
1700865840,11,25,5,404,15,15
1700865900,11,25,5,405,15,15
1700865960,11,25,5,406,15,15
1700866020,11,25,5,407,15,15
1700866080,11,25,5,408,15,15
1700866140,11,25,5,409,15,15
1700866200,11,25,5,410,15,15
1700866260,11,25,5,411,15,15
1700866320,11,25,5,412,15,15
1700866380,11,25,5,413,15,15
1700866440,11,25,5,414,15,15
1700866500,11,25,5,415,15,15
1700866560,11,25,5,416,15,15
1700866620,11,25,5,417,15,15
1700866680,11,25,5,418,15,15
1700866740,11,25,5,419,15,15
1700866860,11,25,5,421,15,15
1700866920,11,25,5,422,15,15
1700866980,11,25,5,423,15,15
1700867040,11,25,5,424,15,15
1700867100,11,25,5,425,15,15
1700867160,11,25,5,426,15,15
1700867220,11,25,5,427,15,15
1700867280,11,25,5,428,15,15
1700867340,11,25,5,429,15,15
1700867400,11,25,5,430,15,15
1700867460,11,25,5,431,15,15
1700867580,11,25,5,433,15,15
1700867640,11,25,5,434,15,15
1700867700,11,25,5,435,15,15
1700867760,11,25,5,436,15,15
1700867820,11,25,5,437,15,15
1700867880,11,25,5,438,15,15
1700867940,11,25,5,439,15,15
1700868060,11,25,5,441,15,15
1700868120,11,25,5,442,15,15
1700868180,11,25,5,443,15,15
1700868240,11,25,5,444,15,15
1700868300,11,25,5,445,15,15
1700868360,11,25,5,446,15,15
1700868420,11,25,5,447,15,15
1700868480,11,25,5,448,15,15
1700868540,11,25,5,449,15,15
1700868600,11,25,5,450,15,15
1700868660,11,25,5,451,15,14
1700868720,11,25,5,452,15,14
1700868780,11,25,5,453,15,14
1700868840,11,25,5,454,15,14
1700868900,11,25,5,455,15,14
1700868960,11,25,5,456,15,14
1700869020,11,25,5,457,15,14
1700869080,11,25,5,458,15,14
1700869140,11,25,5,459,15,14
1700869200,11,25,5,460,15,14
1700869260,11,25,5,461,15,14
1700869320,11,25,5,462,15,14
1700869380,11,25,5,463,15,14
1700869440,11,25,5,464,15,14
1700869500,11,25,5,465,15,14
1700869560,11,25,5,466,15,14
1700869620,11,25,5,467,15,14
1700869680,11,25,5,468,15,14
1700869740,11,25,5,469,15,14
1700869800,11,25,5,470,15,14
1700869860,11,25,5,471,15,14
1700869920,11,25,5,472,15,14
1700869980,11,25,5,473,15,14
1700870040,11,25,5,474,15,13
1700870100,11,25,5,475,15,13
1700870160,11,25,5,476,15,13
1700870220,11,25,5,477,15,13
1700870280,11,25,5,478,15,13
1700870340,11,25,5,479,15,13
1700870400,11,25,5,480,15,13
1700870520,11,25,5,482,15,13
1700870580,11,25,5,483,15,13
1700870640,11,25,5,484,15,13
1700870700,11,25,5,485,15,13
1700870760,11,25,5,486,15,13
1700870820,11,25,5,487,15,13
1700870880,11,25,5,488,15,13
1700870940,11,25,5,489,15,13
1700871000,11,25,5,490,15,13
1700871060,11,25,5,491,15,12
1700871120,11,25,5,492,15,12
1700871180,11,25,5,493,15,12
1700871240,11,25,5,494,15,12
1700871300,11,25,5,495,15,12
1700871360,11,25,5,496,15,12
1700871420,11,25,5,497,15,12
1700871480,11,25,5,498,15,12
1700871540,11,25,5,499,15,12
1700871660,11,25,5,501,15,12
1700871720,11,25,5,502,15,13
1700871780,11,25,5,503,15,13
1700871840,11,25,5,504,15,13
1700871900,11,25,5,505,15,13
1700871960,11,25,5,506,15,13
1700872020,11,25,5,507,15,13
1700872080,11,25,5,508,15,13
1700872140,11,25,5,509,15,13
1700872260,11,25,5,511,15,13
1700872320,11,25,5,512,15,12
1700872380,11,25,5,513,15,12
1700872440,11,25,5,514,15,12
1700872500,11,25,5,515,15,12
1700872560,11,25,5,516,15,11
1700872620,11,25,5,517,15,10
1700872680,11,25,5,518,15,10
1700872740,11,25,5,519,15,10
1700872800,11,25,5,520,15,10
1700872860,11,25,5,521,15,10
1700872920,11,25,5,522,15,10
1700872980,11,25,5,523,15,10
1700873040,11,25,5,524,15,10
1700873100,11,25,5,525,15,9
1700873160,11,25,5,526,15,9
1700873220,11,25,5,527,15,9
1700873280,11,25,5,528,15,9
1700873340,11,25,5,529,15,9
1700873400,11,25,5,530,15,9
1700873460,11,25,5,531,15,9
1700873520,11,25,5,532,15,9
1700873580,11,25,5,533,15,9
1700873640,11,25,5,534,15,9
1700873700,11,25,5,535,15,9
1700873760,11,25,5,536,15,9
1700873820,11,25,5,537,15,9
1700873880,11,25,5,538,15,8
1700873940,11,25,5,539,15,8
1700874060,11,25,5,541,15,8
1700874120,11,25,5,542,15,8
1700874180,11,25,5,543,15,7
1700874240,11,25,5,544,15,6
1700874300,11,25,5,545,15,6
1700874360,11,25,5,546,15,6
1700874420,11,25,5,547,15,6
1700874480,11,25,5,548,15,6
1700874540,11,25,5,549,15,6
1700874600,11,25,5,550,15,6
1700874660,11,25,5,551,15,6
1700874720,11,25,5,552,15,6
1700874780,11,25,5,553,15,6
1700874840,11,25,5,554,15,6
1700874900,11,25,5,555,15,6
1700874960,11,25,5,556,15,6
1700875020,11,25,5,557,15,6
1700875080,11,25,5,558,15,5
1700875140,11,25,5,559,15,5
1700875260,11,25,5,561,15,4
1700875320,11,25,5,562,15,4
1700875380,11,25,5,563,15,4
1700875440,11,25,5,564,15,4
1700875500,11,25,5,565,15,3
1700875560,11,25,5,566,15,3
1700875620,11,25,5,567,15,3
1700875680,11,25,5,568,15,2
1700875740,11,25,5,569,15,3
1700875860,11,25,5,571,15,3
1700875920,11,25,5,572,15,3
1700875980,11,25,5,573,15,2
1700876040,11,25,5,574,15,2
1700876100,11,25,5,575,15,2
1700876160,11,25,5,576,15,2
1700876220,11,25,5,577,15,2
1700876280,11,25,5,578,15,1
1700876340,11,25,5,579,15,1
1700876400,11,25,5,580,15,1
1700876460,11,25,5,581,15,1
1700876520,11,25,5,582,15,2
1700876580,11,25,5,583,15,1
1700876640,11,25,5,584,15,0
1700876700,11,25,5,585,15,0
1700876760,11,25,5,586,15,0
1700876820,11,25,5,587,15,0
1700876880,11,25,5,588,15,0
1700876940,11,25,5,589,15,0
1700877000,11,25,5,590,15,0
1700877060,11,25,5,591,15,0
1700877120,11,25,5,592,15,0
1700877180,11,25,5,593,15,0
1700877240,11,25,5,594,15,0
1700877300,11,25,5,595,15,0
1700877360,11,25,5,596,15,0
1700877420,11,25,5,597,15,0
1700877480,11,25,5,598,15,0
1700877540,11,25,5,599,15,0
1700877660,11,25,5,601,15,0
1700877720,11,25,5,602,15,0
1700877780,11,25,5,603,15,0
1700877840,11,25,5,604,15,0
1700877900,11,25,5,605,15,0
1700877960,11,25,5,606,15,0
1700878020,11,25,5,607,15,0
1700878440,11,25,5,614,15,0
1700878500,11,25,5,615,15,0
1700878560,11,25,5,616,15,0
1700878620,11,25,5,617,15,0
1700878680,11,25,5,618,15,0
1700878740,11,25,5,619,15,0
1700878860,11,25,5,621,15,0
1700878920,11,25,5,622,15,0
1700878980,11,25,5,623,15,0
1700879040,11,25,5,624,15,0
1700879100,11,25,5,625,15,0
1700879160,11,25,5,626,15,0
1700879220,11,25,5,627,15,0
1700879280,11,25,5,628,15,0
1700879340,11,25,5,629,15,0
1700879460,11,25,5,631,15,0
1700879520,11,25,5,632,15,0
1700879580,11,25,5,633,15,0
1700879640,11,25,5,634,15,0
1700879700,11,25,5,635,15,0
1700879760,11,25,5,636,15,2
1700879820,11,25,5,637,15,2
1700879880,11,25,5,638,15,2
1700879940,11,25,5,639,15,2
1700880000,11,25,5,640,15,2
1700880060,11,25,5,641,15,2
1700880120,11,25,5,642,15,1
1700880180,11,25,5,643,15,1
1700880240,11,25,5,644,15,0
1700880300,11,25,5,645,15,0
1700880360,11,25,5,646,15,0
1700880420,11,25,5,647,15,0
1700880480,11,25,5,648,15,0
1700880540,11,25,5,649,15,0
1700880600,11,25,5,650,15,0
1700880660,11,25,5,651,15,0
1700880720,11,25,5,652,15,0
1700880780,11,25,5,653,15,0
1700880840,11,25,5,654,15,0
1700880900,11,25,5,655,15,0
1700880960,11,25,5,656,15,0
1700881020,11,25,5,657,15,0
1700881080,11,25,5,658,15,0
1700881140,11,25,5,659,15,0
1700881260,11,25,5,661,15,0
1700881320,11,25,5,662,15,0
1700881380,11,25,5,663,15,0
1700881440,11,25,5,664,15,0
1700881500,11,25,5,665,15,0
1700881560,11,25,5,666,15,0
1700881620,11,25,5,667,15,0
1700881680,11,25,5,668,15,0
1700881740,11,25,5,669,15,0
1700881860,11,25,5,671,15,0
1700881920,11,25,5,672,15,0
1700881980,11,25,5,673,15,1
1700882040,11,25,5,674,15,1
1700882100,11,25,5,675,15,0
1700882160,11,25,5,676,15,0
1700882220,11,25,5,677,15,0
1700882280,11,25,5,678,15,0
1700882340,11,25,5,679,15,0
1700882460,11,25,5,681,15,1
1700882520,11,25,5,682,15,1
1700882580,11,25,5,683,15,0
1700882640,11,25,5,684,15,0
1700882700,11,25,5,685,15,0
1700882760,11,25,5,686,15,0
1700882820,11,25,5,687,15,0
1700882880,11,25,5,688,15,0
1700882940,11,25,5,689,15,0
1700883000,11,25,5,690,15,0
1700883120,11,25,5,692,15,0
1700883180,11,25,5,693,15,0
1700883240,11,25,5,694,15,0
1700883300,11,25,5,695,15,0
1700883360,11,25,5,696,15,0
1700883420,11,25,5,697,15,0
1700883480,11,25,5,698,15,0
1700883540,11,25,5,699,15,0
1700883660,11,25,5,701,15,0
1700883720,11,25,5,702,15,0
1700883780,11,25,5,703,15,0
1700883840,11,25,5,704,15,0
1700883900,11,25,5,705,15,0
1700883960,11,25,5,706,15,0
1700884020,11,25,5,707,15,0
1700884080,11,25,5,708,15,0
1700884140,11,25,5,709,15,0
1700884260,11,25,5,711,15,0
1700884320,11,25,5,712,15,0
1700884380,11,25,5,713,15,0
1700884440,11,25,5,714,15,0
1700884500,11,25,5,715,15,0
1700884560,11,25,5,716,15,0
1700884620,11,25,5,717,15,0
1700884680,11,25,5,718,15,0
1700884740,11,25,5,719,15,0
1700884860,11,25,5,721,15,0
1700884920,11,25,5,722,15,0
1700884980,11,25,5,723,15,1
1700885040,11,25,5,724,15,3
1700885100,11,25,5,725,15,3
1700885160,11,25,5,726,15,3
1700885220,11,25,5,727,15,3
1700885280,11,25,5,728,15,1
1700885340,11,25,5,729,15,0
1700885460,11,25,5,731,15,0
1700885520,11,25,5,732,15,0
1700885580,11,25,5,733,15,0
1700885640,11,25,5,734,15,2
1700885700,11,25,5,735,15,0
1700885760,11,25,5,736,15,0
1700885820,11,25,5,737,15,0
1700885880,11,25,5,738,15,0
1700885940,11,25,5,739,15,0
1700886060,11,25,5,741,15,0
1700886120,11,25,5,742,15,0
1700886180,11,25,5,743,15,0
1700886240,11,25,5,744,15,0
1700886300,11,25,5,745,15,0
1700886360,11,25,5,746,15,0
1700886420,11,25,5,747,15,0
1700886480,11,25,5,748,15,0
1700886540,11,25,5,749,15,0
1700886660,11,25,5,751,15,0
1700886720,11,25,5,752,15,0
1700886780,11,25,5,753,15,0
1700886840,11,25,5,754,15,1
1700886900,11,25,5,755,15,0
1700886960,11,25,5,756,15,0
1700887020,11,25,5,757,15,1
1700887080,11,25,5,758,15,0
1700887140,11,25,5,759,15,0
1700887200,11,25,5,760,15,0
1700887260,11,25,5,761,15,0
1700887320,11,25,5,762,15,0
1700887380,11,25,5,763,15,0
1700887440,11,25,5,764,15,0
1700887500,11,25,5,765,15,0
1700887560,11,25,5,766,15,0
1700887620,11,25,5,767,15,0
1700887680,11,25,5,768,15,0
1700887740,11,25,5,769,15,0
1700887800,11,25,5,770,15,0
1700887860,11,25,5,771,15,0
1700887920,11,25,5,772,15,0
1700887980,11,25,5,773,15,0
1700888040,11,25,5,774,15,1
1700888100,11,25,5,775,15,1
1700888160,11,25,5,776,15,1
1700888220,11,25,5,777,15,2
1700888280,11,25,5,778,15,2
1700888340,11,25,5,779,15,3
1700888460,11,25,5,781,15,0
1700888520,11,25,5,782,15,0
1700888580,11,25,5,783,15,0
1700888640,11,25,5,784,15,0
1700888700,11,25,5,785,15,0
1700888760,11,25,5,786,15,0
1700888820,11,25,5,787,15,0
1700888880,11,25,5,788,15,0
1700888940,11,25,5,789,15,0
1700889000,11,25,5,790,15,0
1700889060,11,25,5,791,15,0
1700889120,11,25,5,792,15,0
1700889180,11,25,5,793,15,0
1700889240,11,25,5,794,15,0
1700889300,11,25,5,795,15,0
1700889360,11,25,5,796,15,1
1700889420,11,25,5,797,15,1
1700889480,11,25,5,798,15,1
1700889540,11,25,5,799,15,1
1700889660,11,25,5,801,15,0
1700889720,11,25,5,802,15,0
1700889780,11,25,5,803,15,0
1700889840,11,25,5,804,15,0
1700889900,11,25,5,805,15,1
1700889960,11,25,5,806,15,1
1700890020,11,25,5,807,15,1
1700890080,11,25,5,808,15,1
1700890140,11,25,5,809,15,0
1700890260,11,25,5,811,15,0
1700890320,11,25,5,812,15,0
1700890380,11,25,5,813,15,0
1700890440,11,25,5,814,15,0
1700890500,11,25,5,815,15,0
1700890560,11,25,5,816,15,0
1700890620,11,25,5,817,15,0
1700890680,11,25,5,818,15,1
1700890740,11,25,5,819,15,1
1700890800,11,25,5,820,15,1
1700890860,11,25,5,821,15,0
1700890920,11,25,5,822,15,0
1700890980,11,25,5,823,15,0
1700891040,11,25,5,824,15,0
1700891100,11,25,5,825,15,1
1700891160,11,25,5,826,15,1
1700891220,11,25,5,827,15,1
1700891280,11,25,5,828,15,0
1700891340,11,25,5,829,15,0
1700891400,11,25,5,830,15,0
1700891460,11,25,5,831,15,0
1700891520,11,25,5,832,15,0
1700891580,11,25,5,833,15,0
1700891640,11,25,5,834,15,0
1700891700,11,25,5,835,15,0
1700891760,11,25,5,836,15,0
1700891820,11,25,5,837,15,0
1700891880,11,25,5,838,15,0
1700891940,11,25,5,839,15,0
1700892060,11,25,5,841,15,0
1700892120,11,25,5,842,15,1
1700892180,11,25,5,843,15,1
1700892240,11,25,5,844,15,1
1700892300,11,25,5,845,15,1
1700892360,11,25,5,846,15,1
1700892420,11,25,5,847,15,1
1700892480,11,25,5,848,15,0
1700892540,11,25,5,849,15,0
1700892600,11,25,5,850,15,0
1700892660,11,25,5,851,15,0
1700892720,11,25,5,852,15,0
1700892780,11,25,5,853,15,0
1700892840,11,25,5,854,15,0
1700892900,11,25,5,855,15,0
1700892960,11,25,5,856,15,0
1700893020,11,25,5,857,15,0
1700893080,11,25,5,858,15,0
1700893140,11,25,5,859,15,0
1700893260,11,25,5,861,15,0
1700893320,11,25,5,862,15,1
1700893380,11,25,5,863,15,1
1700893440,11,25,5,864,15,1
1700893500,11,25,5,865,15,0
1700893560,11,25,5,866,15,0
1700893620,11,25,5,867,15,0
1700893680,11,25,5,868,15,0
1700893740,11,25,5,869,15,0
1700893860,11,25,5,871,15,0
1700893920,11,25,5,872,15,1
1700893980,11,25,5,873,15,1
1700894040,11,25,5,874,15,1
1700894100,11,25,5,875,15,2
1700894160,11,25,5,876,15,2
1700894220,11,25,5,877,15,2
1700894280,11,25,5,878,15,2
1700894340,11,25,5,879,15,1
1700894460,11,25,5,881,15,1
1700894520,11,25,5,882,15,1
1700894580,11,25,5,883,15,1
1700894640,11,25,5,884,15,1
1700894700,11,25,5,885,15,1
1700894760,11,25,5,886,15,1
1700894820,11,25,5,887,15,1
1700894880,11,25,5,888,15,1
1700894940,11,25,5,889,15,1
1700895060,11,25,5,891,15,0
1700895120,11,25,5,892,15,0
1700895180,11,25,5,893,15,0
1700895240,11,25,5,894,15,0
1700895300,11,25,5,895,15,0
1700895360,11,25,5,896,15,0
1700895420,11,25,5,897,15,0
1700895480,11,25,5,898,15,0
1700895540,11,25,5,899,15,0
1700895660,11,25,5,901,15,0
1700895720,11,25,5,902,15,0
1700895780,11,25,5,903,15,0
1700895840,11,25,5,904,15,0
1700895900,11,25,5,905,15,0
1700895960,11,25,5,906,15,0
1700896020,11,25,5,907,15,0
1700896080,11,25,5,908,15,0
1700896140,11,25,5,909,15,0
1700896260,11,25,5,911,15,0
1700896320,11,25,5,912,15,0
1700896380,11,25,5,913,15,0
1700896440,11,25,5,914,15,1
1700896500,11,25,5,915,15,1
1700896560,11,25,5,916,15,0
1700896620,11,25,5,917,15,0
1700896680,11,25,5,918,15,1
1700896740,11,25,5,919,15,4
1700896860,11,25,5,921,15,4
1700896920,11,25,5,922,15,4
1700896980,11,25,5,923,15,3
1700897040,11,25,5,924,15,3
1700897100,11,25,5,925,15,4
1700897160,11,25,5,926,15,4
1700897220,11,25,5,927,15,3
1700897280,11,25,5,928,15,3
1700897340,11,25,5,929,15,3
1700897460,11,25,5,931,15,0
1700897520,11,25,5,932,15,0
1700897580,11,25,5,933,15,0
1700897640,11,25,5,934,15,0
1700897700,11,25,5,935,15,0
1700897760,11,25,5,936,15,4
1700897820,11,25,5,937,15,4
1700897880,11,25,5,938,15,4
1700897940,11,25,5,939,15,3
1700898060,11,25,5,941,15,3
1700898120,11,25,5,942,15,4
1700898180,11,25,5,943,15,4
1700898240,11,25,5,944,15,4
1700898300,11,25,5,945,15,4
1700898360,11,25,5,946,15,4
1700898420,11,25,5,947,15,4
1700898480,11,25,5,948,15,4
1700898540,11,25,5,949,15,4
1700898660,11,25,5,951,15,3
1700898720,11,25,5,952,15,3
1700898780,11,25,5,953,15,3
1700898840,11,25,5,954,15,3
1700898900,11,25,5,955,15,3
1700898960,11,25,5,956,15,2
1700899020,11,25,5,957,15,3
1700899080,11,25,5,958,15,3
1700899140,11,25,5,959,15,3
1700899260,11,25,5,961,15,3
1700899320,11,25,5,962,15,3
1700899380,11,25,5,963,15,1
1700899440,11,25,5,964,15,1
1700899500,11,25,5,965,15,2
1700899560,11,25,5,966,15,2
1700899620,11,25,5,967,15,2
1700899680,11,25,5,968,15,2
1700899740,11,25,5,969,15,2
1700899860,11,25,5,971,15,2
1700899920,11,25,5,972,15,3
1700899980,11,25,5,973,15,6
1700900040,11,25,5,974,15,6
1700900100,11,25,5,975,15,6
1700900160,11,25,5,976,15,6
1700900220,11,25,5,977,15,6
1700900280,11,25,5,978,15,6
1700900340,11,25,5,979,15,7
1700900460,11,25,5,981,15,7
1700900520,11,25,5,982,15,7
1700900580,11,25,5,983,15,7
1700900640,11,25,5,984,15,7
1700900700,11,25,5,985,15,7
1700900760,11,25,5,986,15,7
1700900820,11,25,5,987,15,7
1700900880,11,25,5,988,15,7
1700900940,11,25,5,989,15,8
1700901060,11,25,5,991,15,8
1700901120,11,25,5,992,15,8
1700901180,11,25,5,993,15,8
1700901240,11,25,5,994,15,8
1700901300,11,25,5,995,15,8
1700901360,11,25,5,996,15,8
1700901420,11,25,5,997,15,7
1700901480,11,25,5,998,15,5
1700901540,11,25,5,999,15,5
1700901600,11,25,5,1000,15,5
1700901660,11,25,5,1001,15,5
1700901720,11,25,5,1002,15,5
1700901780,11,25,5,1003,15,6
1700901840,11,25,5,1004,15,5
1700901900,11,25,5,1005,15,5
1700901960,11,25,5,1006,15,4
1700902020,11,25,5,1007,15,4
1700902080,11,25,5,1008,15,4
1700902140,11,25,5,1009,15,4
1700902200,11,25,5,1010,15,4
1700902260,11,25,5,1011,15,4
1700902320,11,25,5,1012,15,4
1700902380,11,25,5,1013,15,3
1700902440,11,25,5,1014,15,3
1700902500,11,25,5,1015,15,3
1700902560,11,25,5,1016,15,3
1700902620,11,25,5,1017,15,3
1700902680,11,25,5,1018,15,4
1700902740,11,25,5,1019,15,4
1700902860,11,25,5,1021,15,2
1700902920,11,25,5,1022,15,2
1700902980,11,25,5,1023,15,2
1700903040,11,25,5,1024,15,2
1700903100,11,25,5,1025,15,2
1700903160,11,25,5,1026,15,2
1700903220,11,25,5,1027,15,2
1700903280,11,25,5,1028,15,2
1700903340,11,25,5,1029,15,2
1700903400,11,25,5,1030,15,2
1700903460,11,25,5,1031,15,2
1700903520,11,25,5,1032,15,2
1700903580,11,25,5,1033,15,2
1700903640,11,25,5,1034,15,2
1700903700,11,25,5,1035,15,5
1700903760,11,25,5,1036,15,5
1700903820,11,25,5,1037,15,5
1700903880,11,25,5,1038,15,5
1700903940,11,25,5,1039,15,5
1700904060,11,25,5,1041,15,5
1700904120,11,25,5,1042,15,5
1700904180,11,25,5,1043,15,5
1700904240,11,25,5,1044,15,5
1700904300,11,25,5,1045,15,4
1700904360,11,25,5,1046,15,4
1700904420,11,25,5,1047,15,4
1700904480,11,25,5,1048,15,3
1700904540,11,25,5,1049,15,0
1700904660,11,25,5,1051,15,0
1700904720,11,25,5,1052,15,1
1700904780,11,25,5,1053,15,0
1700904840,11,25,5,1054,15,0
1700904900,11,25,5,1055,15,0
1700904960,11,25,5,1056,15,0
1700905020,11,25,5,1057,15,0
1700905080,11,25,5,1058,15,0
1700905140,11,25,5,1059,15,0
1700905200,11,25,5,1060,15,0
1700905260,11,25,5,1061,15,0
1700905320,11,25,5,1062,15,2
1700905380,11,25,5,1063,15,1
1700905440,11,25,5,1064,15,0
1700905500,11,25,5,1065,15,0
1700905560,11,25,5,1066,15,0
1700905620,11,25,5,1067,15,0
1700905680,11,25,5,1068,15,0
1700905740,11,25,5,1069,15,0
1700905800,11,25,5,1070,15,0
1700905860,11,25,5,1071,15,0
1700905920,11,25,5,1072,15,0
1700905980,11,25,5,1073,15,0
1700906040,11,25,5,1074,15,0
1700906100,11,25,5,1075,15,0
1700906160,11,25,5,1076,15,0
1700906220,11,25,5,1077,15,0
1700906280,11,25,5,1078,15,0
1700906340,11,25,5,1079,15,0
1700906460,11,25,5,1081,15,0
1700906520,11,25,5,1082,15,0
1700906580,11,25,5,1083,15,0
1700906640,11,25,5,1084,15,0
1700906700,11,25,5,1085,15,0
1700906760,11,25,5,1086,15,3
1700906820,11,25,5,1087,15,2
1700906880,11,25,5,1088,15,3
1700906940,11,25,5,1089,15,4
1700907000,11,25,5,1090,15,3
1700907060,11,25,5,1091,15,2
1700907120,11,25,5,1092,15,2
1700907180,11,25,5,1093,15,1
1700907240,11,25,5,1094,15,1
1700907300,11,25,5,1095,15,2
1700907360,11,25,5,1096,15,1
1700907420,11,25,5,1097,15,1
1700907480,11,25,5,1098,15,1
1700907540,11,25,5,1099,15,1
1700907660,11,25,5,1101,15,1
1700907720,11,25,5,1102,15,0
1700907780,11,25,5,1103,15,0
1700907840,11,25,5,1104,15,0
1700907900,11,25,5,1105,15,0
1700907960,11,25,5,1106,15,0
1700908020,11,25,5,1107,15,0
1700908080,11,25,5,1108,15,0
1700908140,11,25,5,1109,15,0
1700908260,11,25,5,1111,15,0
1700908320,11,25,5,1112,15,0
1700908380,11,25,5,1113,15,0
1700908440,11,25,5,1114,15,0
1700908500,11,25,5,1115,15,0
1700908560,11,25,5,1116,15,1
1700908620,11,25,5,1117,15,2
1700908680,11,25,5,1118,15,2
1700908740,11,25,5,1119,15,3
1700908800,11,25,5,1120,15,3
1700908860,11,25,5,1121,15,2
1700908920,11,25,5,1122,15,1
1700908980,11,25,5,1123,15,0
1700909040,11,25,5,1124,15,0
1700909100,11,25,5,1125,15,0
1700909160,11,25,5,1126,15,0
1700909220,11,25,5,1127,15,0
1700909280,11,25,5,1128,15,0
1700909340,11,25,5,1129,15,0
1700909400,11,25,5,1130,15,0
1700909460,11,25,5,1131,15,0
1700909520,11,25,5,1132,15,1
1700909580,11,25,5,1133,15,1
1700909640,11,25,5,1134,15,0
1700909700,11,25,5,1135,15,0
1700909760,11,25,5,1136,15,0
1700909820,11,25,5,1137,15,0
1700909880,11,25,5,1138,15,0
1700909940,11,25,5,1139,15,0
1700910060,11,25,5,1141,15,0
1700910120,11,25,5,1142,15,1
1700910240,11,25,5,1144,15,0
1700910300,11,25,5,1145,15,1
1700910360,11,25,5,1146,15,1
1700910420,11,25,5,1147,15,1
1700910480,11,25,5,1148,15,1
1700910540,11,25,5,1149,15,1
1700910660,11,25,5,1151,15,1
1700910720,11,25,5,1152,15,1
1700910780,11,25,5,1153,15,1
1700910840,11,25,5,1154,15,1
1700910900,11,25,5,1155,15,3
1700910960,11,25,5,1156,15,3
1700911020,11,25,5,1157,15,3
1700911080,11,25,5,1158,15,4
1700911140,11,25,5,1159,15,3
1700911260,11,25,5,1161,15,2
1700911320,11,25,5,1162,15,0
1700911380,11,25,5,1163,15,0
1700911440,11,25,5,1164,15,0
1700911500,11,25,5,1165,15,0
1700911560,11,25,5,1166,15,0
1700911620,11,25,5,1167,15,0
1700911680,11,25,5,1168,15,0
1700911740,11,25,5,1169,15,0
1700911860,11,25,5,1171,15,2
1700911920,11,25,5,1172,15,0
1700911980,11,25,5,1173,15,0
1700912040,11,25,5,1174,15,0
1700912100,11,25,5,1175,15,0
1700912160,11,25,5,1176,15,0
1700912220,11,25,5,1177,15,0
1700912280,11,25,5,1178,15,0
1700912340,11,25,5,1179,15,0
1700912460,11,25,5,1181,15,0
1700912520,11,25,5,1182,15,0
1700912580,11,25,5,1183,15,0
1700912640,11,25,5,1184,15,0
1700912700,11,25,5,1185,15,0
1700912760,11,25,5,1186,15,0
1700912820,11,25,5,1187,15,0
1700912880,11,25,5,1188,15,0
1700912940,11,25,5,1189,15,1
1700913060,11,25,5,1191,15,1
1700913120,11,25,5,1192,15,1
1700913180,11,25,5,1193,15,1
1700913240,11,25,5,1194,15,1
1700913300,11,25,5,1195,15,1
1700913360,11,25,5,1196,15,1
1700913420,11,25,5,1197,15,1
1700913480,11,25,5,1198,15,2
1700913540,11,25,5,1199,15,2
1700913660,11,25,5,1201,15,2
1700913720,11,25,5,1202,15,2
1700913780,11,25,5,1203,15,2
1700913840,11,25,5,1204,15,2
1700913900,11,25,5,1205,15,2
1700913960,11,25,5,1206,15,2
1700914020,11,25,5,1207,15,2
1700914080,11,25,5,1208,15,1
1700914140,11,25,5,1209,15,1
1700914260,11,25,5,1211,15,2
1700914320,11,25,5,1212,15,2
1700914380,11,25,5,1213,15,2
1700914440,11,25,5,1214,15,2
1700914500,11,25,5,1215,15,4
1700914560,11,25,5,1216,15,4
1700914620,11,25,5,1217,15,4
1700914680,11,25,5,1218,15,4
1700914740,11,25,5,1219,15,3
1700914860,11,25,5,1221,15,2
1700914920,11,25,5,1222,15,2
1700914980,11,25,5,1223,15,2
1700915040,11,25,5,1224,15,2
1700915100,11,25,5,1225,15,3
1700915160,11,25,5,1226,15,2
1700915220,11,25,5,1227,15,2
1700915280,11,25,5,1228,15,2
1700915340,11,25,5,1229,15,2
1700915460,11,25,5,1231,15,2
1700915520,11,25,5,1232,15,2
1700915580,11,25,5,1233,15,2
1700915640,11,25,5,1234,15,2
1700915700,11,25,5,1235,15,2
1700915760,11,25,5,1236,15,2
1700915820,11,25,5,1237,15,2
1700915880,11,25,5,1238,15,2
1700915940,11,25,5,1239,15,3
1700916060,11,25,5,1241,15,2
1700916120,11,25,5,1242,15,4
1700916180,11,25,5,1243,15,4
1700916240,11,25,5,1244,15,4
1700916300,11,25,5,1245,15,5
1700916360,11,25,5,1246,15,5
1700916420,11,25,5,1247,15,5
1700916480,11,25,5,1248,15,5
1700916540,11,25,5,1249,15,5
1700916660,11,25,5,1251,15,4
1700916720,11,25,5,1252,15,4
1700916780,11,25,5,1253,15,4
1700916840,11,25,5,1254,15,4
1700916900,11,25,5,1255,15,4
1700916960,11,25,5,1256,15,1
1700917020,11,25,5,1257,15,0
1700917140,11,25,5,1259,15,0
1700917260,11,25,5,1261,15,0
1700917320,11,25,5,1262,15,0
1700917380,11,25,5,1263,15,0
1700917440,11,25,5,1264,15,0
1700917500,11,25,5,1265,15,0
1700917560,11,25,5,1266,15,0
1700917620,11,25,5,1267,15,0
1700917680,11,25,5,1268,15,0
1700917740,11,25,5,1269,15,0
1700917800,11,25,5,1270,15,0
1700917860,11,25,5,1271,15,0
1700917920,11,25,5,1272,15,2
1700917980,11,25,5,1273,15,2
1700918040,11,25,5,1274,15,2
1700918100,11,25,5,1275,15,2
1700918160,11,25,5,1276,15,2
1700918220,11,25,5,1277,15,2
1700918280,11,25,5,1278,15,2
1700918340,11,25,5,1279,15,2
1700918460,11,25,5,1281,15,2
1700918520,11,25,5,1282,15,2
1700918580,11,25,5,1283,15,1
1700918640,11,25,5,1284,15,3
1700918700,11,25,5,1285,15,3
1700918760,11,25,5,1286,15,3
1700918820,11,25,5,1287,15,4
1700918880,11,25,5,1288,15,4
1700918940,11,25,5,1289,15,4
1700919060,11,25,5,1291,15,4
1700919120,11,25,5,1292,15,4
1700919180,11,25,5,1293,15,4
1700919240,11,25,5,1294,15,4
1700919300,11,25,5,1295,15,4
1700919360,11,25,5,1296,15,4
1700919420,11,25,5,1297,15,4
1700919480,11,25,5,1298,15,4
1700919540,11,25,5,1299,15,6
1700919600,11,25,5,1300,15,6
1700919660,11,25,5,1301,15,6
1700919720,11,25,5,1302,15,6
1700919780,11,25,5,1303,15,6
1700919840,11,25,5,1304,15,6
1700919900,11,25,5,1305,15,6
1700919960,11,25,5,1306,15,6
1700920020,11,25,5,1307,15,6
1700920080,11,25,5,1308,15,6
1700920140,11,25,5,1309,15,5
1700920200,11,25,5,1310,15,5
1700920260,11,25,5,1311,15,5
1700920320,11,25,5,1312,15,4
1700920380,11,25,5,1313,15,4
1700920440,11,25,5,1314,15,7
1700920500,11,25,5,1315,15,7
1700920560,11,25,5,1316,15,8
1700920620,11,25,5,1317,15,8
1700920680,11,25,5,1318,15,8
1700920740,11,25,5,1319,15,8
1700920800,11,25,5,1320,15,8
1700920920,11,25,5,1322,15,10
1700920980,11,25,5,1323,15,10
1700921040,11,25,5,1324,15,10
1700921100,11,25,5,1325,15,9
1700921160,11,25,5,1326,15,9
1700921220,11,25,5,1327,15,9
1700921280,11,25,5,1328,15,9
1700921340,11,25,5,1329,15,10
1700921400,11,25,5,1330,15,10
1700921460,11,25,5,1331,15,10
1700921520,11,25,5,1332,15,10
1700921580,11,25,5,1333,15,10
1700921640,11,25,5,1334,15,10
1700921700,11,25,5,1335,15,10
1700921760,11,25,5,1336,15,10
1700921820,11,25,5,1337,15,10
1700921880,11,25,5,1338,15,10
1700921940,11,25,5,1339,15,10
1700922060,11,25,5,1341,15,9
1700922120,11,25,5,1342,15,8
1700922180,11,25,5,1343,15,8
1700922240,11,25,5,1344,15,8
1700922300,11,25,5,1345,15,8
1700922360,11,25,5,1346,15,8
1700922420,11,25,5,1347,15,8
1700922480,11,25,5,1348,15,8
1700922540,11,25,5,1349,15,8
1700922600,11,25,5,1350,15,8
1700922660,11,25,5,1351,15,8
1700922720,11,25,5,1352,15,8
1700922780,11,25,5,1353,15,8
1700922840,11,25,5,1354,15,11
1700922900,11,25,5,1355,15,11
1700922960,11,25,5,1356,15,10
1700923020,11,25,5,1357,15,10
1700923080,11,25,5,1358,15,8
1700923140,11,25,5,1359,15,4
1700923200,11,25,5,1360,15,4
1700923260,11,25,5,1361,15,4
1700923320,11,25,5,1362,15,5
1700923380,11,25,5,1363,15,5
1700923440,11,25,5,1364,15,7
1700923500,11,25,5,1365,15,7
1700923560,11,25,5,1366,15,6
1700923620,11,25,5,1367,15,6
1700923680,11,25,5,1368,15,6
1700923740,11,25,5,1369,15,6
1700923800,11,25,5,1370,15,6
1700923860,11,25,5,1371,15,6
1700923920,11,25,5,1372,15,7
1700923980,11,25,5,1373,15,7
1700924040,11,25,5,1374,15,7
1700924100,11,25,5,1375,15,7
1700924160,11,25,5,1376,15,7
1700924220,11,25,5,1377,15,7
1700924280,11,25,5,1378,15,7
1700924340,11,25,5,1379,15,7
1700924460,11,25,5,1381,15,6
1700924520,11,25,5,1382,15,6
1700924580,11,25,5,1383,15,6
1700924640,11,25,5,1384,15,6
1700924700,11,25,5,1385,15,6
1700924760,11,25,5,1386,15,6
1700924820,11,25,5,1387,15,7
1700924880,11,25,5,1388,15,7
1700924940,11,25,5,1389,15,7
1700925000,11,25,5,1390,15,7
1700925060,11,25,5,1391,15,7
1700925120,11,25,5,1392,15,7
1700925180,11,25,5,1393,15,7
1700925240,11,25,5,1394,15,7
1700925300,11,25,5,1395,15,7
1700925360,11,25,5,1396,15,7
1700925420,11,25,5,1397,15,5
1700925480,11,25,5,1398,15,5
1700925540,11,25,5,1399,15,5
1700925660,11,25,5,1401,15,5
1700925720,11,25,5,1402,15,5
1700925780,11,25,5,1403,15,5
1700925900,11,25,5,1405,15,5
1700925960,11,25,5,1406,15,5
1700926020,11,25,5,1407,15,5
1700926080,11,25,5,1408,15,5
1700926140,11,25,5,1409,15,5
1700926260,11,25,5,1411,15,5
1700926320,11,25,5,1412,15,5
1700926380,11,25,5,1413,15,5
1700926440,11,25,5,1414,15,5
1700926500,11,25,5,1415,15,5
1700926560,11,25,5,1416,15,5
1700926620,11,25,5,1417,15,5
1700926680,11,25,5,1418,15,5
1700926740,11,25,5,1419,15,5
1700926860,11,25,5,1421,15,4
1700926920,11,25,5,1422,15,4
1700926980,11,25,5,1423,15,4
1700927040,11,25,5,1424,15,4
1700927100,11,25,5,1425,15,4
1700927160,11,25,5,1426,15,4
1700927220,11,25,5,1427,15,4
1700927280,11,25,5,1428,15,4
1700927340,11,25,5,1429,15,4
1700927460,11,25,5,1431,15,4
1700927520,11,25,5,1432,15,4
1700927580,11,25,5,1433,15,3
1700927640,11,25,5,1434,15,3
1700927700,11,25,5,1435,15,3
1700927760,11,25,5,1436,15,3
1700927820,11,25,5,1437,15,3
1700927880,11,25,5,1438,15,3
1700927940,11,25,5,1439,15,3
1700928060,11,26,6,1,15,3
1700928120,11,26,6,2,15,3
1700928180,11,26,6,3,15,3
1700928240,11,26,6,4,15,3
1700928300,11,26,6,5,15,3
1700928360,11,26,6,6,15,3
1700928420,11,26,6,7,15,3
1700928480,11,26,6,8,15,3
1700928540,11,26,6,9,15,3
1700928660,11,26,6,11,15,3
1700928720,11,26,6,12,15,3
1700928780,11,26,6,13,15,3
1700928840,11,26,6,14,15,3
1700928900,11,26,6,15,15,4
1700928960,11,26,6,16,15,4
1700929020,11,26,6,17,15,4
1700929080,11,26,6,18,15,4
1700929140,11,26,6,19,15,4
1700929260,11,26,6,21,15,4
1700929320,11,26,6,22,15,4
1700929380,11,26,6,23,15,5
1700929440,11,26,6,24,15,5
1700929500,11,26,6,25,15,5
1700929560,11,26,6,26,15,5
1700929620,11,26,6,27,15,5
1700929680,11,26,6,28,15,5
1700929740,11,26,6,29,15,5
1700929860,11,26,6,31,15,5
1700929920,11,26,6,32,15,5
1700929980,11,26,6,33,15,5
1700930040,11,26,6,34,15,5
1700930100,11,26,6,35,15,7
1700930160,11,26,6,36,15,8
1700930220,11,26,6,37,15,8
1700930280,11,26,6,38,15,8
1700930340,11,26,6,39,15,8
1700930460,11,26,6,41,15,8
1700930520,11,26,6,42,15,8
1700930580,11,26,6,43,15,8
1700930640,11,26,6,44,15,8
1700930700,11,26,6,45,15,8
1700930760,11,26,6,46,15,8
1700930820,11,26,6,47,15,8
1700930880,11,26,6,48,15,8
1700930940,11,26,6,49,15,8
1700931060,11,26,6,51,15,8
1700931120,11,26,6,52,15,8
1700931180,11,26,6,53,15,8
1700931240,11,26,6,54,15,8
1700931300,11,26,6,55,15,8
1700931360,11,26,6,56,15,8
1700931420,11,26,6,57,15,8
1700931480,11,26,6,58,15,6
1700931540,11,26,6,59,15,6
1700931660,11,26,6,61,15,6
1700931720,11,26,6,62,15,6
1700931780,11,26,6,63,15,6
1700931840,11,26,6,64,15,6
1700931900,11,26,6,65,15,5
1700931960,11,26,6,66,15,5
1700932020,11,26,6,67,15,5
1700932080,11,26,6,68,15,6
1700932140,11,26,6,69,15,6
1700932260,11,26,6,71,15,6
1700932320,11,26,6,72,15,6
1700932380,11,26,6,73,15,6
1700932440,11,26,6,74,15,6
1700932500,11,26,6,75,15,6
1700932560,11,26,6,76,15,6
1700932620,11,26,6,77,15,6
1700932680,11,26,6,78,15,6
1700932740,11,26,6,79,15,6
1700932860,11,26,6,81,15,6
1700932920,11,26,6,82,15,6
1700932980,11,26,6,83,15,6
1700933040,11,26,6,84,15,6
1700933100,11,26,6,85,15,6
1700933160,11,26,6,86,15,6
1700933220,11,26,6,87,15,6
1700933280,11,26,6,88,15,6
1700933340,11,26,6,89,15,6
1700933400,11,26,6,90,15,6
1700933460,11,26,6,91,15,6
1700933520,11,26,6,92,15,6
1700933580,11,26,6,93,15,6
1700933640,11,26,6,94,15,6
1700933700,11,26,6,95,15,6
1700933760,11,26,6,96,15,6
1700933820,11,26,6,97,15,6
1700933880,11,26,6,98,15,6
1700933940,11,26,6,99,15,6
1700934000,11,26,6,100,15,6
1700934060,11,26,6,101,15,6
1700934120,11,26,6,102,15,6
1700934180,11,26,6,103,15,6
1700934240,11,26,6,104,15,6
1700934300,11,26,6,105,15,6
1700934360,11,26,6,106,15,6
1700934420,11,26,6,107,15,6
1700934480,11,26,6,108,15,6
1700934540,11,26,6,109,15,6
1700934600,11,26,6,110,15,6
1700934660,11,26,6,111,15,6
1700934720,11,26,6,112,15,6
1700934780,11,26,6,113,15,6
1700934840,11,26,6,114,15,6
1700934900,11,26,6,115,15,6
1700934960,11,26,6,116,15,6
1700935020,11,26,6,117,15,6
1700935080,11,26,6,118,15,6
1700935140,11,26,6,119,15,6
1700935260,11,26,6,121,15,6
1700935320,11,26,6,122,15,6
1700935380,11,26,6,123,15,6
1700935440,11,26,6,124,15,6
1700935500,11,26,6,125,15,6
1700935560,11,26,6,126,15,6
1700935620,11,26,6,127,15,6
1700935680,11,26,6,128,15,6
1700935740,11,26,6,129,15,5
1700935800,11,26,6,130,15,5
1700935860,11,26,6,131,15,5
1700935920,11,26,6,132,15,5
1700935980,11,26,6,133,15,5
1700936040,11,26,6,134,15,5
1700936100,11,26,6,135,15,6
1700936160,11,26,6,136,15,6
1700936220,11,26,6,137,15,6
1700936280,11,26,6,138,15,6
1700936340,11,26,6,139,15,6
1700936460,11,26,6,141,15,6
1700936520,11,26,6,142,15,6
1700936580,11,26,6,143,15,6
1700936640,11,26,6,144,15,6
1700936700,11,26,6,145,15,6
1700936760,11,26,6,146,15,6
1700936820,11,26,6,147,15,6
1700936880,11,26,6,148,15,6
1700936940,11,26,6,149,15,6
1700937000,11,26,6,150,15,6
1700937060,11,26,6,151,15,6
1700937120,11,26,6,152,15,6
1700937180,11,26,6,153,15,6
1700937240,11,26,6,154,15,6
1700937300,11,26,6,155,15,6
1700937360,11,26,6,156,15,6
1700937420,11,26,6,157,15,6
1700937480,11,26,6,158,15,6
1700937540,11,26,6,159,15,6
1700937600,11,26,6,160,15,6
1700937660,11,26,6,161,15,6
1700937720,11,26,6,162,15,6
1700937780,11,26,6,163,15,6
1700937840,11,26,6,164,15,6
1700937900,11,26,6,165,15,6
1700937960,11,26,6,166,15,6
1700938020,11,26,6,167,15,6
1700938080,11,26,6,168,15,6
1700938140,11,26,6,169,15,6
1700938200,11,26,6,170,15,6
1700938260,11,26,6,171,15,6
1700938320,11,26,6,172,15,6
1700938380,11,26,6,173,15,6
1700938440,11,26,6,174,15,6
1700938500,11,26,6,175,15,6
1700938560,11,26,6,176,15,6
1700938620,11,26,6,177,15,6
1700938680,11,26,6,178,15,6
1700938740,11,26,6,179,15,6
1700938800,11,26,6,180,15,6
1700938860,11,26,6,181,15,7
1700938920,11,26,6,182,15,7
1700938980,11,26,6,183,15,7
1700939040,11,26,6,184,15,7
1700939100,11,26,6,185,15,7
1700939160,11,26,6,186,15,7
1700939220,11,26,6,187,15,7
1700939340,11,26,6,189,15,7
1700939460,11,26,6,191,15,7
1700939520,11,26,6,192,15,7
1700939580,11,26,6,193,15,7
1700939640,11,26,6,194,15,7
1700939700,11,26,6,195,15,7
1700939760,11,26,6,196,15,7
1700939820,11,26,6,197,15,7
1700939880,11,26,6,198,15,7
1700939940,11,26,6,199,15,7
1700940060,11,26,6,201,15,7
1700940120,11,26,6,202,15,7
1700940180,11,26,6,203,15,7
1700940240,11,26,6,204,15,7
1700940300,11,26,6,205,15,7
1700940360,11,26,6,206,15,7
1700940420,11,26,6,207,15,7
1700940480,11,26,6,208,15,7
1700940540,11,26,6,209,15,7
1700940660,11,26,6,211,15,7
1700940720,11,26,6,212,15,7
1700940780,11,26,6,213,15,7
1700940840,11,26,6,214,15,7
1700940900,11,26,6,215,15,7
1700940960,11,26,6,216,15,8
1700941020,11,26,6,217,15,8
1700941080,11,26,6,218,15,8
1700941140,11,26,6,219,15,8
1700941260,11,26,6,221,15,8
1700941320,11,26,6,222,15,8
1700941380,11,26,6,223,15,8
1700941440,11,26,6,224,15,8
1700941500,11,26,6,225,15,8
1700941560,11,26,6,226,15,8
1700941620,11,26,6,227,15,8
1700941680,11,26,6,228,15,8
1700941740,11,26,6,229,15,8
1700941860,11,26,6,231,15,8
1700941920,11,26,6,232,15,8
1700941980,11,26,6,233,15,8
1700942040,11,26,6,234,15,8
1700942100,11,26,6,235,15,8
1700942160,11,26,6,236,15,8
1700942220,11,26,6,237,15,8
1700942280,11,26,6,238,15,8
1700942340,11,26,6,239,15,8
1700942460,11,26,6,241,15,8
1700942520,11,26,6,242,15,8
1700942580,11,26,6,243,15,8
1700942640,11,26,6,244,15,8
1700942700,11,26,6,245,15,8
1700942760,11,26,6,246,15,8
1700942820,11,26,6,247,15,8
1700942880,11,26,6,248,15,8
1700942940,11,26,6,249,15,8
1700943060,11,26,6,251,15,8
1700943120,11,26,6,252,15,8
1700943180,11,26,6,253,15,8
1700943240,11,26,6,254,15,8
1700943300,11,26,6,255,15,8
1700943360,11,26,6,256,15,8
1700943420,11,26,6,257,15,8
1700943480,11,26,6,258,15,8
1700943540,11,26,6,259,15,8
1700943660,11,26,6,261,15,8
1700943720,11,26,6,262,15,8
1700943780,11,26,6,263,15,8
1700943840,11,26,6,264,15,8
1700943900,11,26,6,265,15,8
1700943960,11,26,6,266,15,8
1700944020,11,26,6,267,15,8
1700944080,11,26,6,268,15,8
1700944140,11,26,6,269,15,8
1700944200,11,26,6,270,15,8
1700944260,11,26,6,271,15,7
1700944320,11,26,6,272,15,7
1700944380,11,26,6,273,15,7
1700944440,11,26,6,274,15,7
1700944500,11,26,6,275,15,7
1700944560,11,26,6,276,15,7
1700944620,11,26,6,277,15,7
1700944680,11,26,6,278,15,7
1700944740,11,26,6,279,15,7
1700944800,11,26,6,280,15,7
1700944860,11,26,6,281,15,7
1700944920,11,26,6,282,15,7
1700944980,11,26,6,283,15,7
1700945040,11,26,6,284,15,8
1700945100,11,26,6,285,15,8
1700945160,11,26,6,286,15,8
1700945220,11,26,6,287,15,8
1700945280,11,26,6,288,15,8
1700945340,11,26,6,289,15,9
1700945400,11,26,6,290,15,9
1700945460,11,26,6,291,15,9
1700945520,11,26,6,292,15,9
1700945580,11,26,6,293,15,10
1700945640,11,26,6,294,15,10
1700945700,11,26,6,295,15,10
1700945760,11,26,6,296,15,10
1700945820,11,26,6,297,15,10
1700945880,11,26,6,298,15,10
1700945940,11,26,6,299,15,10
1700946000,11,26,6,300,15,10
1700946060,11,26,6,301,15,10
1700946120,11,26,6,302,15,10
1700946180,11,26,6,303,15,10
1700946240,11,26,6,304,15,10
1700946300,11,26,6,305,15,10
1700946360,11,26,6,306,15,10
1700946420,11,26,6,307,15,10
1700946480,11,26,6,308,15,10
1700946540,11,26,6,309,15,10
1700946600,11,26,6,310,15,10
1700946660,11,26,6,311,15,10
1700946720,11,26,6,312,15,10
1700946780,11,26,6,313,15,10
1700946840,11,26,6,314,15,10
1700946900,11,26,6,315,15,10
1700946960,11,26,6,316,15,10
1700947020,11,26,6,317,15,10
1700947080,11,26,6,318,15,10
1700947140,11,26,6,319,15,10
1700947260,11,26,6,321,15,10
1700947320,11,26,6,322,15,10
1700947380,11,26,6,323,15,10
1700947440,11,26,6,324,15,10
1700947500,11,26,6,325,15,10
1700947560,11,26,6,326,15,10
1700947620,11,26,6,327,15,10
1700947680,11,26,6,328,15,10
1700947740,11,26,6,329,15,10
1700947800,11,26,6,330,15,10
1700947860,11,26,6,331,15,10
1700947920,11,26,6,332,15,9
1700947980,11,26,6,333,15,9
1700948040,11,26,6,334,15,9
1700948100,11,26,6,335,15,9
1700948160,11,26,6,336,15,9
1700948220,11,26,6,337,15,9
1700948280,11,26,6,338,15,9
1700948340,11,26,6,339,15,9
1700948400,11,26,6,340,15,9
1700948460,11,26,6,341,15,9
1700948520,11,26,6,342,15,9
1700948580,11,26,6,343,15,9
1700948640,11,26,6,344,15,9
1700948700,11,26,6,345,15,9
1700948760,11,26,6,346,15,9
1700948820,11,26,6,347,15,9
1700948880,11,26,6,348,15,9
1700948940,11,26,6,349,15,9
1700949000,11,26,6,350,15,9
1700949060,11,26,6,351,15,9
1700949120,11,26,6,352,15,9
1700949180,11,26,6,353,15,9
1700949240,11,26,6,354,15,9
1700949300,11,26,6,355,15,9
1700949360,11,26,6,356,15,9
1700949420,11,26,6,357,15,9
1700949480,11,26,6,358,15,9
1700949540,11,26,6,359,15,9
1700949600,11,26,6,360,15,9
1700949660,11,26,6,361,15,9
1700949720,11,26,6,362,15,9
1700949780,11,26,6,363,15,9
1700949840,11,26,6,364,15,9
1700949900,11,26,6,365,15,9
1700949960,11,26,6,366,15,9
1700950020,11,26,6,367,15,9
1700950080,11,26,6,368,15,9
1700950140,11,26,6,369,15,9
1700950200,11,26,6,370,15,9
1700950260,11,26,6,371,15,9
1700950320,11,26,6,372,15,9
1700950380,11,26,6,373,15,9
1700950440,11,26,6,374,15,9
1700950560,11,26,6,376,15,9
1700950620,11,26,6,377,15,9
1700950680,11,26,6,378,15,9
1700950740,11,26,6,379,15,9
1700950860,11,26,6,381,15,9
1700950920,11,26,6,382,15,9
1700950980,11,26,6,383,15,10
1700951040,11,26,6,384,15,10
1700951100,11,26,6,385,15,10
1700951160,11,26,6,386,15,10
1700951220,11,26,6,387,15,10
1700951280,11,26,6,388,15,10
1700951340,11,26,6,389,15,10
1700951460,11,26,6,391,15,10
1700951520,11,26,6,392,15,10
1700951580,11,26,6,393,15,10
1700951640,11,26,6,394,15,10
1700951700,11,26,6,395,15,10
1700951760,11,26,6,396,15,10
1700951820,11,26,6,397,15,10
1700951880,11,26,6,398,15,10
1700951940,11,26,6,399,15,10
1700952060,11,26,6,401,15,10
1700952120,11,26,6,402,15,10
1700952180,11,26,6,403,15,10
1700952240,11,26,6,404,15,10
1700952300,11,26,6,405,15,10
1700952360,11,26,6,406,15,10
1700952420,11,26,6,407,15,10
1700952480,11,26,6,408,15,10
1700952540,11,26,6,409,15,10
1700952660,11,26,6,411,15,10
1700952720,11,26,6,412,15,10
1700952780,11,26,6,413,15,10
1700952840,11,26,6,414,15,10
1700952900,11,26,6,415,15,10
1700952960,11,26,6,416,15,10
1700953020,11,26,6,417,15,10
1700953080,11,26,6,418,15,10
1700953140,11,26,6,419,15,10
1700953260,11,26,6,421,15,10
1700953320,11,26,6,422,15,10
1700953380,11,26,6,423,15,10
1700953440,11,26,6,424,15,10
1700953500,11,26,6,425,15,10
1700953560,11,26,6,426,15,10
1700953620,11,26,6,427,15,10
1700953680,11,26,6,428,15,10
1700953740,11,26,6,429,15,10
1700953860,11,26,6,431,15,10
1700953920,11,26,6,432,15,10
1700953980,11,26,6,433,15,10
1700954040,11,26,6,434,15,10
1700954100,11,26,6,435,15,10
1700954160,11,26,6,436,15,10
1700954220,11,26,6,437,15,10
1700954280,11,26,6,438,15,10
1700954340,11,26,6,439,15,10
1700954460,11,26,6,441,15,10
1700954520,11,26,6,442,15,10
1700954580,11,26,6,443,15,10
1700954640,11,26,6,444,15,10
1700954700,11,26,6,445,15,10
1700954760,11,26,6,446,15,10
1700954820,11,26,6,447,15,10
1700954880,11,26,6,448,15,9
1700954940,11,26,6,449,15,9
1700955060,11,26,6,451,15,9
1700955120,11,26,6,452,15,9
1700955180,11,26,6,453,15,9
1700955240,11,26,6,454,15,9
1700955300,11,26,6,455,15,9
1700955360,11,26,6,456,15,9
1700955420,11,26,6,457,15,9
1700955480,11,26,6,458,15,9
1700955540,11,26,6,459,15,9
1700955600,11,26,6,460,15,9
1700955660,11,26,6,461,15,9
1700955720,11,26,6,462,15,9
1700955780,11,26,6,463,15,9
1700955840,11,26,6,464,15,9
1700955900,11,26,6,465,15,9
1700955960,11,26,6,466,15,9
1700956020,11,26,6,467,15,9
1700956080,11,26,6,468,15,8
1700956140,11,26,6,469,15,8
1700956200,11,26,6,470,15,8
1700956260,11,26,6,471,15,8
1700956320,11,26,6,472,15,8
1700956380,11,26,6,473,15,8
1700956440,11,26,6,474,15,8
1700956560,11,26,6,476,15,8
1700956620,11,26,6,477,15,8
1700956680,11,26,6,478,15,8
1700956740,11,26,6,479,15,8
1700956860,11,26,6,481,15,8
1700956920,11,26,6,482,15,8
1700956980,11,26,6,483,15,9
1700957040,11,26,6,484,15,9
1700957100,11,26,6,485,15,9
1700957160,11,26,6,486,15,9
1700957220,11,26,6,487,15,9
1700957280,11,26,6,488,15,9
1700957340,11,26,6,489,15,8
1700957400,11,26,6,490,15,8
1700957460,11,26,6,491,15,8
1700957520,11,26,6,492,15,8
1700957580,11,26,6,493,15,8
1700957640,11,26,6,494,15,9
1700957700,11,26,6,495,15,8
1700957760,11,26,6,496,15,8
1700957820,11,26,6,497,15,8
1700957880,11,26,6,498,15,8
1700957940,11,26,6,499,15,8
1700958060,11,26,6,501,15,8
1700958120,11,26,6,502,15,8
1700958180,11,26,6,503,15,8
1700958240,11,26,6,504,15,8
1700958300,11,26,6,505,15,8
1700958360,11,26,6,506,15,8
1700958420,11,26,6,507,15,8
1700958480,11,26,6,508,15,8
1700958540,11,26,6,509,15,8
1700958600,11,26,6,510,15,8
1700958660,11,26,6,511,15,8
1700958720,11,26,6,512,15,8
1700958780,11,26,6,513,15,8
1700958840,11,26,6,514,15,8
1700958900,11,26,6,515,15,8
1700958960,11,26,6,516,15,8
1700959020,11,26,6,517,15,9
1700959080,11,26,6,518,15,9
1700959140,11,26,6,519,15,9
1700959200,11,26,6,520,15,9
1700959260,11,26,6,521,15,9
1700959320,11,26,6,522,15,9
1700959380,11,26,6,523,15,9
1700959440,11,26,6,524,15,9
1700959500,11,26,6,525,15,9
1700959560,11,26,6,526,15,9
1700959620,11,26,6,527,15,9
1700959680,11,26,6,528,15,9
1700959740,11,26,6,529,15,9
1700959800,11,26,6,530,15,9
1700959860,11,26,6,531,15,8
1700959920,11,26,6,532,15,8
1700959980,11,26,6,533,15,8
1700960040,11,26,6,534,15,8
1700960100,11,26,6,535,15,8
1700960160,11,26,6,536,15,8
1700960220,11,26,6,537,15,8
1700960280,11,26,6,538,15,8
1700960340,11,26,6,539,15,8
1700960460,11,26,6,541,15,9
1700960520,11,26,6,542,15,9
1700960580,11,26,6,543,15,9
1700960640,11,26,6,544,15,9
1700960700,11,26,6,545,15,9
1700960760,11,26,6,546,15,9
1700960820,11,26,6,547,15,9
1700960880,11,26,6,548,15,9
1700960940,11,26,6,549,15,8
1700961000,11,26,6,550,15,8
1700961060,11,26,6,551,15,8
1700961120,11,26,6,552,15,8
1700961180,11,26,6,553,15,8
1700961240,11,26,6,554,15,8
1700961300,11,26,6,555,15,8
1700961360,11,26,6,556,15,8
1700961420,11,26,6,557,15,8
1700961480,11,26,6,558,15,8
1700961540,11,26,6,559,15,8
1700961660,11,26,6,561,15,7
1700961720,11,26,6,562,15,7
1700961780,11,26,6,563,15,7
1700961900,11,26,6,565,15,7
1700961960,11,26,6,566,15,7
1700962020,11,26,6,567,15,7
1700962080,11,26,6,568,15,7
1700962140,11,26,6,569,15,7
1700962260,11,26,6,571,15,7
1700962320,11,26,6,572,15,7
1700962380,11,26,6,573,15,7
1700962440,11,26,6,574,15,7
1700962500,11,26,6,575,15,7
1700962560,11,26,6,576,15,8
1700962620,11,26,6,577,15,8
1700962680,11,26,6,578,15,8
1700962740,11,26,6,579,15,8
1700962860,11,26,6,581,15,8
1700962920,11,26,6,582,15,8
1700962980,11,26,6,583,15,8
1700963040,11,26,6,584,15,8
1700963100,11,26,6,585,15,7
1700963160,11,26,6,586,15,6
1700963220,11,26,6,587,15,6
1700963280,11,26,6,588,15,5
1700963340,11,26,6,589,15,5
1700963460,11,26,6,591,15,5
1700963520,11,26,6,592,15,5
1700963580,11,26,6,593,15,5
1700963640,11,26,6,594,15,5
1700963700,11,26,6,595,15,5
1700963760,11,26,6,596,15,5
1700963820,11,26,6,597,15,5
1700963880,11,26,6,598,15,5
1700963940,11,26,6,599,15,5
1700964060,11,26,6,601,15,5
1700964120,11,26,6,602,15,6
1700964180,11,26,6,603,15,5
1700964240,11,26,6,604,15,5
1700964300,11,26,6,605,15,6
1700964360,11,26,6,606,15,6
1700964420,11,26,6,607,15,6
1700964480,11,26,6,608,15,3
1700964540,11,26,6,609,15,3
1700964660,11,26,6,611,15,3
1700964720,11,26,6,612,15,3
1700964780,11,26,6,613,15,3
1700964840,11,26,6,614,15,3
1700964900,11,26,6,615,15,3
1700964960,11,26,6,616,15,2
1700965020,11,26,6,617,15,2
1700965080,11,26,6,618,15,2
1700965140,11,26,6,619,15,2
1700965260,11,26,6,621,15,2
1700965320,11,26,6,622,15,2
1700965380,11,26,6,623,15,2
1700965440,11,26,6,624,15,2
1700965500,11,26,6,625,15,2
1700965560,11,26,6,626,15,2
1700965620,11,26,6,627,15,2
1700965680,11,26,6,628,15,2
1700965740,11,26,6,629,15,2
1700965860,11,26,6,631,15,1
1700965920,11,26,6,632,15,2
1700965980,11,26,6,633,15,2
1700966040,11,26,6,634,15,1
1700966100,11,26,6,635,15,1
1700966160,11,26,6,636,15,1
1700966220,11,26,6,637,15,1
1700966280,11,26,6,638,15,1
1700966340,11,26,6,639,15,1
1700966460,11,26,6,641,15,1
1700966520,11,26,6,642,15,1
1700966580,11,26,6,643,15,1
1700966640,11,26,6,644,15,1
1700966700,11,26,6,645,15,1
1700966760,11,26,6,646,15,1
1700966820,11,26,6,647,15,1
1700966880,11,26,6,648,15,2
1700966940,11,26,6,649,15,3
1700967060,11,26,6,651,15,3
1700967120,11,26,6,652,15,3
1700967180,11,26,6,653,15,2
1700967240,11,26,6,654,15,2
1700967300,11,26,6,655,15,2
1700967360,11,26,6,656,15,2
1700967420,11,26,6,657,15,2
1700967480,11,26,6,658,15,2
1700967540,11,26,6,659,15,2
1700967660,11,26,6,661,15,2
1700967720,11,26,6,662,15,2
1700967780,11,26,6,663,15,1
1700967840,11,26,6,664,15,1
1700967900,11,26,6,665,15,1
1700967960,11,26,6,666,15,1
1700968020,11,26,6,667,15,1
1700968080,11,26,6,668,15,1
1700968140,11,26,6,669,15,1
1700968200,11,26,6,670,15,1
1700968260,11,26,6,671,15,1
1700968320,11,26,6,672,15,1
1700968380,11,26,6,673,15,1
1700968440,11,26,6,674,15,1
1700968500,11,26,6,675,15,1
1700968560,11,26,6,676,15,1
1700968620,11,26,6,677,15,1
1700968680,11,26,6,678,15,1
1700968740,11,26,6,679,15,1
1700968860,11,26,6,681,15,1
1700968920,11,26,6,682,15,1
1700968980,11,26,6,683,15,1
1700969040,11,26,6,684,15,1
1700969100,11,26,6,685,15,1
1700969160,11,26,6,686,15,1
1700969220,11,26,6,687,15,1
1700969280,11,26,6,688,15,1
1700969340,11,26,6,689,15,1
1700969400,11,26,6,690,15,1
1700969460,11,26,6,691,15,1
1700969520,11,26,6,692,15,1
1700969580,11,26,6,693,15,1
1700969640,11,26,6,694,15,1
1700969700,11,26,6,695,15,1
1700969760,11,26,6,696,15,1
1700969820,11,26,6,697,15,1
1700969880,11,26,6,698,15,1
1700969940,11,26,6,699,15,1
1700970000,11,26,6,700,15,1
1700970060,11,26,6,701,15,1
1700970120,11,26,6,702,15,1
1700970180,11,26,6,703,15,1
1700970240,11,26,6,704,15,1
1700970300,11,26,6,705,15,1
1700970360,11,26,6,706,15,1
1700970420,11,26,6,707,15,1
1700970480,11,26,6,708,15,0
1700970540,11,26,6,709,15,0
1700970600,11,26,6,710,15,0
1700970660,11,26,6,711,15,0
1700970720,11,26,6,712,15,0
1700970780,11,26,6,713,15,0
1700970840,11,26,6,714,15,0
1700970900,11,26,6,715,15,0
1700970960,11,26,6,716,15,0
1700971020,11,26,6,717,15,0
1700971080,11,26,6,718,15,0
1700971140,11,26,6,719,15,0
1700971260,11,26,6,721,15,0
1700971320,11,26,6,722,15,0
1700971380,11,26,6,723,15,0
1700971440,11,26,6,724,15,0
1700971500,11,26,6,725,15,0
1700971560,11,26,6,726,15,1
1700971620,11,26,6,727,15,1
1700971680,11,26,6,728,15,1
1700971740,11,26,6,729,15,1
1700971800,11,26,6,730,15,1
1700971860,11,26,6,731,15,2
1700971920,11,26,6,732,15,2
1700971980,11,26,6,733,15,2
1700972040,11,26,6,734,15,2
1700972100,11,26,6,735,15,2
1700972160,11,26,6,736,15,3
1700972220,11,26,6,737,15,3
1700972280,11,26,6,738,15,3
1700972340,11,26,6,739,15,3
1700972460,11,26,6,741,15,3
1700972520,11,26,6,742,15,3
1700972580,11,26,6,743,15,3
1700972640,11,26,6,744,15,3
1700972700,11,26,6,745,15,3
1700972760,11,26,6,746,15,3
1700972820,11,26,6,747,15,3
1700972880,11,26,6,748,15,3
1700972940,11,26,6,749,15,3
1700973000,11,26,6,750,15,3
1700973060,11,26,6,751,15,4
1700973120,11,26,6,752,15,4
1700973180,11,26,6,753,15,4
1700973240,11,26,6,754,15,4
1700973300,11,26,6,755,15,4
1700973360,11,26,6,756,15,4
1700973420,11,26,6,757,15,4
1700973480,11,26,6,758,15,4
1700973540,11,26,6,759,15,4
1700973660,11,26,6,761,15,4
1700973720,11,26,6,762,15,3
1700973780,11,26,6,763,15,3
1700973840,11,26,6,764,15,3
1700973900,11,26,6,765,15,3
1700973960,11,26,6,766,15,3
1700974020,11,26,6,767,15,3
1700974080,11,26,6,768,15,3
1700974140,11,26,6,769,15,3
1700974260,11,26,6,771,15,3
1700974320,11,26,6,772,15,3
1700974380,11,26,6,773,15,2
1700974440,11,26,6,774,15,3
1700974500,11,26,6,775,15,3
1700974560,11,26,6,776,15,3
1700974620,11,26,6,777,15,3
1700974680,11,26,6,778,15,3
1700974740,11,26,6,779,15,3
1700974860,11,26,6,781,15,3
1700974920,11,26,6,782,15,3
1700974980,11,26,6,783,15,2
1700975040,11,26,6,784,15,2
1700975100,11,26,6,785,15,2
1700975160,11,26,6,786,15,2
1700975220,11,26,6,787,15,2
1700975280,11,26,6,788,15,2
1700975340,11,26,6,789,15,2
1700975460,11,26,6,791,15,2
1700975520,11,26,6,792,15,2
1700975580,11,26,6,793,15,2
1700975640,11,26,6,794,15,2
1700975700,11,26,6,795,15,2
1700975760,11,26,6,796,15,2
1700975820,11,26,6,797,15,2
1700975880,11,26,6,798,15,2
1700975940,11,26,6,799,15,1
1700976060,11,26,6,801,15,0
1700976120,11,26,6,802,15,0
1700976180,11,26,6,803,15,0
1700976240,11,26,6,804,15,0
1700976300,11,26,6,805,15,0
1700976360,11,26,6,806,15,0
1700976420,11,26,6,807,15,0
1700976480,11,26,6,808,15,0
1700976540,11,26,6,809,15,0
1700976660,11,26,6,811,15,0
1700976720,11,26,6,812,15,0
1700976780,11,26,6,813,15,0
1700976840,11,26,6,814,15,0
1700976900,11,26,6,815,15,0
1700976960,11,26,6,816,15,0
1700977020,11,26,6,817,15,0
1700977080,11,26,6,818,15,0
1700977140,11,26,6,819,15,0
1700977260,11,26,6,821,15,0
1700977320,11,26,6,822,15,0
1700977380,11,26,6,823,15,0
1700977440,11,26,6,824,15,0
1700977500,11,26,6,825,15,0
1700977560,11,26,6,826,15,0
1700977620,11,26,6,827,15,0
1700977680,11,26,6,828,15,0
1700977740,11,26,6,829,15,1
1700977860,11,26,6,831,15,1
1700977920,11,26,6,832,15,1
1700977980,11,26,6,833,15,1
1700978040,11,26,6,834,15,1
1700978100,11,26,6,835,15,1
1700978160,11,26,6,836,15,1
1700978220,11,26,6,837,15,1
1700978280,11,26,6,838,15,2
1700978340,11,26,6,839,15,3
1700978460,11,26,6,841,15,2
1700978520,11,26,6,842,15,2
1700978580,11,26,6,843,15,2
1700978640,11,26,6,844,15,2
1700978700,11,26,6,845,15,3
1700978760,11,26,6,846,15,3
1700978820,11,26,6,847,15,3
1700978880,11,26,6,848,15,3
1700978940,11,26,6,849,15,4
1700979000,11,26,6,850,15,4
1700979060,11,26,6,851,15,4
1700979120,11,26,6,852,15,6
1700979180,11,26,6,853,15,6
1700979240,11,26,6,854,15,6
1700979300,11,26,6,855,15,6
1700979360,11,26,6,856,15,6
1700979420,11,26,6,857,15,6
1700979480,11,26,6,858,15,6
1700979540,11,26,6,859,15,7
1700979660,11,26,6,861,15,7
1700979720,11,26,6,862,15,7
1700979780,11,26,6,863,15,7
1700979840,11,26,6,864,15,6
1700979900,11,26,6,865,15,6
1700979960,11,26,6,866,15,5
1700980020,11,26,6,867,15,5
1700980080,11,26,6,868,15,4
1700980140,11,26,6,869,15,3
1700980260,11,26,6,871,15,2
1700980320,11,26,6,872,15,2
1700980380,11,26,6,873,15,2
1700980440,11,26,6,874,15,2
1700980500,11,26,6,875,15,2
1700980560,11,26,6,876,15,3
1700980620,11,26,6,877,15,3
1700980680,11,26,6,878,15,3
1700980740,11,26,6,879,15,3
1700980800,11,26,6,880,15,3
1700980860,11,26,6,881,15,3
1700980920,11,26,6,882,15,4
1700980980,11,26,6,883,15,4
1700981040,11,26,6,884,15,4
1700981100,11,26,6,885,15,4
1700981160,11,26,6,886,15,4
1700981220,11,26,6,887,15,4
1700981280,11,26,6,888,15,2
1700981340,11,26,6,889,15,2
1700981400,11,26,6,890,15,2
1700981460,11,26,6,891,15,2
1700981520,11,26,6,892,15,3
1700981580,11,26,6,893,15,3
1700981640,11,26,6,894,15,3
1700981700,11,26,6,895,15,3
1700981760,11,26,6,896,15,5
1700981820,11,26,6,897,15,5
1700981880,11,26,6,898,15,6
1700981940,11,26,6,899,15,6
1700982060,11,26,6,901,15,6
1700982120,11,26,6,902,15,6
1700982180,11,26,6,903,15,6
1700982240,11,26,6,904,15,6
1700982300,11,26,6,905,15,7
1700982360,11,26,6,906,15,7
1700982420,11,26,6,907,15,7
1700982480,11,26,6,908,15,7
1700982540,11,26,6,909,15,7
1700982600,11,26,6,910,15,7
1700982660,11,26,6,911,15,7
1700982720,11,26,6,912,15,7
1700982780,11,26,6,913,15,7
1700982840,11,26,6,914,15,7
1700982900,11,26,6,915,15,7
1700982960,11,26,6,916,15,7
1700983020,11,26,6,917,15,7
1700983080,11,26,6,918,15,7
1700983140,11,26,6,919,15,7
1700983260,11,26,6,921,15,7
1700983320,11,26,6,922,15,6
1700983380,11,26,6,923,15,6
1700983440,11,26,6,924,15,6
1700983500,11,26,6,925,15,6
1700983560,11,26,6,926,15,6
1700983620,11,26,6,927,15,6
1700983680,11,26,6,928,15,6
1700983740,11,26,6,929,15,6
1700983860,11,26,6,931,15,6
1700983920,11,26,6,932,15,6
1700983980,11,26,6,933,15,6
1700984040,11,26,6,934,15,6
1700984100,11,26,6,935,15,7
1700984160,11,26,6,936,15,7
1700984220,11,26,6,937,15,7
1700984280,11,26,6,938,15,7
1700984340,11,26,6,939,15,8
1700984400,11,26,6,940,15,8
1700984460,11,26,6,941,15,8
1700984520,11,26,6,942,15,8
1700984580,11,26,6,943,15,8
1700984640,11,26,6,944,15,8
1700984700,11,26,6,945,15,8
1700984760,11,26,6,946,15,8
1700984820,11,26,6,947,15,8
1700984880,11,26,6,948,15,8
1700984940,11,26,6,949,15,8
1700985000,11,26,6,950,15,8
1700985060,11,26,6,951,15,8
1700985120,11,26,6,952,15,8
1700985180,11,26,6,953,15,8
1700985240,11,26,6,954,15,8
1700985300,11,26,6,955,15,8
1700985360,11,26,6,956,15,8
1700985420,11,26,6,957,15,8
1700985480,11,26,6,958,15,8
1700985540,11,26,6,959,15,10
1700985660,11,26,6,961,15,11
1700985720,11,26,6,962,15,11
1700985780,11,26,6,963,15,10
1700985840,11,26,6,964,15,10
1700985900,11,26,6,965,15,10
1700985960,11,26,6,966,15,10
1700986020,11,26,6,967,15,10
1700986080,11,26,6,968,15,10
1700986140,11,26,6,969,15,10
1700986200,11,26,6,970,15,10
1700986260,11,26,6,971,15,10
1700986320,11,26,6,972,15,10
1700986380,11,26,6,973,15,10
1700986440,11,26,6,974,15,10
1700986500,11,26,6,975,15,10
1700986560,11,26,6,976,15,10
1700986620,11,26,6,977,15,10
1700986680,11,26,6,978,15,10
1700986740,11,26,6,979,15,10
1700986860,11,26,6,981,15,11
1700986920,11,26,6,982,15,11
1700986980,11,26,6,983,15,11
1700987040,11,26,6,984,15,12
1700987100,11,26,6,985,15,12
1700987160,11,26,6,986,15,11
1700987220,11,26,6,987,15,11
1700987280,11,26,6,988,15,11
1700987340,11,26,6,989,15,11
1700987520,11,26,6,992,15,9
1700987580,11,26,6,993,15,9
1700987640,11,26,6,994,15,9
1700987700,11,26,6,995,15,10
1700987760,11,26,6,996,15,10
1700987820,11,26,6,997,15,10
1700987880,11,26,6,998,15,10
1700987940,11,26,6,999,15,9
1700988060,11,26,6,1001,15,9
1700988120,11,26,6,1002,15,9
1700988180,11,26,6,1003,15,9
1700988240,11,26,6,1004,15,7
1700988300,11,26,6,1005,15,6
1700988360,11,26,6,1006,15,6
1700988420,11,26,6,1007,15,6
1700988480,11,26,6,1008,15,7
1700988540,11,26,6,1009,15,7
1700988660,11,26,6,1011,15,6
1700988720,11,26,6,1012,15,7
1700988780,11,26,6,1013,15,6
1700988840,11,26,6,1014,15,6
1700988900,11,26,6,1015,15,6
1700988960,11,26,6,1016,15,6
1700989020,11,26,6,1017,15,6
1700989080,11,26,6,1018,15,5
1700989140,11,26,6,1019,15,5
1700989260,11,26,6,1021,15,5
1700989320,11,26,6,1022,15,5
1700989380,11,26,6,1023,15,5
1700989440,11,26,6,1024,15,4
1700989500,11,26,6,1025,15,4
1700989560,11,26,6,1026,15,2
1700989620,11,26,6,1027,15,2
1700989680,11,26,6,1028,15,1
1700989740,11,26,6,1029,15,0
1700989860,11,26,6,1031,15,0
1700989920,11,26,6,1032,15,0
1700989980,11,26,6,1033,15,0
1700990040,11,26,6,1034,15,0
1700990100,11,26,6,1035,15,1
1700990160,11,26,6,1036,15,1
1700990220,11,26,6,1037,15,1
1700990280,11,26,6,1038,15,1
1700990340,11,26,6,1039,15,1
1700990460,11,26,6,1041,15,1
1700990520,11,26,6,1042,15,1
1700990580,11,26,6,1043,15,1
1700990640,11,26,6,1044,15,1
1700990700,11,26,6,1045,15,1
1700990760,11,26,6,1046,15,1
1700990820,11,26,6,1047,15,1
1700990880,11,26,6,1048,15,1
1700990940,11,26,6,1049,15,0
1700991000,11,26,6,1050,15,0
1700991120,11,26,6,1052,15,0
1700991180,11,26,6,1053,15,0
1700991240,11,26,6,1054,15,0
1700991300,11,26,6,1055,15,0
1700991360,11,26,6,1056,15,0
1700991420,11,26,6,1057,15,0
1700991480,11,26,6,1058,15,0
1700991540,11,26,6,1059,15,0
1700991660,11,26,6,1061,15,0
1700991720,11,26,6,1062,15,0
1700991780,11,26,6,1063,15,0
1700991840,11,26,6,1064,15,0
1700991900,11,26,6,1065,15,0
1700991960,11,26,6,1066,15,1
1700992020,11,26,6,1067,15,1
1700992080,11,26,6,1068,15,1
1700992140,11,26,6,1069,15,0
1700992260,11,26,6,1071,15,0
1700992320,11,26,6,1072,15,0
1700992380,11,26,6,1073,15,0
1700992440,11,26,6,1074,15,0
1700992500,11,26,6,1075,15,0
1700992560,11,26,6,1076,15,0
1700992620,11,26,6,1077,15,0
1700992680,11,26,6,1078,15,0
1700992740,11,26,6,1079,15,1
1700992860,11,26,6,1081,15,1
1700992920,11,26,6,1082,15,1
1700992980,11,26,6,1083,15,1
1700993040,11,26,6,1084,15,1
1700993100,11,26,6,1085,15,1
1700993160,11,26,6,1086,15,1
1700993220,11,26,6,1087,15,1
1700993280,11,26,6,1088,15,0
1700993340,11,26,6,1089,15,1
1700993460,11,26,6,1091,15,1
1700993520,11,26,6,1092,15,1
1700993580,11,26,6,1093,15,1
1700993640,11,26,6,1094,15,1
1700993700,11,26,6,1095,15,1
1700993760,11,26,6,1096,15,1
1700993820,11,26,6,1097,15,1
1700993880,11,26,6,1098,15,0
1700993940,11,26,6,1099,15,0
1700994060,11,26,6,1101,15,0
1700994120,11,26,6,1102,15,0
1700994180,11,26,6,1103,15,0
1700994240,11,26,6,1104,15,0
1700994300,11,26,6,1105,15,0
1700994360,11,26,6,1106,15,0
1700994420,11,26,6,1107,15,0
1700994480,11,26,6,1108,15,0
1700994540,11,26,6,1109,15,0
1700994660,11,26,6,1111,15,0
1700994720,11,26,6,1112,15,2
1700994780,11,26,6,1113,15,3
1700994840,11,26,6,1114,15,3
1700994900,11,26,6,1115,15,3
1700994960,11,26,6,1116,15,1
1700995020,11,26,6,1117,15,1
1700995080,11,26,6,1118,15,0
1700995140,11,26,6,1119,15,0
1700995200,11,26,6,1120,15,0
1700995260,11,26,6,1121,15,0
1700995320,11,26,6,1122,15,1
1700995380,11,26,6,1123,15,1
1700995440,11,26,6,1124,15,1
1700995500,11,26,6,1125,15,1
1700995560,11,26,6,1126,15,3
1700995620,11,26,6,1127,15,3
1700995680,11,26,6,1128,15,3
1700995740,11,26,6,1129,15,3
1700995800,11,26,6,1130,15,3
1700995860,11,26,6,1131,15,3
1700995920,11,26,6,1132,15,2
1700995980,11,26,6,1133,15,2
1700996040,11,26,6,1134,15,2
1700996100,11,26,6,1135,15,2
1700996160,11,26,6,1136,15,2
1700996220,11,26,6,1137,15,2
1700996280,11,26,6,1138,15,2
1700996340,11,26,6,1139,15,2
1700996460,11,26,6,1141,15,2
1700996520,11,26,6,1142,15,2
1700996580,11,26,6,1143,15,2
1700996640,11,26,6,1144,15,2
1700996700,11,26,6,1145,15,2
1700996760,11,26,6,1146,15,2
1700996820,11,26,6,1147,15,2
1700996880,11,26,6,1148,15,2
1700996940,11,26,6,1149,15,2
1700997000,11,26,6,1150,15,2
1700997060,11,26,6,1151,15,2
1700997120,11,26,6,1152,15,3
1700997180,11,26,6,1153,15,3
1700997240,11,26,6,1154,15,3
1700997300,11,26,6,1155,15,4
1700997360,11,26,6,1156,15,4
1700997420,11,26,6,1157,15,4
1700997480,11,26,6,1158,15,4
1700997540,11,26,6,1159,15,4
1700997660,11,26,6,1161,15,4
1700997720,11,26,6,1162,15,4
1700997780,11,26,6,1163,15,4
1700997840,11,26,6,1164,15,4
1700997900,11,26,6,1165,15,4
1700997960,11,26,6,1166,15,4
1700998020,11,26,6,1167,15,4
1700998080,11,26,6,1168,15,4
1700998140,11,26,6,1169,15,4
1700998260,11,26,6,1171,15,3
1700998320,11,26,6,1172,15,2
1700998380,11,26,6,1173,15,2
1700998440,11,26,6,1174,15,2
1700998500,11,26,6,1175,15,2
1700998560,11,26,6,1176,15,2
1700998620,11,26,6,1177,15,2
1700998680,11,26,6,1178,15,2
1700998740,11,26,6,1179,15,2
1700998800,11,26,6,1180,15,2
1700998860,11,26,6,1181,15,2
1700998920,11,26,6,1182,15,3
1700998980,11,26,6,1183,15,3
1700999040,11,26,6,1184,15,3
1700999100,11,26,6,1185,15,3
1700999160,11,26,6,1186,15,3
1700999220,11,26,6,1187,15,3
1700999280,11,26,6,1188,15,3
1700999340,11,26,6,1189,15,3
1700999400,11,26,6,1190,15,3
1700999460,11,26,6,1191,15,3
1700999520,11,26,6,1192,15,3
1700999580,11,26,6,1193,15,3
1700999640,11,26,6,1194,15,3
1700999700,11,26,6,1195,15,3
1700999760,11,26,6,1196,15,3
1700999820,11,26,6,1197,15,3
1700999880,11,26,6,1198,15,3
1700999940,11,26,6,1199,15,4
1701000000,11,26,6,1200,15,4
1701000120,11,26,6,1202,15,6
1701000180,11,26,6,1203,15,6
1701000240,11,26,6,1204,15,7
1701000300,11,26,6,1205,15,7
1701000360,11,26,6,1206,15,7
1701000420,11,26,6,1207,15,7
1701000480,11,26,6,1208,15,6
1701000540,11,26,6,1209,15,6
1701000600,11,26,6,1210,15,7
1701000660,11,26,6,1211,15,7
1701000720,11,26,6,1212,15,7
1701000780,11,26,6,1213,15,7
1701000840,11,26,6,1214,15,7
1701000900,11,26,6,1215,15,7
1701000960,11,26,6,1216,15,7
1701001020,11,26,6,1217,15,7
1701001080,11,26,6,1218,15,7
1701001140,11,26,6,1219,15,8
1701001260,11,26,6,1221,15,8
1701001320,11,26,6,1222,15,8
1701001380,11,26,6,1223,15,8
1701001440,11,26,6,1224,15,8
1701001500,11,26,6,1225,15,8
1701001560,11,26,6,1226,15,8
1701001620,11,26,6,1227,15,8
1701001680,11,26,6,1228,15,8
1701001740,11,26,6,1229,15,8
1701001800,11,26,6,1230,15,8
1701001860,11,26,6,1231,15,7
1701001920,11,26,6,1232,15,7
1701001980,11,26,6,1233,15,7
1701002040,11,26,6,1234,15,7
1701002100,11,26,6,1235,15,7
1701002160,11,26,6,1236,15,7
1701002220,11,26,6,1237,15,7
1701002280,11,26,6,1238,15,7
1701002340,11,26,6,1239,15,7
1701002400,11,26,6,1240,15,7
1701002460,11,26,6,1241,15,7
1701002520,11,26,6,1242,15,7
1701002580,11,26,6,1243,15,7
1701002640,11,26,6,1244,15,7
1701002700,11,26,6,1245,15,7
1701002820,11,26,6,1247,15,7
1701002880,11,26,6,1248,15,7
1701002940,11,26,6,1249,15,7
1701003060,11,26,6,1251,15,7
1701003120,11,26,6,1252,15,7
1701003180,11,26,6,1253,15,7
1701003240,11,26,6,1254,15,7
1701003300,11,26,6,1255,15,7
1701003360,11,26,6,1256,15,7
1701003420,11,26,6,1257,15,7
1701003480,11,26,6,1258,15,7
1701003540,11,26,6,1259,15,7
1701003660,11,26,6,1261,15,7
1701003720,11,26,6,1262,15,7
1701003780,11,26,6,1263,15,7
1701003840,11,26,6,1264,15,8
1701003900,11,26,6,1265,15,8
1701003960,11,26,6,1266,15,8
1701004020,11,26,6,1267,15,8
1701004080,11,26,6,1268,15,8
1701004140,11,26,6,1269,15,8
1701004260,11,26,6,1271,15,8
1701004320,11,26,6,1272,15,8
1701004380,11,26,6,1273,15,8
1701004440,11,26,6,1274,15,9
1701004500,11,26,6,1275,15,9
1701004560,11,26,6,1276,15,9
1701004620,11,26,6,1277,15,9
1701004680,11,26,6,1278,15,10
1701004740,11,26,6,1279,15,10
1701004860,11,26,6,1281,15,10
1701004920,11,26,6,1282,15,11
1701004980,11,26,6,1283,15,11
1701005040,11,26,6,1284,15,10
1701005100,11,26,6,1285,15,9
1701005160,11,26,6,1286,15,9
1701005220,11,26,6,1287,15,9
1701005280,11,26,6,1288,15,9
1701005340,11,26,6,1289,15,9
1701005460,11,26,6,1291,15,7
1701005520,11,26,6,1292,15,7
1701005580,11,26,6,1293,15,6
1701005640,11,26,6,1294,15,6
1701005700,11,26,6,1295,15,6
1701005760,11,26,6,1296,15,6
1701005820,11,26,6,1297,15,7
1701005880,11,26,6,1298,15,7
1701005940,11,26,6,1299,15,8
1701006060,11,26,6,1301,15,8
1701006120,11,26,6,1302,15,8
1701006180,11,26,6,1303,15,8
1701006240,11,26,6,1304,15,9
1701006300,11,26,6,1305,15,9
1701006360,11,26,6,1306,15,9
1701006420,11,26,6,1307,15,10
1701006480,11,26,6,1308,15,10
1701006540,11,26,6,1309,15,10
1701006660,11,26,6,1311,15,11
1701006720,11,26,6,1312,15,12
1701006780,11,26,6,1313,15,12
1701006840,11,26,6,1314,15,12
1701006900,11,26,6,1315,15,12
1701006960,11,26,6,1316,15,12
1701007020,11,26,6,1317,15,12
1701007080,11,26,6,1318,15,12
1701007140,11,26,6,1319,15,12
1701007260,11,26,6,1321,15,12
1701007320,11,26,6,1322,15,12
1701007380,11,26,6,1323,15,13
1701007440,11,26,6,1324,15,13
1701007500,11,26,6,1325,15,13
1701007560,11,26,6,1326,15,12
1701007620,11,26,6,1327,15,13
1701007680,11,26,6,1328,15,13
1701007740,11,26,6,1329,15,13
1701007860,11,26,6,1331,15,14
1701007920,11,26,6,1332,15,14
1701007980,11,26,6,1333,15,14
1701008040,11,26,6,1334,15,14
1701008100,11,26,6,1335,15,14
1701008160,11,26,6,1336,15,14
1701008220,11,26,6,1337,15,14
1701008280,11,26,6,1338,15,14
1701008340,11,26,6,1339,15,14
1701008460,11,26,6,1341,15,14
1701008520,11,26,6,1342,15,14
1701008580,11,26,6,1343,15,14
1701008640,11,26,6,1344,15,14
1701008700,11,26,6,1345,15,14
1701008760,11,26,6,1346,15,14
1701008820,11,26,6,1347,15,14
1701008880,11,26,6,1348,15,14
1701008940,11,26,6,1349,15,14
1701009000,11,26,6,1350,15,14
1701009060,11,26,6,1351,15,14
1701009120,11,26,6,1352,15,14
1701009180,11,26,6,1353,15,14
1701009240,11,26,6,1354,15,14
1701009300,11,26,6,1355,15,14
1701009360,11,26,6,1356,15,14
1701009420,11,26,6,1357,15,14
1701009480,11,26,6,1358,15,14
1701009540,11,26,6,1359,15,14
1701009600,11,26,6,1360,15,14
1701009660,11,26,6,1361,15,14
1701009720,11,26,6,1362,15,14
1701009780,11,26,6,1363,15,14
1701009840,11,26,6,1364,15,14
1701009900,11,26,6,1365,15,14
1701009960,11,26,6,1366,15,14
1701010020,11,26,6,1367,15,14
1701010080,11,26,6,1368,15,14
1701010140,11,26,6,1369,15,14
1701010200,11,26,6,1370,15,14
1701010260,11,26,6,1371,15,14
1701010320,11,26,6,1372,15,14
1701010380,11,26,6,1373,15,14
1701010440,11,26,6,1374,15,14
1701010500,11,26,6,1375,15,14
1701010560,11,26,6,1376,15,14
1701010620,11,26,6,1377,15,14
1701010680,11,26,6,1378,15,14
1701010740,11,26,6,1379,15,14
1701010860,11,26,6,1381,15,14
1701010920,11,26,6,1382,15,14
1701010980,11,26,6,1383,15,14
1701011040,11,26,6,1384,15,14
1701011100,11,26,6,1385,15,14
1701011160,11,26,6,1386,15,14
1701011220,11,26,6,1387,15,14
1701011280,11,26,6,1388,15,14
1701011340,11,26,6,1389,15,14
1701011400,11,26,6,1390,15,14
1701011460,11,26,6,1391,15,14
1701011520,11,26,6,1392,15,14
1701011580,11,26,6,1393,15,14
1701011640,11,26,6,1394,15,14
1701011700,11,26,6,1395,15,14
1701011760,11,26,6,1396,15,14
1701011820,11,26,6,1397,15,14
1701011880,11,26,6,1398,15,14
1701011940,11,26,6,1399,15,14
1701012060,11,26,6,1401,15,14
1701012120,11,26,6,1402,15,13
1701012180,11,26,6,1403,15,14
1701012240,11,26,6,1404,15,14
1701012300,11,26,6,1405,15,14
1701012360,11,26,6,1406,15,14
1701012420,11,26,6,1407,15,14
1701012480,11,26,6,1408,15,14
1701012540,11,26,6,1409,15,14
1701012600,11,26,6,1410,15,14
1701012660,11,26,6,1411,15,14
1701012720,11,26,6,1412,15,14
1701012780,11,26,6,1413,15,14
1701012840,11,26,6,1414,15,14
1701012900,11,26,6,1415,15,14
1701012960,11,26,6,1416,15,14
1701013020,11,26,6,1417,15,14
1701013080,11,26,6,1418,15,14
1701013140,11,26,6,1419,15,14
1701013200,11,26,6,1420,15,14
1701013260,11,26,6,1421,15,14
1701013320,11,26,6,1422,15,14
1701013380,11,26,6,1423,15,14
1701013440,11,26,6,1424,15,14
1701013500,11,26,6,1425,15,14
1701013560,11,26,6,1426,15,14
1701013620,11,26,6,1427,15,14
1701013680,11,26,6,1428,15,14
1701013740,11,26,6,1429,15,14
1701013800,11,26,6,1430,15,14
1701013860,11,26,6,1431,15,14
1701013920,11,26,6,1432,15,14
1701013980,11,26,6,1433,15,14
1701014040,11,26,6,1434,15,14
1701014100,11,26,6,1435,15,14
1701014160,11,26,6,1436,15,14
1701014220,11,26,6,1437,15,14
1701014280,11,26,6,1438,15,14
1701014340,11,26,6,1439,15,14
1701014400,11,27,0,0,15,14
1701014460,11,27,0,1,15,13
1701014520,11,27,0,2,15,13
1701014580,11,27,0,3,15,12
1701014640,11,27,0,4,15,12
1701014700,11,27,0,5,15,12
1701014760,11,27,0,6,15,12
1701014820,11,27,0,7,15,12
1701014880,11,27,0,8,15,12
1701014940,11,27,0,9,15,12
1701015000,11,27,0,10,15,12
1701015060,11,27,0,11,15,12
1701015120,11,27,0,12,15,12
1701015180,11,27,0,13,15,13
1701015240,11,27,0,14,15,13
1701015300,11,27,0,15,15,13
1701015360,11,27,0,16,15,13
1701015420,11,27,0,17,15,13
1701015480,11,27,0,18,15,14
1701015540,11,27,0,19,15,14
1701015660,11,27,0,21,15,14
1701015720,11,27,0,22,15,14
1701015780,11,27,0,23,15,14
1701015840,11,27,0,24,15,14
1701015900,11,27,0,25,15,14
1701015960,11,27,0,26,15,14
1701016020,11,27,0,27,15,14
1701016080,11,27,0,28,15,14
1701016140,11,27,0,29,15,14
1701016200,11,27,0,30,15,14
1701016260,11,27,0,31,15,14
1701016320,11,27,0,32,15,14
1701016380,11,27,0,33,15,14
1701016440,11,27,0,34,15,14
1701016500,11,27,0,35,15,14
1701016560,11,27,0,36,15,14
1701016620,11,27,0,37,15,14
1701016680,11,27,0,38,15,14
1701016740,11,27,0,39,15,14
1701016800,11,27,0,40,15,14
1701016860,11,27,0,41,15,14
1701016920,11,27,0,42,15,14
1701016980,11,27,0,43,15,14
1701017040,11,27,0,44,15,14
1701017100,11,27,0,45,15,14
1701017160,11,27,0,46,15,14
1701017220,11,27,0,47,15,14
1701017280,11,27,0,48,15,14
1701017340,11,27,0,49,15,14
1701017400,11,27,0,50,15,14
1701017460,11,27,0,51,15,14
1701017520,11,27,0,52,15,14
1701017580,11,27,0,53,15,14
1701017640,11,27,0,54,15,14
1701017700,11,27,0,55,15,14
1701017760,11,27,0,56,15,13
1701017820,11,27,0,57,15,13
1701017880,11,27,0,58,15,13
1701017940,11,27,0,59,15,13
1701018000,11,27,0,60,15,13
1701018060,11,27,0,61,15,13
1701018120,11,27,0,62,15,13
1701018180,11,27,0,63,15,13
1701018240,11,27,0,64,15,14
1701018300,11,27,0,65,15,14
1701018420,11,27,0,67,15,14
1701018480,11,27,0,68,15,14
1701018540,11,27,0,69,15,14
1701018660,11,27,0,71,15,14
1701018780,11,27,0,73,15,14
1701018840,11,27,0,74,15,14
1701018900,11,27,0,75,15,14
1701018960,11,27,0,76,15,14
1701019020,11,27,0,77,15,14
1701019080,11,27,0,78,15,14
1701019140,11,27,0,79,15,14
1701019260,11,27,0,81,15,14
1701019320,11,27,0,82,15,14
1701019380,11,27,0,83,15,14
1701019440,11,27,0,84,15,14
1701019500,11,27,0,85,15,14
1701019560,11,27,0,86,15,14
1701019620,11,27,0,87,15,14
1701019680,11,27,0,88,15,13
1701019740,11,27,0,89,15,13
1701019860,11,27,0,91,15,13
1701019920,11,27,0,92,15,13
1701019980,11,27,0,93,15,13
1701020040,11,27,0,94,15,13
1701020100,11,27,0,95,15,13
1701020160,11,27,0,96,15,13
1701020220,11,27,0,97,15,13
1701020280,11,27,0,98,15,13
1701020340,11,27,0,99,15,13
1701020460,11,27,0,101,15,13
1701020520,11,27,0,102,15,13
1701020580,11,27,0,103,15,13
1701020640,11,27,0,104,15,13
1701020700,11,27,0,105,15,13
1701020760,11,27,0,106,15,13
1701020820,11,27,0,107,15,13
1701020880,11,27,0,108,15,13
1701020940,11,27,0,109,15,13
1701021060,11,27,0,111,15,13
1701021120,11,27,0,112,15,13
1701021180,11,27,0,113,15,13
1701021240,11,27,0,114,15,13
1701021300,11,27,0,115,15,13
1701021360,11,27,0,116,15,13
1701021420,11,27,0,117,15,13
1701021480,11,27,0,118,15,13
1701021540,11,27,0,119,15,13
1701021660,11,27,0,121,15,14
1701021720,11,27,0,122,15,14
1701021780,11,27,0,123,15,14
1701021840,11,27,0,124,15,14
1701021900,11,27,0,125,15,14
1701021960,11,27,0,126,15,14
1701022020,11,27,0,127,15,14
1701022080,11,27,0,128,15,14
1701022140,11,27,0,129,15,14
1701022260,11,27,0,131,15,14
1701022320,11,27,0,132,15,14
1701022380,11,27,0,133,15,14
1701022440,11,27,0,134,15,14
1701022500,11,27,0,135,15,14
1701022560,11,27,0,136,15,14
1701022620,11,27,0,137,15,14
1701022680,11,27,0,138,15,14
1701022740,11,27,0,139,15,14
1701022860,11,27,0,141,15,14
1701022920,11,27,0,142,15,14
1701022980,11,27,0,143,15,14
1701023100,11,27,0,145,15,14
1701023160,11,27,0,146,15,14
1701023220,11,27,0,147,15,14
1701023280,11,27,0,148,15,14
1701023340,11,27,0,149,15,14
1701023460,11,27,0,151,15,14
1701023520,11,27,0,152,15,14
1701023580,11,27,0,153,15,14
1701023640,11,27,0,154,15,14
1701023700,11,27,0,155,15,14
1701023760,11,27,0,156,15,14
1701023820,11,27,0,157,15,14
1701023880,11,27,0,158,15,14
1701023940,11,27,0,159,15,14
1701024000,11,27,0,160,15,14
1701024060,11,27,0,161,15,14
1701024120,11,27,0,162,15,14
1701024180,11,27,0,163,15,14
1701024240,11,27,0,164,15,14
1701024300,11,27,0,165,15,14
1701024360,11,27,0,166,15,14
1701024420,11,27,0,167,15,14
1701024540,11,27,0,169,15,14
1701024600,11,27,0,170,15,14
1701024660,11,27,0,171,15,14
1701024960,11,27,0,176,15,14
1701025020,11,27,0,177,15,14
1701025080,11,27,0,178,15,14
1701025140,11,27,0,179,15,14
1701025200,11,27,0,180,15,14
1701025260,11,27,0,181,15,14
1701025320,11,27,0,182,15,14
1701025380,11,27,0,183,15,14
1701025500,11,27,0,185,15,14
1701025560,11,27,0,186,15,14
1701025860,11,27,0,191,15,14
1701025920,11,27,0,192,15,14
1701026100,11,27,0,195,15,14
1701026880,11,27,0,208,15,13
1701026940,11,27,0,209,15,13
1701027060,11,27,0,211,15,13
1701027300,11,27,0,215,15,13
1701027360,11,27,0,216,15,13
1701027420,11,27,0,217,15,13
1701027480,11,27,0,218,15,13
1701027540,11,27,0,219,15,13
1701027720,11,27,0,222,15,13
1701027780,11,27,0,223,15,13
1701027900,11,27,0,225,15,13
1701028320,11,27,0,232,15,14
1701028380,11,27,0,233,15,14
1701028500,11,27,0,235,15,14
1701028560,11,27,0,236,15,14
1701028620,11,27,0,237,15,14
1701030600,11,27,0,270,15,13
1701030660,11,27,0,271,15,13
1701030720,11,27,0,272,15,13
1701030780,11,27,0,273,15,13
1701030840,11,27,0,274,15,13
1701030900,11,27,0,275,15,13
1701030960,11,27,0,276,15,13
1701031020,11,27,0,277,15,13
1701031440,11,27,0,284,15,13
1701031500,11,27,0,285,15,13
1701031560,11,27,0,286,15,13
1701032220,11,27,0,297,15,13
1701033300,11,27,0,315,15,13
1701033420,11,27,0,317,15,13
1701033480,11,27,0,318,15,13
1701033540,11,27,0,319,15,13
1701033660,11,27,0,321,15,13
1701033720,11,27,0,322,15,13
1701033780,11,27,0,323,15,13
1701033840,11,27,0,324,15,13
1701033900,11,27,0,325,15,13
1701033960,11,27,0,326,15,13
1701034020,11,27,0,327,15,13
1701034080,11,27,0,328,15,13
1701034140,11,27,0,329,15,13
1701034200,11,27,0,330,15,13
1701034260,11,27,0,331,15,13
1701034320,11,27,0,332,15,13
1701034380,11,27,0,333,15,13
1701034440,11,27,0,334,15,13
1701034500,11,27,0,335,15,13
1701035760,11,27,0,356,15,11
1701036060,11,27,0,361,15,12
1701036120,11,27,0,362,15,12
1701036480,11,27,0,368,15,12
1701036660,11,27,0,371,15,12
1701036900,11,27,0,375,15,13
1701036960,11,27,0,376,15,13
1701037080,11,27,0,378,15,13
1701037140,11,27,0,379,15,13
1701038340,11,27,0,399,15,14
1701039240,11,27,0,414,15,14
1701039420,11,27,0,417,15,14
1701039480,11,27,0,418,15,14
1701039540,11,27,0,419,15,14
1701039780,11,27,0,423,15,14
1701039840,11,27,0,424,15,14
1701039900,11,27,0,425,15,14
1701040020,11,27,0,427,15,13
1701040080,11,27,0,428,15,13
1701040140,11,27,0,429,15,13
1701040200,11,27,0,430,15,13
1701040380,11,27,0,433,15,13
1701040440,11,27,0,434,15,13
1701040500,11,27,0,435,15,13
1701040560,11,27,0,436,15,13
1701040620,11,27,0,437,15,13
1701040680,11,27,0,438,15,13
1701040740,11,27,0,439,15,13
1701040860,11,27,0,441,15,13
1701040920,11,27,0,442,15,13
1701041100,11,27,0,445,15,14
1701041160,11,27,0,446,15,12
1701041220,11,27,0,447,15,12
1701041280,11,27,0,448,15,13
1701041340,11,27,0,449,15,13
1701041460,11,27,0,451,15,13
1701041520,11,27,0,452,15,14
1701041700,11,27,0,455,15,13
1701041760,11,27,0,456,15,13
1701041820,11,27,0,457,15,13
1701041880,11,27,0,458,15,14
1701041940,11,27,0,459,15,14
1701042000,11,27,0,460,15,14
1701042060,11,27,0,461,15,14
1701042180,11,27,0,463,15,14
1701042300,11,27,0,465,15,14
1701042360,11,27,0,466,15,14
1701042420,11,27,0,467,15,14
1701042480,11,27,0,468,15,14
1701042540,11,27,0,469,15,14
1701042660,11,27,0,471,15,13
1701042720,11,27,0,472,15,13
1701042780,11,27,0,473,15,13
1701042900,11,27,0,475,15,13
1701042960,11,27,0,476,15,11
1701043020,11,27,0,477,15,11
1701043080,11,27,0,478,15,11
1701043140,11,27,0,479,15,12
1701043260,11,27,0,481,15,11
1701043320,11,27,0,482,15,12
1701043380,11,27,0,483,15,13
1701043440,11,27,0,484,15,12
1701043500,11,27,0,485,15,13
1701043560,11,27,0,486,15,13
1701043620,11,27,0,487,15,13
1701043740,11,27,0,489,15,12
1701043860,11,27,0,491,15,11
1701043920,11,27,0,492,15,11
1701044700,11,27,0,505,15,9
1701044820,11,27,0,507,15,9
1701044880,11,27,0,508,15,8
1701045060,11,27,0,511,15,6
1701045120,11,27,0,512,15,8
1701045180,11,27,0,513,15,8
1701045240,11,27,0,514,15,8
1701045900,11,27,0,525,15,7
1701045960,11,27,0,526,15,7
1701046020,11,27,0,527,15,7
1701046080,11,27,0,528,15,7
1701046140,11,27,0,529,15,9
1701046200,11,27,0,530,15,8
1701046260,11,27,0,531,15,7
1701046440,11,27,0,534,15,6
1701046620,11,27,0,537,15,6
1701046680,11,27,0,538,15,8
1701046740,11,27,0,539,15,9
1701046860,11,27,0,541,15,8
1701047100,11,27,0,545,15,6
1701047160,11,27,0,546,15,6
1701047280,11,27,0,548,15,7
1701047340,11,27,0,549,15,7
1701047400,11,27,0,550,15,7
1701047460,11,27,0,551,15,7
1701047640,11,27,0,554,15,7
1701047700,11,27,0,555,15,7
1701047760,11,27,0,556,15,7
1701047820,11,27,0,557,15,7
1701047880,11,27,0,558,15,7
1701047940,11,27,0,559,15,6
1701048180,11,27,0,563,15,7
1701048240,11,27,0,564,15,7
1701048360,11,27,0,566,15,7
1701048660,11,27,0,571,15,6
1701048720,11,27,0,572,15,6
1701049020,11,27,0,577,15,5
1701049080,11,27,0,578,15,3
1701049140,11,27,0,579,15,3
1701049200,11,27,0,580,15,3
1701049260,11,27,0,581,15,3
1701049320,11,27,0,582,15,3
1701049380,11,27,0,583,15,3
1701049440,11,27,0,584,15,1
1701049500,11,27,0,585,15,1
1701049560,11,27,0,586,15,1
1701049620,11,27,0,587,15,1
1701049800,11,27,0,590,15,1
1701049860,11,27,0,591,15,1
1701049920,11,27,0,592,15,1
1701049980,11,27,0,593,15,1
1701050040,11,27,0,594,15,1
1701050100,11,27,0,595,15,1
1701050280,11,27,0,598,15,0
1701050340,11,27,0,599,15,0
1701051840,11,27,0,624,15,0
1701052080,11,27,0,628,15,0
1701052140,11,27,0,629,15,0
1701052260,11,27,0,631,15,0
1701052320,11,27,0,632,15,0
1701052380,11,27,0,633,15,0
1701052440,11,27,0,634,15,0
1701052500,11,27,0,635,15,0
1701052560,11,27,0,636,15,0
1701052740,11,27,0,639,15,1
1701052800,11,27,0,640,15,1
1701052860,11,27,0,641,15,1
1701052980,11,27,0,643,15,1
1701055740,11,27,0,689,15,5
1701055800,11,27,0,690,15,5
1701055860,11,27,0,691,15,5
1701055920,11,27,0,692,15,5
1701055980,11,27,0,693,15,5
1701056040,11,27,0,694,15,5
1701056100,11,27,0,695,15,4
1701056160,11,27,0,696,15,4
1701056220,11,27,0,697,15,4
1701056280,11,27,0,698,15,2
1701056340,11,27,0,699,15,3
1701056400,11,27,0,700,15,3
1701056460,11,27,0,701,15,3
1701056520,11,27,0,702,15,4
1701056580,11,27,0,703,15,3
1701056640,11,27,0,704,15,3
1701056700,11,27,0,705,15,4
1701056760,11,27,0,706,15,4
1701056820,11,27,0,707,15,4
1701056880,11,27,0,708,15,3
1701056940,11,27,0,709,15,1
1701057000,11,27,0,710,15,1
1701057060,11,27,0,711,15,1
1701057120,11,27,0,712,15,1
1701057180,11,27,0,713,15,1
1701057240,11,27,0,714,15,1
1701057300,11,27,0,715,15,1
1701057360,11,27,0,716,15,1
1701057420,11,27,0,717,15,1
1701057480,11,27,0,718,15,0
1701057540,11,27,0,719,15,1
1701057660,11,27,0,721,15,1
1701057720,11,27,0,722,15,1
1701057780,11,27,0,723,15,0
1701057840,11,27,0,724,15,0
1701057900,11,27,0,725,15,0
1701057960,11,27,0,726,15,0
1701058020,11,27,0,727,15,0
1701058080,11,27,0,728,15,0
1701058140,11,27,0,729,15,0
1701058200,11,27,0,730,15,0
1701058260,11,27,0,731,15,0
1701058320,11,27,0,732,15,1
1701058380,11,27,0,733,15,1
1701058440,11,27,0,734,15,1
1701058500,11,27,0,735,15,1
1701058560,11,27,0,736,15,1
1701058620,11,27,0,737,15,1
1701058680,11,27,0,738,15,0
1701058740,11,27,0,739,15,0
1701058860,11,27,0,741,15,0
1701058920,11,27,0,742,15,1
1701058980,11,27,0,743,15,0
1701059040,11,27,0,744,15,0
1701059100,11,27,0,745,15,1
1701059160,11,27,0,746,15,1
1701059220,11,27,0,747,15,0
1701059280,11,27,0,748,15,0
1701059340,11,27,0,749,15,0
1701059460,11,27,0,751,15,0
1701059520,11,27,0,752,15,0
1701059580,11,27,0,753,15,0
1701059640,11,27,0,754,15,0
1701059700,11,27,0,755,15,0
1701059760,11,27,0,756,15,1
1701059820,11,27,0,757,15,1
1701059880,11,27,0,758,15,1
1701059940,11,27,0,759,15,0
1701060000,11,27,0,760,15,0
1701060060,11,27,0,761,15,0
1701060120,11,27,0,762,15,0
1701060180,11,27,0,763,15,0
1701060240,11,27,0,764,15,0
1701060300,11,27,0,765,15,0
1701060360,11,27,0,766,15,0
1701060420,11,27,0,767,15,0
1701060480,11,27,0,768,15,0
1701060540,11,27,0,769,15,1
1701060600,11,27,0,770,15,1
1701060660,11,27,0,771,15,1
1701060720,11,27,0,772,15,0
1701060780,11,27,0,773,15,0
1701060840,11,27,0,774,15,0
1701060900,11,27,0,775,15,0
1701060960,11,27,0,776,15,1
1701061020,11,27,0,777,15,0
1701061080,11,27,0,778,15,0
1701061140,11,27,0,779,15,1
1701061260,11,27,0,781,15,0
1701061320,11,27,0,782,15,0
1701061380,11,27,0,783,15,0
1701061440,11,27,0,784,15,0
1701061500,11,27,0,785,15,0
1701061560,11,27,0,786,15,2
1701061620,11,27,0,787,15,1
1701061680,11,27,0,788,15,1
1701061740,11,27,0,789,15,0
1701061860,11,27,0,791,15,2
1701061920,11,27,0,792,15,2
1701061980,11,27,0,793,15,2
1701062040,11,27,0,794,15,3
1701062100,11,27,0,795,15,3
1701062160,11,27,0,796,15,3
1701062220,11,27,0,797,15,3
1701062280,11,27,0,798,15,1
1701062340,11,27,0,799,15,1
1701062460,11,27,0,801,15,0
1701062520,11,27,0,802,15,2
1701062580,11,27,0,803,15,2
1701062640,11,27,0,804,15,1
1701062700,11,27,0,805,15,2
1701062760,11,27,0,806,15,3
1701062820,11,27,0,807,15,4
1701062880,11,27,0,808,15,4
1701062940,11,27,0,809,15,2
1701063060,11,27,0,811,15,2
1701063120,11,27,0,812,15,2
1701063180,11,27,0,813,15,2
1701063240,11,27,0,814,15,1
1701063300,11,27,0,815,15,2
1701063360,11,27,0,816,15,2
1701063420,11,27,0,817,15,2
1701063480,11,27,0,818,15,2
1701063540,11,27,0,819,15,2
1701063660,11,27,0,821,15,2
1701063720,11,27,0,822,15,3
1701063780,11,27,0,823,15,3
1701063840,11,27,0,824,15,3
1701063900,11,27,0,825,15,3
1701063960,11,27,0,826,15,7
1701064020,11,27,0,827,15,8
1701064080,11,27,0,828,15,5
1701064140,11,27,0,829,15,5
1701064260,11,27,0,831,15,4
1701064320,11,27,0,832,15,4
1701064380,11,27,0,833,15,4
1701064440,11,27,0,834,15,4
1701064500,11,27,0,835,15,4
1701064560,11,27,0,836,15,2
1701064620,11,27,0,837,15,1
1701064680,11,27,0,838,15,1
1701064740,11,27,0,839,15,0
1701064860,11,27,0,841,15,0
1701064920,11,27,0,842,15,0
1701064980,11,27,0,843,15,0
1701065040,11,27,0,844,15,0
1701065100,11,27,0,845,15,0
1701065160,11,27,0,846,15,0
1701065220,11,27,0,847,15,0
1701065280,11,27,0,848,15,0
1701065340,11,27,0,849,15,0
1701065460,11,27,0,851,15,0
1701065520,11,27,0,852,15,0
1701065580,11,27,0,853,15,1
1701065640,11,27,0,854,15,1
1701065700,11,27,0,855,15,1
1701065760,11,27,0,856,15,1
1701065820,11,27,0,857,15,1
1701065880,11,27,0,858,15,2
1701065940,11,27,0,859,15,2
1701066060,11,27,0,861,15,0
1701066120,11,27,0,862,15,0
1701066180,11,27,0,863,15,0
1701066240,11,27,0,864,15,0
1701066300,11,27,0,865,15,0
1701066360,11,27,0,866,15,0
1701066420,11,27,0,867,15,0
1701066480,11,27,0,868,15,0
1701066540,11,27,0,869,15,0
1701066600,11,27,0,870,15,0
1701066720,11,27,0,872,15,0
1701066780,11,27,0,873,15,0
1701066840,11,27,0,874,15,0
1701066900,11,27,0,875,15,0
1701066960,11,27,0,876,15,0
1701067020,11,27,0,877,15,0
1701067080,11,27,0,878,15,0
1701067140,11,27,0,879,15,0
1701067200,11,27,0,880,15,0
1701067260,11,27,0,881,15,0
1701067320,11,27,0,882,15,0
1701067380,11,27,0,883,15,0
1701067440,11,27,0,884,15,0
1701067500,11,27,0,885,15,0
1701067560,11,27,0,886,15,0
1701067620,11,27,0,887,15,0
1701067680,11,27,0,888,15,0
1701067740,11,27,0,889,15,0
1701067800,11,27,0,890,15,0
1701067860,11,27,0,891,15,1
1701067920,11,27,0,892,15,1
1701067980,11,27,0,893,15,1
1701068040,11,27,0,894,15,1
1701068100,11,27,0,895,15,1
1701068160,11,27,0,896,15,1
1701068220,11,27,0,897,15,1
1701068280,11,27,0,898,15,0
1701068340,11,27,0,899,15,0
1701068460,11,27,0,901,15,0
1701068520,11,27,0,902,15,0
1701068580,11,27,0,903,15,0
1701068640,11,27,0,904,15,0
1701068700,11,27,0,905,15,1
1701068760,11,27,0,906,15,0
1701068820,11,27,0,907,15,0
1701068880,11,27,0,908,15,0
1701068940,11,27,0,909,15,0
1701069000,11,27,0,910,15,0
1701069060,11,27,0,911,15,0
1701069120,11,27,0,912,15,0
1701069180,11,27,0,913,15,0
1701069240,11,27,0,914,15,1
1701069300,11,27,0,915,15,0
1701069360,11,27,0,916,15,0
1701069420,11,27,0,917,15,0
1701069480,11,27,0,918,15,0
1701069540,11,27,0,919,15,2
1701069660,11,27,0,921,15,1
1701069720,11,27,0,922,15,0
1701069780,11,27,0,923,15,0
1701069840,11,27,0,924,15,0
1701069900,11,27,0,925,15,0
1701069960,11,27,0,926,15,0
1701070020,11,27,0,927,15,0
1701070080,11,27,0,928,15,0
1701070140,11,27,0,929,15,0
1701070260,11,27,0,931,15,1
1701070320,11,27,0,932,15,1
1701070380,11,27,0,933,15,0
1701070440,11,27,0,934,15,0
1701070500,11,27,0,935,15,1
1701070560,11,27,0,936,15,1
1701070620,11,27,0,937,15,0
1701070680,11,27,0,938,15,0
1701070740,11,27,0,939,15,0
1701070800,11,27,0,940,15,0
1701070860,11,27,0,941,15,0
1701070920,11,27,0,942,15,0
1701070980,11,27,0,943,15,0
1701071040,11,27,0,944,15,0
1701071100,11,27,0,945,15,0
1701071160,11,27,0,946,15,0
1701071220,11,27,0,947,15,0
1701071280,11,27,0,948,15,0
1701071340,11,27,0,949,15,0
1701071400,11,27,0,950,15,0
1701071460,11,27,0,951,15,0
1701071520,11,27,0,952,15,0
1701071580,11,27,0,953,15,2
1701071640,11,27,0,954,15,1
1701071760,11,27,0,956,15,1
1701071820,11,27,0,957,15,1
1701071880,11,27,0,958,15,2
1701071940,11,27,0,959,15,2
1701072060,11,27,0,961,15,1
1701072120,11,27,0,962,15,1
1701072180,11,27,0,963,15,0
1701072240,11,27,0,964,15,0
1701072300,11,27,0,965,15,0
1701072360,11,27,0,966,15,0
1701072420,11,27,0,967,15,0
1701072480,11,27,0,968,15,0
1701072540,11,27,0,969,15,0
1701072600,11,27,0,970,15,0
1701072660,11,27,0,971,15,1
1701072720,11,27,0,972,15,1
1701072780,11,27,0,973,15,1
1701072840,11,27,0,974,15,0
1701072900,11,27,0,975,15,0
1701072960,11,27,0,976,15,0
1701073020,11,27,0,977,15,0
1701073140,11,27,0,979,15,0
1701073260,11,27,0,981,15,0
1701073320,11,27,0,982,15,0
1701073380,11,27,0,983,15,0
1701073440,11,27,0,984,15,0
1701073500,11,27,0,985,15,0
1701073560,11,27,0,986,15,2
1701073620,11,27,0,987,15,3
1701073740,11,27,0,989,15,3
1701073860,11,27,0,991,15,1
1701073920,11,27,0,992,15,1
1701073980,11,27,0,993,15,1
1701074040,11,27,0,994,15,3
1701074100,11,27,0,995,15,2
1701074160,11,27,0,996,15,1
1701074220,11,27,0,997,15,1
1701074280,11,27,0,998,15,0
1701074340,11,27,0,999,15,1
1701074460,11,27,0,1001,15,3
1701074520,11,27,0,1002,15,3
1701074580,11,27,0,1003,15,2
1701074640,11,27,0,1004,15,0
1701074700,11,27,0,1005,15,0
1701074760,11,27,0,1006,15,0
1701074820,11,27,0,1007,15,0
1701074880,11,27,0,1008,15,0
1701074940,11,27,0,1009,15,0
1701075060,11,27,0,1011,15,0
1701075120,11,27,0,1012,15,0
1701075180,11,27,0,1013,15,0
1701075240,11,27,0,1014,15,0
1701075360,11,27,0,1016,15,1
1701075420,11,27,0,1017,15,1
1701075480,11,27,0,1018,15,1
1701075540,11,27,0,1019,15,1
1701075660,11,27,0,1021,15,1
1701075720,11,27,0,1022,15,2
1701075780,11,27,0,1023,15,2
1701075900,11,27,0,1025,15,2
1701075960,11,27,0,1026,15,0
1701076020,11,27,0,1027,15,1
1701076140,11,27,0,1029,15,1
1701076260,11,27,0,1031,15,0
1701076320,11,27,0,1032,15,0
1701076380,11,27,0,1033,15,0
1701076440,11,27,0,1034,15,0
1701076500,11,27,0,1035,15,0
1701076560,11,27,0,1036,15,0
1701076620,11,27,0,1037,15,0
1701076680,11,27,0,1038,15,0
1701076740,11,27,0,1039,15,0
1701076860,11,27,0,1041,15,0
1701076980,11,27,0,1043,15,1
1701077040,11,27,0,1044,15,1
1701077100,11,27,0,1045,15,1
1701077160,11,27,0,1046,15,0
1701077220,11,27,0,1047,15,0
1701077280,11,27,0,1048,15,0
1701077340,11,27,0,1049,15,1
1701077520,11,27,0,1052,15,0
1701077580,11,27,0,1053,15,0
1701077640,11,27,0,1054,15,0
1701077760,11,27,0,1056,15,1
1701077820,11,27,0,1057,15,2
1701077880,11,27,0,1058,15,3
1701077940,11,27,0,1059,15,2
1701078060,11,27,0,1061,15,2
1701078120,11,27,0,1062,15,3
1701078180,11,27,0,1063,15,1
1701078240,11,27,0,1064,15,1
1701078300,11,27,0,1065,15,1
1701078360,11,27,0,1066,15,1
1701078420,11,27,0,1067,15,0
1701078480,11,27,0,1068,15,0
1701078540,11,27,0,1069,15,0
1701078600,11,27,0,1070,15,0
1701078660,11,27,0,1071,15,0
1701078720,11,27,0,1072,15,0
1701078780,11,27,0,1073,15,1
1701078840,11,27,0,1074,15,1
1701078900,11,27,0,1075,15,3
1701078960,11,27,0,1076,15,1
1701079020,11,27,0,1077,15,1
1701079080,11,27,0,1078,15,1
1701079140,11,27,0,1079,15,1
1701079260,11,27,0,1081,15,1
1701079380,11,27,0,1083,15,1
1701079440,11,27,0,1084,15,1
1701079500,11,27,0,1085,15,3
1701079560,11,27,0,1086,15,1
1701079620,11,27,0,1087,15,1
1701079680,11,27,0,1088,15,1
1701079740,11,27,0,1089,15,1
1701079800,11,27,0,1090,15,1
1701079860,11,27,0,1091,15,0
1701079920,11,27,0,1092,15,0
1701079980,11,27,0,1093,15,1
1701080040,11,27,0,1094,15,1
1701080100,11,27,0,1095,15,1
1701080160,11,27,0,1096,15,1
1701080220,11,27,0,1097,15,1
1701080280,11,27,0,1098,15,1
1701080340,11,27,0,1099,15,1
1701080460,11,27,0,1101,15,0
1701080520,11,27,0,1102,15,0
1701080580,11,27,0,1103,15,0
1701080640,11,27,0,1104,15,0
1701080700,11,27,0,1105,15,0
1701080760,11,27,0,1106,15,0
1701080820,11,27,0,1107,15,0
1701080880,11,27,0,1108,15,0
1701080940,11,27,0,1109,15,0
1701081060,11,27,0,1111,15,0
1701081120,11,27,0,1112,15,0
1701081180,11,27,0,1113,15,1
1701081240,11,27,0,1114,15,0
1701081300,11,27,0,1115,15,0
1701081360,11,27,0,1116,15,0
1701081420,11,27,0,1117,15,0
1701081480,11,27,0,1118,15,1
1701081540,11,27,0,1119,15,1
1701081600,11,27,0,1120,15,1
1701081660,11,27,0,1121,15,1
1701081720,11,27,0,1122,15,0
1701081780,11,27,0,1123,15,0
1701081840,11,27,0,1124,15,0
1701081900,11,27,0,1125,15,5
1701081960,11,27,0,1126,15,5
1701082020,11,27,0,1127,15,5
1701082080,11,27,0,1128,15,5
1701082140,11,27,0,1129,15,4
1701082200,11,27,0,1130,15,4
1701082260,11,27,0,1131,15,3
1701082320,11,27,0,1132,15,3
1701082380,11,27,0,1133,15,3
1701082440,11,27,0,1134,15,4
1701082500,11,27,0,1135,15,4
1701082560,11,27,0,1136,15,3
1701082620,11,27,0,1137,15,3
1701082680,11,27,0,1138,15,3
1701082740,11,27,0,1139,15,3
1701082860,11,27,0,1141,15,1
1701082920,11,27,0,1142,15,1
1701082980,11,27,0,1143,15,0
1701083040,11,27,0,1144,15,0
1701083100,11,27,0,1145,15,0
1701083160,11,27,0,1146,15,0
1701083220,11,27,0,1147,15,0
1701083280,11,27,0,1148,15,0
1701083340,11,27,0,1149,15,0
1701083400,11,27,0,1150,15,0
1701083460,11,27,0,1151,15,0
1701083520,11,27,0,1152,15,0
1701083580,11,27,0,1153,15,2
1701083640,11,27,0,1154,15,1
1701083700,11,27,0,1155,15,2
1701083760,11,27,0,1156,15,2
1701083820,11,27,0,1157,15,2
1701083880,11,27,0,1158,15,2
1701083940,11,27,0,1159,15,1
1701084060,11,27,0,1161,15,2
1701084120,11,27,0,1162,15,2
1701084180,11,27,0,1163,15,2
1701084240,11,27,0,1164,15,2
1701084300,11,27,0,1165,15,1
1701084360,11,27,0,1166,15,1
1701084420,11,27,0,1167,15,1
1701084480,11,27,0,1168,15,0
1701084540,11,27,0,1169,15,2
1701084660,11,27,0,1171,15,2
1701084720,11,27,0,1172,15,2
1701084780,11,27,0,1173,15,4
1701084840,11,27,0,1174,15,4
1701084900,11,27,0,1175,15,2
1701084960,11,27,0,1176,15,2
1701085020,11,27,0,1177,15,2
1701085140,11,27,0,1179,15,2
1701085260,11,27,0,1181,15,3
1701085320,11,27,0,1182,15,5
1701085380,11,27,0,1183,15,5
1701085440,11,27,0,1184,15,4
1701085500,11,27,0,1185,15,4
1701085560,11,27,0,1186,15,4
1701085620,11,27,0,1187,15,4
1701085680,11,27,0,1188,15,4
1701085740,11,27,0,1189,15,4
1701085860,11,27,0,1191,15,3
1701085920,11,27,0,1192,15,3
1701085980,11,27,0,1193,15,3
1701086040,11,27,0,1194,15,3
1701086100,11,27,0,1195,15,3
1701086160,11,27,0,1196,15,3
1701086220,11,27,0,1197,15,3
1701086280,11,27,0,1198,15,3
1701086340,11,27,0,1199,15,2
1701086460,11,27,0,1201,15,2
1701086520,11,27,0,1202,15,3
1701086580,11,27,0,1203,15,2
1701086640,11,27,0,1204,15,2
1701086700,11,27,0,1205,15,2
1701086760,11,27,0,1206,15,6
1701086820,11,27,0,1207,15,6
1701086880,11,27,0,1208,15,6
1701086940,11,27,0,1209,15,6
1701087000,11,27,0,1210,15,5
1701087060,11,27,0,1211,15,5
1701087120,11,27,0,1212,15,5
1701087180,11,27,0,1213,15,5
1701087240,11,27,0,1214,15,6
1701087300,11,27,0,1215,15,6
1701087420,11,27,0,1217,15,6
1701087480,11,27,0,1218,15,6
1701087540,11,27,0,1219,15,7
1701087660,11,27,0,1221,15,7
1701087780,11,27,0,1223,15,9
1701087840,11,27,0,1224,15,9
1701087900,11,27,0,1225,15,9
1701087960,11,27,0,1226,15,9
1701088020,11,27,0,1227,15,9
1701088080,11,27,0,1228,15,9
1701088140,11,27,0,1229,15,7
1701088260,11,27,0,1231,15,7
1701088320,11,27,0,1232,15,7
1701088380,11,27,0,1233,15,7
1701088440,11,27,0,1234,15,8
1701088500,11,27,0,1235,15,7
1701088560,11,27,0,1236,15,7
1701088620,11,27,0,1237,15,7
1701088680,11,27,0,1238,15,7
1701088740,11,27,0,1239,15,7
1701088800,11,27,0,1240,15,7
1701088860,11,27,0,1241,15,7
1701088920,11,27,0,1242,15,8
1701088980,11,27,0,1243,15,8
1701089040,11,27,0,1244,15,8
1701089100,11,27,0,1245,15,8
1701089160,11,27,0,1246,15,8
1701089220,11,27,0,1247,15,8
1701089280,11,27,0,1248,15,8
1701089340,11,27,0,1249,15,8
1701089460,11,27,0,1251,15,7
1701089520,11,27,0,1252,15,7
1701089580,11,27,0,1253,15,7
1701089640,11,27,0,1254,15,6
1701089700,11,27,0,1255,15,6
1701089760,11,27,0,1256,15,6
1701089820,11,27,0,1257,15,6
1701089880,11,27,0,1258,15,6
1701089940,11,27,0,1259,15,6
1701090060,11,27,0,1261,15,6
1701090120,11,27,0,1262,15,6
1701090180,11,27,0,1263,15,6
1701090300,11,27,0,1265,15,5
1701090360,11,27,0,1266,15,5
1701090420,11,27,0,1267,15,5
1701090480,11,27,0,1268,15,4
1701090540,11,27,0,1269,15,4
1701090600,11,27,0,1270,15,5
1701090660,11,27,0,1271,15,5
1701090720,11,27,0,1272,15,5
1701090780,11,27,0,1273,15,5
1701090840,11,27,0,1274,15,5
1701090900,11,27,0,1275,15,5
1701090960,11,27,0,1276,15,5
1701091020,11,27,0,1277,15,5
1701091080,11,27,0,1278,15,5
1701091140,11,27,0,1279,15,5
1701091260,11,27,0,1281,15,5
1701091320,11,27,0,1282,15,5
1701091380,11,27,0,1283,15,5
1701091440,11,27,0,1284,15,5
1701091500,11,27,0,1285,15,5
1701091560,11,27,0,1286,15,5
1701091620,11,27,0,1287,15,5
1701091680,11,27,0,1288,15,5
1701091740,11,27,0,1289,15,5
1701091860,11,27,0,1291,15,5
1701091920,11,27,0,1292,15,5
1701091980,11,27,0,1293,15,5
1701092040,11,27,0,1294,15,4
1701092100,11,27,0,1295,15,3
1701092160,11,27,0,1296,15,3
1701092220,11,27,0,1297,15,3
1701092280,11,27,0,1298,15,3
1701092340,11,27,0,1299,15,3
1701092400,11,27,0,1300,15,3
1701092460,11,27,0,1301,15,3
1701092520,11,27,0,1302,15,3
1701092580,11,27,0,1303,15,2
1701092640,11,27,0,1304,15,1
1701092700,11,27,0,1305,15,1
1701092760,11,27,0,1306,15,2
1701092820,11,27,0,1307,15,1
1701092880,11,27,0,1308,15,1
1701092940,11,27,0,1309,15,1
1701093000,11,27,0,1310,15,1
1701093060,11,27,0,1311,15,1
1701093120,11,27,0,1312,15,1
1701093180,11,27,0,1313,15,1
1701093240,11,27,0,1314,15,0
1701093300,11,27,0,1315,15,0
1701093360,11,27,0,1316,15,0
1701093420,11,27,0,1317,15,0
1701093480,11,27,0,1318,15,1
1701093540,11,27,0,1319,15,1
1701093660,11,27,0,1321,15,1
1701093720,11,27,0,1322,15,2
1701093780,11,27,0,1323,15,2
1701093840,11,27,0,1324,15,2
1701093900,11,27,0,1325,15,2
1701093960,11,27,0,1326,15,3
1701094020,11,27,0,1327,15,3
1701094080,11,27,0,1328,15,3
1701094140,11,27,0,1329,15,3
1701094200,11,27,0,1330,15,3
1701094260,11,27,0,1331,15,3
1701094320,11,27,0,1332,15,3
1701094380,11,27,0,1333,15,3
1701094440,11,27,0,1334,15,1
1701094500,11,27,0,1335,15,1
1701094560,11,27,0,1336,15,1
1701094620,11,27,0,1337,15,1
1701094680,11,27,0,1338,15,1
1701094740,11,27,0,1339,15,0
1701094860,11,27,0,1341,15,0
1701094920,11,27,0,1342,15,0
1701094980,11,27,0,1343,15,0
1701095040,11,27,0,1344,15,0
1701095100,11,27,0,1345,15,0
1701095160,11,27,0,1346,15,0
1701095220,11,27,0,1347,15,0
1701095280,11,27,0,1348,15,0
1701095340,11,27,0,1349,15,0
1701095460,11,27,0,1351,15,0
1701095520,11,27,0,1352,15,0
1701095580,11,27,0,1353,15,0
1701095640,11,27,0,1354,15,1
1701095700,11,27,0,1355,15,1
1701095760,11,27,0,1356,15,1
1701095820,11,27,0,1357,15,0
1701095880,11,27,0,1358,15,0
1701095940,11,27,0,1359,15,0
1701096000,11,27,0,1360,15,0
1701096060,11,27,0,1361,15,0
1701096120,11,27,0,1362,15,2
1701096180,11,27,0,1363,15,2
1701096240,11,27,0,1364,15,2
1701096300,11,27,0,1365,15,2
1701096360,11,27,0,1366,15,2
1701096420,11,27,0,1367,15,3
1701096480,11,27,0,1368,15,3
1701096540,11,27,0,1369,15,3
1701096600,11,27,0,1370,15,3
1701096660,11,27,0,1371,15,3
1701096720,11,27,0,1372,15,3
1701096780,11,27,0,1373,15,3
1701096840,11,27,0,1374,15,3
1701096900,11,27,0,1375,15,3
1701096960,11,27,0,1376,15,3
1701097020,11,27,0,1377,15,3
1701097080,11,27,0,1378,15,5
1701097140,11,27,0,1379,15,5
1701097260,11,27,0,1381,15,5
1701097320,11,27,0,1382,15,6
1701097380,11,27,0,1383,15,6
1701097440,11,27,0,1384,15,6
1701097500,11,27,0,1385,15,6
1701097560,11,27,0,1386,15,6
1701097620,11,27,0,1387,15,6
1701097680,11,27,0,1388,15,6
1701097740,11,27,0,1389,15,6
1701097860,11,27,0,1391,15,6
1701097920,11,27,0,1392,15,6
1701097980,11,27,0,1393,15,6
1701098040,11,27,0,1394,15,6
1701098100,11,27,0,1395,15,6
1701098160,11,27,0,1396,15,6
1701098220,11,27,0,1397,15,6
1701098280,11,27,0,1398,15,7
1701098340,11,27,0,1399,15,7
1701098460,11,27,0,1401,15,10
1701098520,11,27,0,1402,15,10
1701098580,11,27,0,1403,15,11
1701098640,11,27,0,1404,15,11
1701098700,11,27,0,1405,15,11
1701098760,11,27,0,1406,15,11
1701098820,11,27,0,1407,15,11
1701098880,11,27,0,1408,15,11
1701098940,11,27,0,1409,15,11
1701099060,11,27,0,1411,15,10
1701099120,11,27,0,1412,15,10
1701099180,11,27,0,1413,15,10
1701099240,11,27,0,1414,15,10
1701099300,11,27,0,1415,15,10
1701099360,11,27,0,1416,15,10
1701099420,11,27,0,1417,15,10
1701099480,11,27,0,1418,15,10
1701099540,11,27,0,1419,15,10
1701099660,11,27,0,1421,15,10
1701099720,11,27,0,1422,15,10
1701099780,11,27,0,1423,15,10
1701099840,11,27,0,1424,15,9
1701099900,11,27,0,1425,15,9
1701099960,11,27,0,1426,15,8
1701100020,11,27,0,1427,15,8
1701100080,11,27,0,1428,15,8
1701100140,11,27,0,1429,15,8
1701100260,11,27,0,1431,15,7
1701100320,11,27,0,1432,15,7
1701100380,11,27,0,1433,15,7
1701100440,11,27,0,1434,15,7
1701100500,11,27,0,1435,15,7
1701100560,11,27,0,1436,15,7
1701100620,11,27,0,1437,15,7
1701100680,11,27,0,1438,15,7
1701100740,11,27,0,1439,15,7
1701100860,11,28,1,1,15,7
1701100920,11,28,1,2,15,6
1701100980,11,28,1,3,15,6
1701101040,11,28,1,4,15,6
1701101100,11,28,1,5,15,5
1701101160,11,28,1,6,15,5
1701101220,11,28,1,7,15,5
1701101280,11,28,1,8,15,5
1701101340,11,28,1,9,15,6
1701101460,11,28,1,11,15,6
1701101520,11,28,1,12,15,6
1701101580,11,28,1,13,15,6
1701101640,11,28,1,14,15,6
1701101700,11,28,1,15,15,6
1701101760,11,28,1,16,15,6
1701101820,11,28,1,17,15,6
1701101880,11,28,1,18,15,6
1701101940,11,28,1,19,15,6
1701102060,11,28,1,21,15,7
1701102120,11,28,1,22,15,7
1701102180,11,28,1,23,15,7
1701102240,11,28,1,24,15,7
1701102300,11,28,1,25,15,7
1701102360,11,28,1,26,15,7
1701102420,11,28,1,27,15,8
1701102480,11,28,1,28,15,8
1701102540,11,28,1,29,15,9
1701102600,11,28,1,30,15,9
1701102660,11,28,1,31,15,9
1701102720,11,28,1,32,15,9
1701102780,11,28,1,33,15,9
1701102840,11,28,1,34,15,9
1701102900,11,28,1,35,15,10
1701102960,11,28,1,36,15,10
1701103020,11,28,1,37,15,10
1701103080,11,28,1,38,15,10
1701103140,11,28,1,39,15,10
1701103200,11,28,1,40,15,10
1701103260,11,28,1,41,15,10
1701103320,11,28,1,42,15,10
1701103380,11,28,1,43,15,9
1701103440,11,28,1,44,15,8
1701103500,11,28,1,45,15,8
1701103560,11,28,1,46,15,8
1701103620,11,28,1,47,15,8
1701103680,11,28,1,48,15,8
1701103740,11,28,1,49,15,8
1701103860,11,28,1,51,15,8
1701103920,11,28,1,52,15,9
1701103980,11,28,1,53,15,9
1701104040,11,28,1,54,15,9
1701104100,11,28,1,55,15,9
1701104160,11,28,1,56,15,9
1701104220,11,28,1,57,15,9
1701104280,11,28,1,58,15,9
1701104340,11,28,1,59,15,9
1701104460,11,28,1,61,15,9
1701104520,11,28,1,62,15,9
1701104580,11,28,1,63,15,9
1701104640,11,28,1,64,15,9
1701104760,11,28,1,66,15,9
1701104820,11,28,1,67,15,9
1701104880,11,28,1,68,15,9
1701104940,11,28,1,69,15,9
1701105060,11,28,1,71,15,9
1701105120,11,28,1,72,15,9
1701105180,11,28,1,73,15,9
1701105240,11,28,1,74,15,9
1701105300,11,28,1,75,15,10
1701105360,11,28,1,76,15,10
1701105420,11,28,1,77,15,10
1701105480,11,28,1,78,15,7
1701105540,11,28,1,79,15,7
1701105660,11,28,1,81,15,8
1701105720,11,28,1,82,15,8
1701105780,11,28,1,83,15,8
1701105840,11,28,1,84,15,8
1701105900,11,28,1,85,15,8
1701105960,11,28,1,86,15,8
1701106020,11,28,1,87,15,8
1701106080,11,28,1,88,15,8
1701106140,11,28,1,89,15,8
1701106260,11,28,1,91,15,8
1701106320,11,28,1,92,15,8
1701106380,11,28,1,93,15,8
1701106440,11,28,1,94,15,8
1701106500,11,28,1,95,15,9
1701106560,11,28,1,96,15,9
1701106620,11,28,1,97,15,9
1701106680,11,28,1,98,15,9
1701106740,11,28,1,99,15,9
1701106860,11,28,1,101,15,10
1701106920,11,28,1,102,15,10
1701106980,11,28,1,103,15,10
1701107040,11,28,1,104,15,10
1701107100,11,28,1,105,15,10
1701107160,11,28,1,106,15,10
1701107220,11,28,1,107,15,10
1701107280,11,28,1,108,15,10
1701107340,11,28,1,109,15,10
1701107460,11,28,1,111,15,10
1701107520,11,28,1,112,15,10
1701107580,11,28,1,113,15,10
1701107640,11,28,1,114,15,10
1701107700,11,28,1,115,15,10
1701107820,11,28,1,117,15,10
1701107880,11,28,1,118,15,10
1701107940,11,28,1,119,15,10
1701108060,11,28,1,121,15,10
1701108120,11,28,1,122,15,10
1701108180,11,28,1,123,15,10
1701108240,11,28,1,124,15,10
1701108300,11,28,1,125,15,10
1701108360,11,28,1,126,15,10
1701108420,11,28,1,127,15,10
1701108480,11,28,1,128,15,10
1701108540,11,28,1,129,15,10
1701108660,11,28,1,131,15,10
1701108720,11,28,1,132,15,10
1701108780,11,28,1,133,15,10
1701108840,11,28,1,134,15,10
1701108900,11,28,1,135,15,10
1701108960,11,28,1,136,15,8
1701109020,11,28,1,137,15,8
1701109080,11,28,1,138,15,8
1701109140,11,28,1,139,15,8
1701109260,11,28,1,141,15,8
1701109320,11,28,1,142,15,8
1701109380,11,28,1,143,15,8
1701109440,11,28,1,144,15,8
1701109500,11,28,1,145,15,8
1701109560,11,28,1,146,15,8
1701109620,11,28,1,147,15,8
1701109680,11,28,1,148,15,8
1701109740,11,28,1,149,15,8
1701109860,11,28,1,151,15,8
1701109920,11,28,1,152,15,8
1701109980,11,28,1,153,15,8
1701110040,11,28,1,154,15,8
1701110100,11,28,1,155,15,8
1701110160,11,28,1,156,15,8
1701110220,11,28,1,157,15,8
1701110280,11,28,1,158,15,8
1701110340,11,28,1,159,15,8
1701110460,11,28,1,161,15,8
1701110520,11,28,1,162,15,8
1701110580,11,28,1,163,15,8
1701110640,11,28,1,164,15,8
1701110700,11,28,1,165,15,8
1701110760,11,28,1,166,15,8
1701110820,11,28,1,167,15,8
1701110880,11,28,1,168,15,9
1701110940,11,28,1,169,15,10
1701111060,11,28,1,171,15,10
1701111120,11,28,1,172,15,10
1701111180,11,28,1,173,15,10
1701111240,11,28,1,174,15,10
1701111300,11,28,1,175,15,10
1701111360,11,28,1,176,15,10
1701111420,11,28,1,177,15,10
1701111480,11,28,1,178,15,10
1701111540,11,28,1,179,15,10
1701111660,11,28,1,181,15,10
1701111720,11,28,1,182,15,10
1701111780,11,28,1,183,15,10
1701111840,11,28,1,184,15,10
1701111900,11,28,1,185,15,10
1701111960,11,28,1,186,15,10
1701112020,11,28,1,187,15,10
1701112080,11,28,1,188,15,10
1701112140,11,28,1,189,15,10
1701112260,11,28,1,191,15,10
1701112320,11,28,1,192,15,10
1701112380,11,28,1,193,15,10
1701112440,11,28,1,194,15,10
1701112500,11,28,1,195,15,10
1701112560,11,28,1,196,15,10
1701112620,11,28,1,197,15,10
1701112680,11,28,1,198,15,10
1701112740,11,28,1,199,15,10
1701112860,11,28,1,201,15,10
1701112920,11,28,1,202,15,10
1701112980,11,28,1,203,15,10
1701113040,11,28,1,204,15,10
1701113100,11,28,1,205,15,10
1701113160,11,28,1,206,15,10
1701113220,11,28,1,207,15,10
1701113280,11,28,1,208,15,10
1701113340,11,28,1,209,15,10
1701113460,11,28,1,211,15,10
1701113520,11,28,1,212,15,10
1701113580,11,28,1,213,15,10
1701113640,11,28,1,214,15,10
1701113700,11,28,1,215,15,10
1701113760,11,28,1,216,15,10
1701113820,11,28,1,217,15,10
1701113880,11,28,1,218,15,10
1701113940,11,28,1,219,15,10
1701114060,11,28,1,221,15,10
1701114120,11,28,1,222,15,10
1701114180,11,28,1,223,15,10
1701114240,11,28,1,224,15,10
1701114300,11,28,1,225,15,10
1701114360,11,28,1,226,15,10
1701114420,11,28,1,227,15,10
1701114480,11,28,1,228,15,10
1701114540,11,28,1,229,15,10
1701114660,11,28,1,231,15,10
1701114720,11,28,1,232,15,10
1701114780,11,28,1,233,15,10
1701114840,11,28,1,234,15,10
1701114900,11,28,1,235,15,10
1701114960,11,28,1,236,15,10
1701115020,11,28,1,237,15,10
1701115080,11,28,1,238,15,10
1701115140,11,28,1,239,15,10
1701115260,11,28,1,241,15,10
1701115320,11,28,1,242,15,10
1701115380,11,28,1,243,15,10
1701115440,11,28,1,244,15,10
1701115500,11,28,1,245,15,10
1701115560,11,28,1,246,15,10
1701115620,11,28,1,247,15,10
1701115680,11,28,1,248,15,10
1701115740,11,28,1,249,15,10
1701115860,11,28,1,251,15,10
1701115920,11,28,1,252,15,10
1701115980,11,28,1,253,15,10
1701116040,11,28,1,254,15,10
1701116100,11,28,1,255,15,10
1701116160,11,28,1,256,15,11
1701116220,11,28,1,257,15,11
1701116280,11,28,1,258,15,11
1701116340,11,28,1,259,15,11
1701116460,11,28,1,261,15,11
1701116520,11,28,1,262,15,11
1701116580,11,28,1,263,15,11
1701116640,11,28,1,264,15,11
1701116700,11,28,1,265,15,11
1701116760,11,28,1,266,15,11
1701116820,11,28,1,267,15,11
1701116880,11,28,1,268,15,11
1701116940,11,28,1,269,15,11
1701117060,11,28,1,271,15,11
1701117120,11,28,1,272,15,11
1701117180,11,28,1,273,15,11
1701117240,11,28,1,274,15,11
1701117300,11,28,1,275,15,11
1701117360,11,28,1,276,15,11
1701117420,11,28,1,277,15,11
1701117480,11,28,1,278,15,11
1701117540,11,28,1,279,15,11
1701117660,11,28,1,281,15,11
1701117720,11,28,1,282,15,11
1701117780,11,28,1,283,15,11
1701117840,11,28,1,284,15,11
1701117900,11,28,1,285,15,11
1701117960,11,28,1,286,15,11
1701118020,11,28,1,287,15,11
1701118080,11,28,1,288,15,11
1701118140,11,28,1,289,15,11
1701118260,11,28,1,291,15,11
1701118320,11,28,1,292,15,11
1701118380,11,28,1,293,15,11
1701118440,11,28,1,294,15,11
1701118500,11,28,1,295,15,11
1701118560,11,28,1,296,15,11
1701118620,11,28,1,297,15,11
1701118680,11,28,1,298,15,11
1701118740,11,28,1,299,15,11
1701118860,11,28,1,301,15,11
1701118920,11,28,1,302,15,11
1701118980,11,28,1,303,15,11
1701119040,11,28,1,304,15,11
1701119100,11,28,1,305,15,11
1701119160,11,28,1,306,15,11
1701119220,11,28,1,307,15,11
1701119280,11,28,1,308,15,11
1701119340,11,28,1,309,15,11
1701119460,11,28,1,311,15,11
1701119520,11,28,1,312,15,11
1701119580,11,28,1,313,15,11
1701119640,11,28,1,314,15,11
1701119700,11,28,1,315,15,11
1701119760,11,28,1,316,15,11
1701119820,11,28,1,317,15,11
1701119880,11,28,1,318,15,11
1701119940,11,28,1,319,15,11
1701120060,11,28,1,321,15,10
1701120120,11,28,1,322,15,10
1701120180,11,28,1,323,15,10
1701120240,11,28,1,324,15,10
1701120300,11,28,1,325,15,10
1701120360,11,28,1,326,15,10
1701120420,11,28,1,327,15,10
1701120480,11,28,1,328,15,10
1701120540,11,28,1,329,15,10
1701120660,11,28,1,331,15,10
1701120720,11,28,1,332,15,10
1701120780,11,28,1,333,15,10
1701120840,11,28,1,334,15,10
1701120900,11,28,1,335,15,10
1701120960,11,28,1,336,15,10
1701121020,11,28,1,337,15,10
1701121080,11,28,1,338,15,10
1701121140,11,28,1,339,15,10
1701121260,11,28,1,341,15,10
1701121320,11,28,1,342,15,10
1701121380,11,28,1,343,15,10
1701121440,11,28,1,344,15,10
1701121500,11,28,1,345,15,10
1701121560,11,28,1,346,15,10
1701121620,11,28,1,347,15,10
1701121680,11,28,1,348,15,10
1701121740,11,28,1,349,15,10
1701121860,11,28,1,351,15,11
1701121920,11,28,1,352,15,11
1701121980,11,28,1,353,15,11
1701122040,11,28,1,354,15,11
1701122100,11,28,1,355,15,11
1701122160,11,28,1,356,15,11
1701122220,11,28,1,357,15,11
1701122280,11,28,1,358,15,11
1701122340,11,28,1,359,15,11
1701122460,11,28,1,361,15,12
1701122520,11,28,1,362,15,12
1701122580,11,28,1,363,15,12
1701122640,11,28,1,364,15,13
1701122700,11,28,1,365,15,13
1701122760,11,28,1,366,15,13
1701122820,11,28,1,367,15,13
1701122880,11,28,1,368,15,13
1701122940,11,28,1,369,15,13
1701123060,11,28,1,371,15,13
1701123120,11,28,1,372,15,13
1701123180,11,28,1,373,15,13
1701123240,11,28,1,374,15,13
1701123300,11,28,1,375,15,13
1701123360,11,28,1,376,15,13
1701123420,11,28,1,377,15,13
1701123480,11,28,1,378,15,13
1701123540,11,28,1,379,15,13
1701123660,11,28,1,381,15,13
1701123720,11,28,1,382,15,13
1701123780,11,28,1,383,15,13
1701123840,11,28,1,384,15,13
1701123900,11,28,1,385,15,13
1701123960,11,28,1,386,15,13
1701124020,11,28,1,387,15,13
1701124080,11,28,1,388,15,13
1701124140,11,28,1,389,15,13
1701124260,11,28,1,391,15,13
1701124320,11,28,1,392,15,12
1701124380,11,28,1,393,15,12
1701124440,11,28,1,394,15,12
1701124500,11,28,1,395,15,12
1701124560,11,28,1,396,15,12
1701124620,11,28,1,397,15,12
1701124680,11,28,1,398,15,12
1701124740,11,28,1,399,15,12
1701124860,11,28,1,401,15,12
1701124920,11,28,1,402,15,12
1701124980,11,28,1,403,15,12
1701125040,11,28,1,404,15,12
1701125100,11,28,1,405,15,12
1701125160,11,28,1,406,15,12
1701125220,11,28,1,407,15,12
1701125280,11,28,1,408,15,12
1701125340,11,28,1,409,15,12
1701125460,11,28,1,411,15,11
1701125520,11,28,1,412,15,11
1701125580,11,28,1,413,15,11
1701125640,11,28,1,414,15,11
1701125700,11,28,1,415,15,11
1701125760,11,28,1,416,15,10
1701125820,11,28,1,417,15,10
1701125880,11,28,1,418,15,10
1701125940,11,28,1,419,15,10
1701126060,11,28,1,421,15,10
1701126120,11,28,1,422,15,10
1701126180,11,28,1,423,15,10
1701126240,11,28,1,424,15,10
1701126300,11,28,1,425,15,10
1701126360,11,28,1,426,15,10
1701126420,11,28,1,427,15,10
1701126480,11,28,1,428,15,11
1701126540,11,28,1,429,15,11
1701126660,11,28,1,431,15,11
1701126720,11,28,1,432,15,11
1701126780,11,28,1,433,15,11
1701126840,11,28,1,434,15,11
1701126900,11,28,1,435,15,12
1701126960,11,28,1,436,15,12
1701127020,11,28,1,437,15,12
1701127080,11,28,1,438,15,12
1701127140,11,28,1,439,15,12
1701127320,11,28,1,442,15,12
1701127380,11,28,1,443,15,12
1701127440,11,28,1,444,15,13
1701127500,11,28,1,445,15,13
1701127560,11,28,1,446,15,12
1701127620,11,28,1,447,15,12
1701127680,11,28,1,448,15,14
1701127740,11,28,1,449,15,14
1701127860,11,28,1,451,15,14
1701127920,11,28,1,452,15,14
1701127980,11,28,1,453,15,13
1701128040,11,28,1,454,15,13
1701128100,11,28,1,455,15,13
1701128160,11,28,1,456,15,13
1701128220,11,28,1,457,15,13
1701128280,11,28,1,458,15,13
1701128340,11,28,1,459,15,14
1701128460,11,28,1,461,15,14
1701128520,11,28,1,462,15,14
1701128580,11,28,1,463,15,14
1701128640,11,28,1,464,15,14
1701128700,11,28,1,465,15,14
1701128760,11,28,1,466,15,14
1701128820,11,28,1,467,15,14
1701128880,11,28,1,468,15,15
1701128940,11,28,1,469,15,15
1701129060,11,28,1,471,15,15
1701129120,11,28,1,472,15,15
1701129180,11,28,1,473,15,15
1701129240,11,28,1,474,15,15
1701129300,11,28,1,475,15,15
1701129360,11,28,1,476,15,15
1701129420,11,28,1,477,15,15
1701129480,11,28,1,478,15,15
1701129540,11,28,1,479,15,15
1701129660,11,28,1,481,15,15
1701129720,11,28,1,482,15,15
1701129780,11,28,1,483,15,15
1701129840,11,28,1,484,15,15
1701129900,11,28,1,485,15,15
1701129960,11,28,1,486,15,15
1701130020,11,28,1,487,15,14
1701130080,11,28,1,488,15,14
1701130140,11,28,1,489,15,14
1701130260,11,28,1,491,15,14
1701130320,11,28,1,492,15,14
1701130380,11,28,1,493,15,14
1701130440,11,28,1,494,15,14
1701130500,11,28,1,495,15,14
1701130560,11,28,1,496,15,14
1701130620,11,28,1,497,15,14
1701130680,11,28,1,498,15,13
1701130740,11,28,1,499,15,14
1701130860,11,28,1,501,15,14
1701130920,11,28,1,502,15,13
1701130980,11,28,1,503,15,12
1701131040,11,28,1,504,15,12
1701131100,11,28,1,505,15,11
1701131160,11,28,1,506,15,11
1701131220,11,28,1,507,15,11
1701131280,11,28,1,508,15,9
1701131340,11,28,1,509,15,10
1701131460,11,28,1,511,15,9
1701131520,11,28,1,512,15,9
1701131580,11,28,1,513,15,9
1701131640,11,28,1,514,15,9
1701131700,11,28,1,515,15,10
1701131760,11,28,1,516,15,10
1701131820,11,28,1,517,15,10
1701131880,11,28,1,518,15,11
1701131940,11,28,1,519,15,11
1701132060,11,28,1,521,15,10
1701132120,11,28,1,522,15,10
1701132180,11,28,1,523,15,10
1701132240,11,28,1,524,15,8
1701132300,11,28,1,525,15,8
1701132360,11,28,1,526,15,8
1701132420,11,28,1,527,15,9
1701132480,11,28,1,528,15,8
1701132540,11,28,1,529,15,7
1701132660,11,28,1,531,15,7
1701132720,11,28,1,532,15,6
1701132780,11,28,1,533,15,5
1701132840,11,28,1,534,15,5
1701132900,11,28,1,535,15,5
1701132960,11,28,1,536,15,5
1701133020,11,28,1,537,15,5
1701133080,11,28,1,538,15,5
1701133140,11,28,1,539,15,4
1701133260,11,28,1,541,15,3
1701133320,11,28,1,542,15,4
1701133380,11,28,1,543,15,3
1701133440,11,28,1,544,15,4
1701133500,11,28,1,545,15,4
1701133560,11,28,1,546,15,4
1701133620,11,28,1,547,15,4
1701133680,11,28,1,548,15,4
1701133740,11,28,1,549,15,3
1701133860,11,28,1,551,15,3
1701133920,11,28,1,552,15,3
1701133980,11,28,1,553,15,3
1701134040,11,28,1,554,15,2
1701134100,11,28,1,555,15,2
1701134160,11,28,1,556,15,2
1701134220,11,28,1,557,15,2
1701134280,11,28,1,558,15,2
1701134340,11,28,1,559,15,2
1701134460,11,28,1,561,15,1
1701134520,11,28,1,562,15,3
1701134580,11,28,1,563,15,2
1701134640,11,28,1,564,15,2
1701134700,11,28,1,565,15,2
1701134760,11,28,1,566,15,2
1701134820,11,28,1,567,15,2
1701134880,11,28,1,568,15,0
1701134940,11,28,1,569,15,0
1701135000,11,28,1,570,15,1
1701135120,11,28,1,572,15,1
1701135180,11,28,1,573,15,0
1701135240,11,28,1,574,15,0
1701135300,11,28,1,575,15,0
1701135360,11,28,1,576,15,0
1701135420,11,28,1,577,15,0
1701135480,11,28,1,578,15,1
1701135540,11,28,1,579,15,1
1701135660,11,28,1,581,15,0
1701135720,11,28,1,582,15,0
1701135780,11,28,1,583,15,0
1701135840,11,28,1,584,15,0
1701135900,11,28,1,585,15,0
1701135960,11,28,1,586,15,0
1701136020,11,28,1,587,15,0
1701136080,11,28,1,588,15,0
1701136140,11,28,1,589,15,0
1701136260,11,28,1,591,15,0
1701136320,11,28,1,592,15,0
1701136380,11,28,1,593,15,0
1701136440,11,28,1,594,15,0
1701136500,11,28,1,595,15,0
1701136560,11,28,1,596,15,0
1701136620,11,28,1,597,15,0
1701136680,11,28,1,598,15,0
1701136740,11,28,1,599,15,0
1701136860,11,28,1,601,15,0
1701136920,11,28,1,602,15,1
1701136980,11,28,1,603,15,0
1701137040,11,28,1,604,15,0
1701137100,11,28,1,605,15,0
1701137160,11,28,1,606,15,0
1701137220,11,28,1,607,15,0
1701137280,11,28,1,608,15,0
1701137340,11,28,1,609,15,0
1701137460,11,28,1,611,15,0
1701137520,11,28,1,612,15,0
1701137580,11,28,1,613,15,0
1701137640,11,28,1,614,15,0
1701137700,11,28,1,615,15,0
1701137760,11,28,1,616,15,0
1701137820,11,28,1,617,15,0
1701137880,11,28,1,618,15,0
1701137940,11,28,1,619,15,0
1701138060,11,28,1,621,15,0
1701138120,11,28,1,622,15,1
1701138180,11,28,1,623,15,1
1701138240,11,28,1,624,15,1
1701138300,11,28,1,625,15,0
1701138360,11,28,1,626,15,0
1701138420,11,28,1,627,15,0
1701138480,11,28,1,628,15,0
1701138540,11,28,1,629,15,1
1701138660,11,28,1,631,15,0
1701138720,11,28,1,632,15,0
1701138780,11,28,1,633,15,0
1701138840,11,28,1,634,15,0
1701138900,11,28,1,635,15,0
1701138960,11,28,1,636,15,0
1701139020,11,28,1,637,15,0
1701139080,11,28,1,638,15,0
1701139140,11,28,1,639,15,0
1701139260,11,28,1,641,15,0
1701139320,11,28,1,642,15,0
1701139380,11,28,1,643,15,0
1701139440,11,28,1,644,15,0
1701139500,11,28,1,645,15,0
1701139560,11,28,1,646,15,0
1701139620,11,28,1,647,15,0
1701139680,11,28,1,648,15,0
1701139740,11,28,1,649,15,0
1701139860,11,28,1,651,15,0
1701139920,11,28,1,652,15,1
1701139980,11,28,1,653,15,1
1701140040,11,28,1,654,15,1
1701140100,11,28,1,655,15,1
1701140160,11,28,1,656,15,0
1701140220,11,28,1,657,15,0
1701140280,11,28,1,658,15,0
1701140340,11,28,1,659,15,0
1701140460,11,28,1,661,15,0
1701140520,11,28,1,662,15,0
1701140580,11,28,1,663,15,0
1701140640,11,28,1,664,15,0
1701140700,11,28,1,665,15,1
1701140760,11,28,1,666,15,2
1701140820,11,28,1,667,15,2
1701140880,11,28,1,668,15,2
1701140940,11,28,1,669,15,2
1701141060,11,28,1,671,15,2
1701141120,11,28,1,672,15,3
1701141180,11,28,1,673,15,3
1701141240,11,28,1,674,15,3
1701141360,11,28,1,676,15,2
1701141480,11,28,1,678,15,1
1701141540,11,28,1,679,15,0
1701141660,11,28,1,681,15,0
1701141720,11,28,1,682,15,0
1701141780,11,28,1,683,15,0
1701141840,11,28,1,684,15,0
1701141900,11,28,1,685,15,0
1701141960,11,28,1,686,15,0
1701142020,11,28,1,687,15,1
1701142080,11,28,1,688,15,1
1701142140,11,28,1,689,15,0
1701142260,11,28,1,691,15,0
1701142320,11,28,1,692,15,1
1701142380,11,28,1,693,15,1
1701142440,11,28,1,694,15,1
1701142500,11,28,1,695,15,2
1701142560,11,28,1,696,15,3
1701142620,11,28,1,697,15,3
1701142680,11,28,1,698,15,1
1701142740,11,28,1,699,15,1
1701142860,11,28,1,701,15,0
1701142920,11,28,1,702,15,2
1701142980,11,28,1,703,15,1
1701143040,11,28,1,704,15,0
1701143100,11,28,1,705,15,0
1701143160,11,28,1,706,15,1
1701143220,11,28,1,707,15,0
1701143280,11,28,1,708,15,0
1701143340,11,28,1,709,15,0
1701143460,11,28,1,711,15,0
1701143520,11,28,1,712,15,0
1701143580,11,28,1,713,15,0
1701143640,11,28,1,714,15,0
1701143700,11,28,1,715,15,0
1701143760,11,28,1,716,15,1
1701143820,11,28,1,717,15,1
1701143880,11,28,1,718,15,0
1701143940,11,28,1,719,15,0
1701144060,11,28,1,721,15,0
1701144120,11,28,1,722,15,1
1701144180,11,28,1,723,15,2
1701144240,11,28,1,724,15,1
1701144300,11,28,1,725,15,0
1701144360,11,28,1,726,15,0
1701144420,11,28,1,727,15,0
1701144480,11,28,1,728,15,0
1701144540,11,28,1,729,15,4
1701144660,11,28,1,731,15,0
1701144720,11,28,1,732,15,1
1701144780,11,28,1,733,15,0
1701144840,11,28,1,734,15,0
1701144900,11,28,1,735,15,2
1701144960,11,28,1,736,15,2
1701145020,11,28,1,737,15,1
1701145080,11,28,1,738,15,1
1701145140,11,28,1,739,15,0
1701145260,11,28,1,741,15,0
1701145320,11,28,1,742,15,0
1701145380,11,28,1,743,15,0
1701145440,11,28,1,744,15,0
1701145500,11,28,1,745,15,2
1701145560,11,28,1,746,15,2
1701145620,11,28,1,747,15,1
1701145680,11,28,1,748,15,1
1701145740,11,28,1,749,15,1
1701145860,11,28,1,751,15,0
1701145920,11,28,1,752,15,0
1701145980,11,28,1,753,15,0
1701146040,11,28,1,754,15,0
1701146100,11,28,1,755,15,1
1701146160,11,28,1,756,15,0
1701146220,11,28,1,757,15,0
1701146280,11,28,1,758,15,0
1701146340,11,28,1,759,15,0
1701146460,11,28,1,761,15,0
1701146520,11,28,1,762,15,1
1701146580,11,28,1,763,15,1
1701146640,11,28,1,764,15,0
1701146700,11,28,1,765,15,0
1701146760,11,28,1,766,15,0
1701146820,11,28,1,767,15,0
1701146880,11,28,1,768,15,0
1701146940,11,28,1,769,15,0
1701147060,11,28,1,771,15,2
1701147120,11,28,1,772,15,3
1701147180,11,28,1,773,15,3
1701147240,11,28,1,774,15,3
1701147300,11,28,1,775,15,3
1701147360,11,28,1,776,15,4
1701147420,11,28,1,777,15,2
1701147480,11,28,1,778,15,2
1701147540,11,28,1,779,15,2
1701147660,11,28,1,781,15,1
1701147720,11,28,1,782,15,0
1701147780,11,28,1,783,15,0
1701147840,11,28,1,784,15,0
1701147900,11,28,1,785,15,0
1701147960,11,28,1,786,15,1
1701148020,11,28,1,787,15,0
1701148080,11,28,1,788,15,0
1701148140,11,28,1,789,15,0
1701148260,11,28,1,791,15,0
1701148320,11,28,1,792,15,0
1701148380,11,28,1,793,15,0
1701148440,11,28,1,794,15,0
1701148500,11,28,1,795,15,0
1701148560,11,28,1,796,15,1
1701148620,11,28,1,797,15,1
1701148680,11,28,1,798,15,1
1701148740,11,28,1,799,15,0
1701148860,11,28,1,801,15,0
1701148920,11,28,1,802,15,1
1701148980,11,28,1,803,15,1
1701149040,11,28,1,804,15,1
1701149100,11,28,1,805,15,1
1701149160,11,28,1,806,15,1
1701149220,11,28,1,807,15,1
1701149280,11,28,1,808,15,0
1701149340,11,28,1,809,15,0
1701149460,11,28,1,811,15,1
1701149520,11,28,1,812,15,2
1701149580,11,28,1,813,15,2
1701149640,11,28,1,814,15,2
1701149700,11,28,1,815,15,2
1701149760,11,28,1,816,15,1
1701149820,11,28,1,817,15,2
1701149880,11,28,1,818,15,1
1701149940,11,28,1,819,15,0
1701150060,11,28,1,821,15,0
1701150120,11,28,1,822,15,0
1701150180,11,28,1,823,15,0
1701150240,11,28,1,824,15,0
1701150300,11,28,1,825,15,0
1701150360,11,28,1,826,15,1
1701150420,11,28,1,827,15,1
1701150480,11,28,1,828,15,1
1701150540,11,28,1,829,15,1
1701150660,11,28,1,831,15,2
1701150720,11,28,1,832,15,2
1701150780,11,28,1,833,15,2
1701150840,11,28,1,834,15,2
1701150900,11,28,1,835,15,2
1701150960,11,28,1,836,15,1
1701151020,11,28,1,837,15,0
1701151080,11,28,1,838,15,0
1701151140,11,28,1,839,15,0
1701151260,11,28,1,841,15,0
1701151320,11,28,1,842,15,0
1701151380,11,28,1,843,15,0
1701151440,11,28,1,844,15,0
1701151500,11,28,1,845,15,0
1701151560,11,28,1,846,15,1
1701151620,11,28,1,847,15,1
1701151680,11,28,1,848,15,1
1701151740,11,28,1,849,15,1
1701151860,11,28,1,851,15,2
1701151920,11,28,1,852,15,2
1701151980,11,28,1,853,15,2
1701152040,11,28,1,854,15,2
1701152100,11,28,1,855,15,1
1701152160,11,28,1,856,15,0
1701152220,11,28,1,857,15,0
1701152280,11,28,1,858,15,0
1701152340,11,28,1,859,15,0
1701152460,11,28,1,861,15,0
1701152580,11,28,1,863,15,0
1701152640,11,28,1,864,15,0
1701153120,11,28,1,872,15,3
1701153540,11,28,1,879,15,0
1701154080,11,28,1,888,15,2
1701154260,11,28,1,891,15,2
1701154320,11,28,1,892,15,2
1701154380,11,28,1,893,15,2
1701155160,11,28,1,906,15,3
1701155640,11,28,1,914,15,6
1701155940,11,28,1,919,15,6
1701156060,11,28,1,921,15,6
1701156480,11,28,1,928,15,1
1701156840,11,28,1,934,15,3
1701156900,11,28,1,935,15,3
1701156960,11,28,1,936,15,2
1701157020,11,28,1,937,15,2
1701157080,11,28,1,938,15,6
1701157140,11,28,1,939,15,5
1701157260,11,28,1,941,15,5
1701157320,11,28,1,942,15,7
1701157380,11,28,1,943,15,6
1701157440,11,28,1,944,15,6
1701157500,11,28,1,945,15,6
1701157560,11,28,1,946,15,7
1701157620,11,28,1,947,15,7
1701157680,11,28,1,948,15,7
1701157740,11,28,1,949,15,8
1701157860,11,28,1,951,15,8
1701157920,11,28,1,952,15,7
1701157980,11,28,1,953,15,7
1701158040,11,28,1,954,15,7
1701158100,11,28,1,955,15,7
1701158160,11,28,1,956,15,7
1701158220,11,28,1,957,15,8
1701158280,11,28,1,958,15,8
1701158340,11,28,1,959,15,9
1701158460,11,28,1,961,15,8
1701158520,11,28,1,962,15,8
1701158580,11,28,1,963,15,8
1701158640,11,28,1,964,15,8
1701158700,11,28,1,965,15,8
1701158760,11,28,1,966,15,8
1701158820,11,28,1,967,15,8
1701158880,11,28,1,968,15,8
1701158940,11,28,1,969,15,7
1701159060,11,28,1,971,15,6
1701159120,11,28,1,972,15,6
1701159180,11,28,1,973,15,6
1701159240,11,28,1,974,15,6
1701159300,11,28,1,975,15,6
1701159360,11,28,1,976,15,5
1701159420,11,28,1,977,15,5
1701159480,11,28,1,978,15,5
1701159540,11,28,1,979,15,5
1701159660,11,28,1,981,15,2
1701159720,11,28,1,982,15,2
1701159780,11,28,1,983,15,2
1701159840,11,28,1,984,15,1
1701159900,11,28,1,985,15,2
1701159960,11,28,1,986,15,1
1701160020,11,28,1,987,15,1
1701160080,11,28,1,988,15,1
1701160140,11,28,1,989,15,1
1701160260,11,28,1,991,15,1
1701160320,11,28,1,992,15,1
1701160380,11,28,1,993,15,1
1701160440,11,28,1,994,15,2
1701160500,11,28,1,995,15,1
1701160560,11,28,1,996,15,1
1701160620,11,28,1,997,15,1
1701160680,11,28,1,998,15,1
1701160740,11,28,1,999,15,1
1701160860,11,28,1,1001,15,2
1701160920,11,28,1,1002,15,1
1701160980,11,28,1,1003,15,0
1701161040,11,28,1,1004,15,0
1701161100,11,28,1,1005,15,1
1701161160,11,28,1,1006,15,2
1701161220,11,28,1,1007,15,2
1701161280,11,28,1,1008,15,2
1701161340,11,28,1,1009,15,2
1701161460,11,28,1,1011,15,0
1701161520,11,28,1,1012,15,0
1701161580,11,28,1,1013,15,0
1701161640,11,28,1,1014,15,1
1701161700,11,28,1,1015,15,1
1701161760,11,28,1,1016,15,1
1701161820,11,28,1,1017,15,1
1701161880,11,28,1,1018,15,1
1701161940,11,28,1,1019,15,1
1701162060,11,28,1,1021,15,1
1701162120,11,28,1,1022,15,0
1701162180,11,28,1,1023,15,0
1701162240,11,28,1,1024,15,0
1701162300,11,28,1,1025,15,0
1701162360,11,28,1,1026,15,0
1701162420,11,28,1,1027,15,1
1701162480,11,28,1,1028,15,0
1701162540,11,28,1,1029,15,0
1701162660,11,28,1,1031,15,0
1701162720,11,28,1,1032,15,0
1701162780,11,28,1,1033,15,0
1701162840,11,28,1,1034,15,0
1701162900,11,28,1,1035,15,0
1701162960,11,28,1,1036,15,0
1701163020,11,28,1,1037,15,0
1701163080,11,28,1,1038,15,0
1701163140,11,28,1,1039,15,0
1701163380,11,28,1,1043,15,2
1701165120,11,28,1,1072,15,0
1701165180,11,28,1,1073,15,0
1701165240,11,28,1,1074,15,0
1701165300,11,28,1,1075,15,0
1701165360,11,28,1,1076,15,0
1701165420,11,28,1,1077,15,1
1701165480,11,28,1,1078,15,0
1701165540,11,28,1,1079,15,0
1701165660,11,28,1,1081,15,1
1701165720,11,28,1,1082,15,1
1701165780,11,28,1,1083,15,1
1701165840,11,28,1,1084,15,0
1701165900,11,28,1,1085,15,0
1701165960,11,28,1,1086,15,0
1701166020,11,28,1,1087,15,0
1701166080,11,28,1,1088,15,0
1701166140,11,28,1,1089,15,0
1701166200,11,28,1,1090,15,0
1701166260,11,28,1,1091,15,0
1701166320,11,28,1,1092,15,0
1701166380,11,28,1,1093,15,0
1701166440,11,28,1,1094,15,0
1701166500,11,28,1,1095,15,0
1701166560,11,28,1,1096,15,0
1701166620,11,28,1,1097,15,0
1701166680,11,28,1,1098,15,0
1701166740,11,28,1,1099,15,0
1701166860,11,28,1,1101,15,0
1701166920,11,28,1,1102,15,0
1701166980,11,28,1,1103,15,0
1701167100,11,28,1,1105,15,0
1701167160,11,28,1,1106,15,0
1701167220,11,28,1,1107,15,0
1701167280,11,28,1,1108,15,0
1701167340,11,28,1,1109,15,0
1701167460,11,28,1,1111,15,0
1701167520,11,28,1,1112,15,0
1701167580,11,28,1,1113,15,0
1701167640,11,28,1,1114,15,0
1701167700,11,28,1,1115,15,0
1701167760,11,28,1,1116,15,1
1701167820,11,28,1,1117,15,0
1701167880,11,28,1,1118,15,0
1701167940,11,28,1,1119,15,0
1701168000,11,28,1,1120,15,0
1701168060,11,28,1,1121,15,1
1701168120,11,28,1,1122,15,1
1701168180,11,28,1,1123,15,0
1701168240,11,28,1,1124,15,0
1701168300,11,28,1,1125,15,0
1701168360,11,28,1,1126,15,2
1701168420,11,28,1,1127,15,2
1701168480,11,28,1,1128,15,2
1701168540,11,28,1,1129,15,2
1701168600,11,28,1,1130,15,1
1701168660,11,28,1,1131,15,1
1701168720,11,28,1,1132,15,1
1701168780,11,28,1,1133,15,0
1701168840,11,28,1,1134,15,0
1701168900,11,28,1,1135,15,0
1701168960,11,28,1,1136,15,0
1701169020,11,28,1,1137,15,2
1701169080,11,28,1,1138,15,2
1701169140,11,28,1,1139,15,2
1701169260,11,28,1,1141,15,1
1701169320,11,28,1,1142,15,2
1701169380,11,28,1,1143,15,2
1701169440,11,28,1,1144,15,1
1701169500,11,28,1,1145,15,1
1701169560,11,28,1,1146,15,0
1701169620,11,28,1,1147,15,0
1701169680,11,28,1,1148,15,0
1701169740,11,28,1,1149,15,1
1701169800,11,28,1,1150,15,0
1701169860,11,28,1,1151,15,0
1701169920,11,28,1,1152,15,0
1701169980,11,28,1,1153,15,0
1701170040,11,28,1,1154,15,0
1701170100,11,28,1,1155,15,1
1701170160,11,28,1,1156,15,1
1701170220,11,28,1,1157,15,1
1701170280,11,28,1,1158,15,2
1701170340,11,28,1,1159,15,2
1701170460,11,28,1,1161,15,3
1701170520,11,28,1,1162,15,3
1701170580,11,28,1,1163,15,2
1701170640,11,28,1,1164,15,2
1701170700,11,28,1,1165,15,2
1701170760,11,28,1,1166,15,2
1701170820,11,28,1,1167,15,2
1701170880,11,28,1,1168,15,2
1701170940,11,28,1,1169,15,2
1701171000,11,28,1,1170,15,2
1701171120,11,28,1,1172,15,2
1701171180,11,28,1,1173,15,2
1701171240,11,28,1,1174,15,2
1701171300,11,28,1,1175,15,2
1701171360,11,28,1,1176,15,1
1701171420,11,28,1,1177,15,0
1701171480,11,28,1,1178,15,1
1701171540,11,28,1,1179,15,1
1701171600,11,28,1,1180,15,1
1701171660,11,28,1,1181,15,1
1701171720,11,28,1,1182,15,1
1701171780,11,28,1,1183,15,1
1701171840,11,28,1,1184,15,0
1701171900,11,28,1,1185,15,0
1701171960,11,28,1,1186,15,1
1701172020,11,28,1,1187,15,1
1701172080,11,28,1,1188,15,1
1701172140,11,28,1,1189,15,1
1701172260,11,28,1,1191,15,1
1701172320,11,28,1,1192,15,1
1701172380,11,28,1,1193,15,0
1701172440,11,28,1,1194,15,0
1701172500,11,28,1,1195,15,0
1701172560,11,28,1,1196,15,0
1701172620,11,28,1,1197,15,0
1701172680,11,28,1,1198,15,1
1701172740,11,28,1,1199,15,1
1701172860,11,28,1,1201,15,1
1701172920,11,28,1,1202,15,2
1701172980,11,28,1,1203,15,1
1701173040,11,28,1,1204,15,1
1701173100,11,28,1,1205,15,1
1701173160,11,28,1,1206,15,0
1701173220,11,28,1,1207,15,1
1701173280,11,28,1,1208,15,1
1701173340,11,28,1,1209,15,1
1701173460,11,28,1,1211,15,3
1701173520,11,28,1,1212,15,2
1701173580,11,28,1,1213,15,2
1701173640,11,28,1,1214,15,3
1701173700,11,28,1,1215,15,4
1701173760,11,28,1,1216,15,4
1701173820,11,28,1,1217,15,4
1701173880,11,28,1,1218,15,5
1701173940,11,28,1,1219,15,5
1701174060,11,28,1,1221,15,5
1701174120,11,28,1,1222,15,6
1701174180,11,28,1,1223,15,4
1701174240,11,28,1,1224,15,3
1701174300,11,28,1,1225,15,3
1701174360,11,28,1,1226,15,3
1701174420,11,28,1,1227,15,3
1701174540,11,28,1,1229,15,3
1701174660,11,28,1,1231,15,3
1701174720,11,28,1,1232,15,3
1701174780,11,28,1,1233,15,3
1701174840,11,28,1,1234,15,3
1701174900,11,28,1,1235,15,3
1701174960,11,28,1,1236,15,4
1701175020,11,28,1,1237,15,4
1701175080,11,28,1,1238,15,4
1701175140,11,28,1,1239,15,4
1701175200,11,28,1,1240,15,4
1701175260,11,28,1,1241,15,4
1701175320,11,28,1,1242,15,4
1701175380,11,28,1,1243,15,3
1701175440,11,28,1,1244,15,2
1701175500,11,28,1,1245,15,1
1701175560,11,28,1,1246,15,1
1701175620,11,28,1,1247,15,1
1701175680,11,28,1,1248,15,1
1701175740,11,28,1,1249,15,1
1701175800,11,28,1,1250,15,4
1701175860,11,28,1,1251,15,4
1701175920,11,28,1,1252,15,4
1701175980,11,28,1,1253,15,4
1701176040,11,28,1,1254,15,4
1701176100,11,28,1,1255,15,4
1701176160,11,28,1,1256,15,4
1701176220,11,28,1,1257,15,4
1701176280,11,28,1,1258,15,4
1701176340,11,28,1,1259,15,4
1701176460,11,28,1,1261,15,4
1701176520,11,28,1,1262,15,4
1701176580,11,28,1,1263,15,4
1701176640,11,28,1,1264,15,4
1701176700,11,28,1,1265,15,3
1701176760,11,28,1,1266,15,2
1701176820,11,28,1,1267,15,2
1701176880,11,28,1,1268,15,2
1701176940,11,28,1,1269,15,2
1701177000,11,28,1,1270,15,3
1701177060,11,28,1,1271,15,3
1701177120,11,28,1,1272,15,3
1701177180,11,28,1,1273,15,3
1701177240,11,28,1,1274,15,3
1701177300,11,28,1,1275,15,3
1701177360,11,28,1,1276,15,3
1701177420,11,28,1,1277,15,3
1701177480,11,28,1,1278,15,2
1701177540,11,28,1,1279,15,2
1701177660,11,28,1,1281,15,2
1701177720,11,28,1,1282,15,2
1701177780,11,28,1,1283,15,2
1701177900,11,28,1,1285,15,2
1701177960,11,28,1,1286,15,2
1701178020,11,28,1,1287,15,2
1701178080,11,28,1,1288,15,2
1701178140,11,28,1,1289,15,2
1701178200,11,28,1,1290,15,2
1701178260,11,28,1,1291,15,0
1701178320,11,28,1,1292,15,0
1701178380,11,28,1,1293,15,0
1701178440,11,28,1,1294,15,0
1701178500,11,28,1,1295,15,1
1701178560,11,28,1,1296,15,1
1701178620,11,28,1,1297,15,0
1701178680,11,28,1,1298,15,1
1701178740,11,28,1,1299,15,1
1701178800,11,28,1,1300,15,1
1701178860,11,28,1,1301,15,1
1701178920,11,28,1,1302,15,2
1701178980,11,28,1,1303,15,2
1701179040,11,28,1,1304,15,2
1701179100,11,28,1,1305,15,2
1701179160,11,28,1,1306,15,2
1701179220,11,28,1,1307,15,2
1701179280,11,28,1,1308,15,2
1701179340,11,28,1,1309,15,2
1701179400,11,28,1,1310,15,3
1701179460,11,28,1,1311,15,3
1701179520,11,28,1,1312,15,4
1701179580,11,28,1,1313,15,4
1701179640,11,28,1,1314,15,4
1701179700,11,28,1,1315,15,4
1701179760,11,28,1,1316,15,4
1701179940,11,28,1,1319,15,2
1701180060,11,28,1,1321,15,2
1701180120,11,28,1,1322,15,3
1701180180,11,28,1,1323,15,3
1701180240,11,28,1,1324,15,3
1701180300,11,28,1,1325,15,3
1701180360,11,28,1,1326,15,5
1701180420,11,28,1,1327,15,5
1701180480,11,28,1,1328,15,5
1701180540,11,28,1,1329,15,5
1701180600,11,28,1,1330,15,6
1701180660,11,28,1,1331,15,6
1701180720,11,28,1,1332,15,6
1701180780,11,28,1,1333,15,6
1701180840,11,28,1,1334,15,6
1701180900,11,28,1,1335,15,6
1701180960,11,28,1,1336,15,6
1701181020,11,28,1,1337,15,6
1701181080,11,28,1,1338,15,6
1701181140,11,28,1,1339,15,6
1701181260,11,28,1,1341,15,6
1701181320,11,28,1,1342,15,6
1701181380,11,28,1,1343,15,6
1701181440,11,28,1,1344,15,6
1701181500,11,28,1,1345,15,6
1701181560,11,28,1,1346,15,9
1701181620,11,28,1,1347,15,9
1701181680,11,28,1,1348,15,9
1701181740,11,28,1,1349,15,9
1701181800,11,28,1,1350,15,9
1701181860,11,28,1,1351,15,8
1701181920,11,28,1,1352,15,8
1701181980,11,28,1,1353,15,7
1701182040,11,28,1,1354,15,8
1701182100,11,28,1,1355,15,8
1701182160,11,28,1,1356,15,7
1701182220,11,28,1,1357,15,7
1701182280,11,28,1,1358,15,6
1701182340,11,28,1,1359,15,6
1701182400,11,28,1,1360,15,5
1701182460,11,28,1,1361,15,5
1701182520,11,28,1,1362,15,5
1701182580,11,28,1,1363,15,5
1701182640,11,28,1,1364,15,5
1701182700,11,28,1,1365,15,5
1701182760,11,28,1,1366,15,6
1701182820,11,28,1,1367,15,6
1701182880,11,28,1,1368,15,6
1701182940,11,28,1,1369,15,6
1701183000,11,28,1,1370,15,8
1701183060,11,28,1,1371,15,8
1701183120,11,28,1,1372,15,8
1701183180,11,28,1,1373,15,8
1701183240,11,28,1,1374,15,8
1701183300,11,28,1,1375,15,8
1701183360,11,28,1,1376,15,8
1701183420,11,28,1,1377,15,8
1701183480,11,28,1,1378,15,9
1701183540,11,28,1,1379,15,8
1701183660,11,28,1,1381,15,7
1701183720,11,28,1,1382,15,7
1701183780,11,28,1,1383,15,8
1701183840,11,28,1,1384,15,8
1701183900,11,28,1,1385,15,8
1701183960,11,28,1,1386,15,8
1701184020,11,28,1,1387,15,8
1701184080,11,28,1,1388,15,8
1701184140,11,28,1,1389,15,8
1701184200,11,28,1,1390,15,8
1701184260,11,28,1,1391,15,8
1701184320,11,28,1,1392,15,8
1701184380,11,28,1,1393,15,9
1701184440,11,28,1,1394,15,9
1701184500,11,28,1,1395,15,9
1701184560,11,28,1,1396,15,9
1701184620,11,28,1,1397,15,9
1701184680,11,28,1,1398,15,9
1701184740,11,28,1,1399,15,9
1701184860,11,28,1,1401,15,9
1701184920,11,28,1,1402,15,9
1701184980,11,28,1,1403,15,9
1701185040,11,28,1,1404,15,9
1701185100,11,28,1,1405,15,7
1701185160,11,28,1,1406,15,7
1701185220,11,28,1,1407,15,7
1701185280,11,28,1,1408,15,7
1701185340,11,28,1,1409,15,7
1701185400,11,28,1,1410,15,7
1701185460,11,28,1,1411,15,7
1701185520,11,28,1,1412,15,7
1701185580,11,28,1,1413,15,7
1701185640,11,28,1,1414,15,7
1701185700,11,28,1,1415,15,5
1701185760,11,28,1,1416,15,5
1701185820,11,28,1,1417,15,5
1701185880,11,28,1,1418,15,5
1701185940,11,28,1,1419,15,5
1701186000,11,28,1,1420,15,5
1701186060,11,28,1,1421,15,5
1701186120,11,28,1,1422,15,5
1701186180,11,28,1,1423,15,5
1701186240,11,28,1,1424,15,5
1701186300,11,28,1,1425,15,6
1701186360,11,28,1,1426,15,7
1701186420,11,28,1,1427,15,7
1701186480,11,28,1,1428,15,7
1701186540,11,28,1,1429,15,7
1701186600,11,28,1,1430,15,7
1701186660,11,28,1,1431,15,7
1701186720,11,28,1,1432,15,7
1701186780,11,28,1,1433,15,7
1701186840,11,28,1,1434,15,7
1701186900,11,28,1,1435,15,7
1701186960,11,28,1,1436,15,8
1701187020,11,28,1,1437,15,8
1701187080,11,28,1,1438,15,8
1701187140,11,28,1,1439,15,8
1701187320,11,29,2,2,15,9
1701187380,11,29,2,3,15,9
1701187440,11,29,2,4,15,9
1701187500,11,29,2,5,15,10
1701187560,11,29,2,6,15,10
1701187620,11,29,2,7,15,10
1701187680,11,29,2,8,15,10
1701187740,11,29,2,9,15,10
1701187860,11,29,2,11,15,10
1701187920,11,29,2,12,15,10
1701187980,11,29,2,13,15,10
1701188040,11,29,2,14,15,11
1701188100,11,29,2,15,15,11
1701188160,11,29,2,16,15,11
1701188220,11,29,2,17,15,11
1701188280,11,29,2,18,15,10
1701188340,11,29,2,19,15,10
1701188460,11,29,2,21,15,10
1701188520,11,29,2,22,15,10
1701188580,11,29,2,23,15,10
1701188640,11,29,2,24,15,10
1701188700,11,29,2,25,15,10
1701188760,11,29,2,26,15,10
1701188820,11,29,2,27,15,10
1701188880,11,29,2,28,15,10
1701188940,11,29,2,29,15,10
1701189060,11,29,2,31,15,11
1701189120,11,29,2,32,15,11
1701189180,11,29,2,33,15,11
1701189240,11,29,2,34,15,11
1701189300,11,29,2,35,15,11
1701189360,11,29,2,36,15,11
1701189420,11,29,2,37,15,11
1701189540,11,29,2,39,15,11
1701189660,11,29,2,41,15,11
1701189720,11,29,2,42,15,11
1701189780,11,29,2,43,15,11
1701189840,11,29,2,44,15,11
1701189900,11,29,2,45,15,11
1701189960,11,29,2,46,15,11
1701190020,11,29,2,47,15,11
1701190080,11,29,2,48,15,11
1701190140,11,29,2,49,15,11
1701190260,11,29,2,51,15,11
1701190320,11,29,2,52,15,11
1701190380,11,29,2,53,15,11
1701190440,11,29,2,54,15,11
1701190500,11,29,2,55,15,11
1701190560,11,29,2,56,15,12
1701190620,11,29,2,57,15,13
1701190680,11,29,2,58,15,13
1701190740,11,29,2,59,15,13
1701190860,11,29,2,61,15,13
1701190920,11,29,2,62,15,13
1701190980,11,29,2,63,15,13
1701191040,11,29,2,64,15,13
1701191100,11,29,2,65,15,13
1701191160,11,29,2,66,15,13
1701191220,11,29,2,67,15,13
1701191280,11,29,2,68,15,13
1701191340,11,29,2,69,15,13
1701191460,11,29,2,71,15,13
1701191520,11,29,2,72,15,13
1701191580,11,29,2,73,15,13
1701191640,11,29,2,74,15,14
1701191700,11,29,2,75,15,14
1701191760,11,29,2,76,15,14
1701191820,11,29,2,77,15,14
1701191880,11,29,2,78,15,14
1701191940,11,29,2,79,15,14
1701192060,11,29,2,81,15,14
1701192120,11,29,2,82,15,14
1701192180,11,29,2,83,15,14
1701192240,11,29,2,84,15,14
1701192300,11,29,2,85,15,14
1701192360,11,29,2,86,15,14
1701192420,11,29,2,87,15,14
1701192480,11,29,2,88,15,14
1701192540,11,29,2,89,15,14
1701192600,11,29,2,90,15,14
1701192660,11,29,2,91,15,14
1701192720,11,29,2,92,15,14
1701192780,11,29,2,93,15,14
1701192840,11,29,2,94,15,15
1701192900,11,29,2,95,15,14
1701192960,11,29,2,96,15,14
1701193020,11,29,2,97,15,14
1701193080,11,29,2,98,15,14
1701193140,11,29,2,99,15,14
1701193200,11,29,2,100,15,14
1701193260,11,29,2,101,15,14
1701193320,11,29,2,102,15,14
1701193380,11,29,2,103,15,14
1701193440,11,29,2,104,15,14
1701193500,11,29,2,105,15,14
1701193560,11,29,2,106,15,14
1701193620,11,29,2,107,15,14
1701193680,11,29,2,108,15,14
1701193740,11,29,2,109,15,14
1701193800,11,29,2,110,15,14
1701193860,11,29,2,111,15,14
1701193920,11,29,2,112,15,14
1701193980,11,29,2,113,15,14
1701194040,11,29,2,114,15,14
1701194100,11,29,2,115,15,14
1701194160,11,29,2,116,15,15
1701194220,11,29,2,117,15,15
1701194280,11,29,2,118,15,15
1701194340,11,29,2,119,15,15
1701194460,11,29,2,121,15,15
1701194640,11,29,2,124,15,15
1701194700,11,29,2,125,15,15
1701194760,11,29,2,126,15,15
1701194820,11,29,2,127,15,15
1701194880,11,29,2,128,15,15
1701194940,11,29,2,129,15,15
1701195000,11,29,2,130,15,15
1701195060,11,29,2,131,15,15
1701195120,11,29,2,132,15,15
1701195180,11,29,2,133,15,15
1701195240,11,29,2,134,15,15
1701195300,11,29,2,135,15,15
1701195420,11,29,2,137,15,15
1701195480,11,29,2,138,15,15
1701195540,11,29,2,139,15,15
1701195660,11,29,2,141,15,15
1701195720,11,29,2,142,15,15
1701195780,11,29,2,143,15,15
1701195840,11,29,2,144,15,15
1701195900,11,29,2,145,15,15
1701195960,11,29,2,146,15,15
1701196020,11,29,2,147,15,15
1701196080,11,29,2,148,15,15
1701196140,11,29,2,149,15,15
1701196200,11,29,2,150,15,15
1701196260,11,29,2,151,15,15
1701196320,11,29,2,152,15,15
1701196380,11,29,2,153,15,15
1701196440,11,29,2,154,15,15
1701196500,11,29,2,155,15,15
1701196560,11,29,2,156,15,15
1701196620,11,29,2,157,15,15
1701196680,11,29,2,158,15,15
1701196740,11,29,2,159,15,15
1701196800,11,29,2,160,15,15
1701196860,11,29,2,161,15,15
1701196920,11,29,2,162,15,15
1701196980,11,29,2,163,15,15
1701197040,11,29,2,164,15,15
1701197100,11,29,2,165,15,15
1701197160,11,29,2,166,15,15
1701197220,11,29,2,167,15,15
1701197280,11,29,2,168,15,15
1701197340,11,29,2,169,15,15
1701197400,11,29,2,170,15,15
1701197460,11,29,2,171,15,15
1701197520,11,29,2,172,15,15
1701197580,11,29,2,173,15,15
1701197640,11,29,2,174,15,15
1701197700,11,29,2,175,15,15
1701197760,11,29,2,176,15,15
1701197820,11,29,2,177,15,15
1701197880,11,29,2,178,15,15
1701197940,11,29,2,179,15,15
1701198000,11,29,2,180,15,15
1701198060,11,29,2,181,15,15
1701198120,11,29,2,182,15,15
1701198180,11,29,2,183,15,15
1701198240,11,29,2,184,15,15
1701198300,11,29,2,185,15,15
1701198360,11,29,2,186,15,15
1701198420,11,29,2,187,15,15
1701198480,11,29,2,188,15,15
1701198540,11,29,2,189,15,15
1701198600,11,29,2,190,15,15
1701198660,11,29,2,191,15,15
1701198720,11,29,2,192,15,15
1701198780,11,29,2,193,15,15
1701198840,11,29,2,194,15,15
1701198900,11,29,2,195,15,15
1701198960,11,29,2,196,15,15
1701199020,11,29,2,197,15,15
1701199080,11,29,2,198,15,15
1701199140,11,29,2,199,15,15
1701199260,11,29,2,201,15,15
1701199380,11,29,2,203,15,15
1701199440,11,29,2,204,15,15
1701199500,11,29,2,205,15,15
1701199560,11,29,2,206,15,15
1701199620,11,29,2,207,15,15
1701199680,11,29,2,208,15,15
1701199740,11,29,2,209,15,15
1701199860,11,29,2,211,15,15
1701199920,11,29,2,212,15,15
1701199980,11,29,2,213,15,15
1701200040,11,29,2,214,15,15
1701200100,11,29,2,215,15,15
1701200160,11,29,2,216,15,15
1701200220,11,29,2,217,15,15
1701200280,11,29,2,218,15,15
1701200340,11,29,2,219,15,15
1701200460,11,29,2,221,15,15
1701200520,11,29,2,222,15,15
1701200580,11,29,2,223,15,15
1701200640,11,29,2,224,15,15
1701200700,11,29,2,225,15,15
1701200760,11,29,2,226,15,15
1701200820,11,29,2,227,15,15
1701200880,11,29,2,228,15,15
1701200940,11,29,2,229,15,15
1701201060,11,29,2,231,15,15
1701201120,11,29,2,232,15,15
1701201180,11,29,2,233,15,15
1701201240,11,29,2,234,15,15
1701201300,11,29,2,235,15,15
1701201360,11,29,2,236,15,15
1701201420,11,29,2,237,15,15
1701201480,11,29,2,238,15,15
1701201540,11,29,2,239,15,15
1701201660,11,29,2,241,15,15
1701201720,11,29,2,242,15,15
1701201780,11,29,2,243,15,15
1701201840,11,29,2,244,15,15
1701201900,11,29,2,245,15,15
1701201960,11,29,2,246,15,15
1701202020,11,29,2,247,15,15
1701202080,11,29,2,248,15,15
1701202140,11,29,2,249,15,15
1701202260,11,29,2,251,15,15
1701202320,11,29,2,252,15,15
1701202380,11,29,2,253,15,15
1701202440,11,29,2,254,15,15
1701202500,11,29,2,255,15,15
1701202560,11,29,2,256,15,15
1701202620,11,29,2,257,15,15
1701202680,11,29,2,258,15,15
1701202740,11,29,2,259,15,15
1701202860,11,29,2,261,15,15
1701202920,11,29,2,262,15,15
1701202980,11,29,2,263,15,15
1701203040,11,29,2,264,15,15
1701203100,11,29,2,265,15,15
1701203160,11,29,2,266,15,15
1701203220,11,29,2,267,15,15
1701203280,11,29,2,268,15,15
1701203340,11,29,2,269,15,15
1701203460,11,29,2,271,15,15
1701203520,11,29,2,272,15,15
1701203580,11,29,2,273,15,15
1701203640,11,29,2,274,15,15
1701203700,11,29,2,275,15,15
1701203760,11,29,2,276,15,15
1701203820,11,29,2,277,15,15
1701203880,11,29,2,278,15,15
1701203940,11,29,2,279,15,15
1701204060,11,29,2,281,15,15
1701204120,11,29,2,282,15,15
1701204180,11,29,2,283,15,15
1701204240,11,29,2,284,15,15
1701204300,11,29,2,285,15,15
1701204360,11,29,2,286,15,15
1701204420,11,29,2,287,15,15
1701204480,11,29,2,288,15,15
1701204540,11,29,2,289,15,15
1701204600,11,29,2,290,15,15
1701204660,11,29,2,291,15,15
1701204720,11,29,2,292,15,15
1701204780,11,29,2,293,15,15
1701204840,11,29,2,294,15,15
1701204900,11,29,2,295,15,15
1701204960,11,29,2,296,15,15
1701205020,11,29,2,297,15,15
1701205080,11,29,2,298,15,15
1701205140,11,29,2,299,15,15
1701205200,11,29,2,300,15,15
1701205260,11,29,2,301,15,15
1701205320,11,29,2,302,15,15
1701205380,11,29,2,303,15,15
1701205440,11,29,2,304,15,15
1701205500,11,29,2,305,15,15
1701205560,11,29,2,306,15,15
1701205620,11,29,2,307,15,15
1701205680,11,29,2,308,15,15
1701205740,11,29,2,309,15,15
1701205800,11,29,2,310,15,15
1701205860,11,29,2,311,15,15
1701205920,11,29,2,312,15,15
1701205980,11,29,2,313,15,15
1701206040,11,29,2,314,15,15
1701206100,11,29,2,315,15,15
1701206160,11,29,2,316,15,15
1701206220,11,29,2,317,15,15
1701206280,11,29,2,318,15,15
1701206340,11,29,2,319,15,15
1701206460,11,29,2,321,15,15
1701206520,11,29,2,322,15,15
1701206580,11,29,2,323,15,15
1701206640,11,29,2,324,15,15
1701206700,11,29,2,325,15,15
1701206760,11,29,2,326,15,15
1701206820,11,29,2,327,15,15
1701206880,11,29,2,328,15,15
1701206940,11,29,2,329,15,15
1701207000,11,29,2,330,15,15
1701207060,11,29,2,331,15,15
1701207120,11,29,2,332,15,15
1701207180,11,29,2,333,15,15
1701207240,11,29,2,334,15,15
1701207300,11,29,2,335,15,15
1701207360,11,29,2,336,15,15
1701207420,11,29,2,337,15,15
1701207480,11,29,2,338,15,15
1701207540,11,29,2,339,15,15
1701207600,11,29,2,340,15,15
1701207660,11,29,2,341,15,15
1701207720,11,29,2,342,15,15
1701207780,11,29,2,343,15,15
1701207840,11,29,2,344,15,15
1701207900,11,29,2,345,15,15
1701207960,11,29,2,346,15,15
1701208020,11,29,2,347,15,15
1701208080,11,29,2,348,15,15
1701208140,11,29,2,349,15,15
1701208200,11,29,2,350,15,15
1701208260,11,29,2,351,15,15
1701208320,11,29,2,352,15,15
1701208380,11,29,2,353,15,15
1701208440,11,29,2,354,15,15
1701208560,11,29,2,356,15,15
1701208620,11,29,2,357,15,15
1701208680,11,29,2,358,15,15
1701208740,11,29,2,359,15,15
1701208800,11,29,2,360,15,15
1701208860,11,29,2,361,15,15
1701208920,11,29,2,362,15,15
1701208980,11,29,2,363,15,15
1701209040,11,29,2,364,15,15
1701209100,11,29,2,365,15,15
1701209160,11,29,2,366,15,15
1701209220,11,29,2,367,15,15
1701209280,11,29,2,368,15,15
1701209340,11,29,2,369,15,15
1701209400,11,29,2,370,15,15
1701209460,11,29,2,371,15,15
1701209520,11,29,2,372,15,15
1701209580,11,29,2,373,15,15
1701209640,11,29,2,374,15,15
1701209700,11,29,2,375,15,15
1701209760,11,29,2,376,15,15
1701209820,11,29,2,377,15,15
1701209880,11,29,2,378,15,15
1701209940,11,29,2,379,15,15
1701210060,11,29,2,381,15,15
1701210120,11,29,2,382,15,15
1701210180,11,29,2,383,15,15
1701210240,11,29,2,384,15,15
1701210300,11,29,2,385,15,15
1701210360,11,29,2,386,15,15
1701210420,11,29,2,387,15,15
1701210480,11,29,2,388,15,15
1701210540,11,29,2,389,15,15
1701210600,11,29,2,390,15,15
1701210660,11,29,2,391,15,15
1701210720,11,29,2,392,15,15
1701210780,11,29,2,393,15,14
1701210840,11,29,2,394,15,14
1701210900,11,29,2,395,15,14
1701210960,11,29,2,396,15,14
1701211020,11,29,2,397,15,13
1701211080,11,29,2,398,15,13
1701211140,11,29,2,399,15,13
1701211200,11,29,2,400,15,13
1701211260,11,29,2,401,15,13
1701211320,11,29,2,402,15,13
1701211380,11,29,2,403,15,13
1701211440,11,29,2,404,15,13
1701211500,11,29,2,405,15,13
1701211560,11,29,2,406,15,13
1701211620,11,29,2,407,15,13
1701211680,11,29,2,408,15,13
1701211740,11,29,2,409,15,13
1701211800,11,29,2,410,15,13
1701211860,11,29,2,411,15,13
1701211920,11,29,2,412,15,13
1701211980,11,29,2,413,15,12
1701212040,11,29,2,414,15,12
1701212100,11,29,2,415,15,12
1701212160,11,29,2,416,15,12
1701212220,11,29,2,417,15,12
1701212280,11,29,2,418,15,12
1701212340,11,29,2,419,15,11
1701212460,11,29,2,421,15,11
1701212520,11,29,2,422,15,11
1701212580,11,29,2,423,15,9
1701212700,11,29,2,425,15,8
1701212760,11,29,2,426,15,8
1701212820,11,29,2,427,15,8
1701212880,11,29,2,428,15,8
1701212940,11,29,2,429,15,8
1701213060,11,29,2,431,15,7
1701213120,11,29,2,432,15,8
1701213180,11,29,2,433,15,8
1701213240,11,29,2,434,15,8
1701213300,11,29,2,435,15,8
1701213360,11,29,2,436,15,8
1701213420,11,29,2,437,15,8
1701213480,11,29,2,438,15,8
1701213540,11,29,2,439,15,8
1701213660,11,29,2,441,15,9
1701213720,11,29,2,442,15,8
1701213780,11,29,2,443,15,8
1701213840,11,29,2,444,15,8
1701213900,11,29,2,445,15,8
1701213960,11,29,2,446,15,8
1701214020,11,29,2,447,15,8
1701214080,11,29,2,448,15,8
1701214140,11,29,2,449,15,7
1701214260,11,29,2,451,15,7
1701214320,11,29,2,452,15,7
1701214380,11,29,2,453,15,7
1701214440,11,29,2,454,15,7
1701214500,11,29,2,455,15,7
1701214560,11,29,2,456,15,7
1701214680,11,29,2,458,15,7
1701214740,11,29,2,459,15,7
1701214860,11,29,2,461,15,6
1701214920,11,29,2,462,15,7
1701214980,11,29,2,463,15,7
1701215040,11,29,2,464,15,7
1701215100,11,29,2,465,15,8
1701215160,11,29,2,466,15,8
1701215220,11,29,2,467,15,8
1701215280,11,29,2,468,15,8
1701215340,11,29,2,469,15,8
1701215460,11,29,2,471,15,8
1701215520,11,29,2,472,15,9
1701215580,11,29,2,473,15,9
1701215640,11,29,2,474,15,8
1701215700,11,29,2,475,15,8
1701215760,11,29,2,476,15,9
1701215820,11,29,2,477,15,9
1701215880,11,29,2,478,15,9
1701215940,11,29,2,479,15,8
1701216060,11,29,2,481,15,7
1701216120,11,29,2,482,15,9
1701216180,11,29,2,483,15,9
1701216240,11,29,2,484,15,9
1701216300,11,29,2,485,15,9
1701216360,11,29,2,486,15,8
1701216420,11,29,2,487,15,8
1701216480,11,29,2,488,15,8
1701216540,11,29,2,489,15,7
1701216660,11,29,2,491,15,6
1701216720,11,29,2,492,15,5
1701216780,11,29,2,493,15,3
1701216840,11,29,2,494,15,0
1701216900,11,29,2,495,15,1
1701216960,11,29,2,496,15,0
1701217020,11,29,2,497,15,0
1701217080,11,29,2,498,15,1
1701217140,11,29,2,499,15,0
1701217260,11,29,2,501,15,1
1701217320,11,29,2,502,15,3
1701217380,11,29,2,503,15,2
1701217440,11,29,2,504,15,2
1701217500,11,29,2,505,15,2
1701217560,11,29,2,506,15,3
1701217620,11,29,2,507,15,3
1701217680,11,29,2,508,15,3
1701217740,11,29,2,509,15,3
1701217860,11,29,2,511,15,3
1701217920,11,29,2,512,15,4
1701217980,11,29,2,513,15,4
1701218040,11,29,2,514,15,5
1701218100,11,29,2,515,15,8
1701218160,11,29,2,516,15,9
1701218220,11,29,2,517,15,8
1701218280,11,29,2,518,15,10
1701218340,11,29,2,519,15,10
1701218460,11,29,2,521,15,10
1701218520,11,29,2,522,15,10
1701218580,11,29,2,523,15,9
1701218640,11,29,2,524,15,8
1701218700,11,29,2,525,15,6
1701218760,11,29,2,526,15,6
1701218820,11,29,2,527,15,5
1701218880,11,29,2,528,15,5
1701218940,11,29,2,529,15,3
1701219060,11,29,2,531,15,2
1701219120,11,29,2,532,15,2
1701219180,11,29,2,533,15,1
1701219240,11,29,2,534,15,1
1701219300,11,29,2,535,15,1
1701219360,11,29,2,536,15,1
1701219420,11,29,2,537,15,1
1701219480,11,29,2,538,15,1
1701219540,11,29,2,539,15,1
1701219660,11,29,2,541,15,1
1701219720,11,29,2,542,15,1
1701219780,11,29,2,543,15,0
1701219840,11,29,2,544,15,0
1701219900,11,29,2,545,15,0
1701219960,11,29,2,546,15,0
1701220020,11,29,2,547,15,0
1701220080,11,29,2,548,15,0
1701220140,11,29,2,549,15,0
1701220200,11,29,2,550,15,0
1701220260,11,29,2,551,15,0
1701220320,11,29,2,552,15,0
1701220380,11,29,2,553,15,0
1701220440,11,29,2,554,15,0
1701220500,11,29,2,555,15,0
1701220560,11,29,2,556,15,3
1701220620,11,29,2,557,15,3
1701220680,11,29,2,558,15,3
1701220740,11,29,2,559,15,4
1701220860,11,29,2,561,15,3
1701220920,11,29,2,562,15,4
1701220980,11,29,2,563,15,4
1701221040,11,29,2,564,15,2
1701221100,11,29,2,565,15,4
1701221160,11,29,2,566,15,4
1701221220,11,29,2,567,15,1
1701221280,11,29,2,568,15,2
1701221340,11,29,2,569,15,3
1701221460,11,29,2,571,15,1
1701221520,11,29,2,572,15,0
1701221580,11,29,2,573,15,0
1701221640,11,29,2,574,15,2
1701221700,11,29,2,575,15,0
1701221760,11,29,2,576,15,0
1701221820,11,29,2,577,15,0
1701221880,11,29,2,578,15,0
1701221940,11,29,2,579,15,0
1701222000,11,29,2,580,15,0
1701222060,11,29,2,581,15,0
1701222120,11,29,2,582,15,0
1701222180,11,29,2,583,15,0
1701222240,11,29,2,584,15,0
1701222300,11,29,2,585,15,0
1701222360,11,29,2,586,15,0
1701222420,11,29,2,587,15,0
1701222480,11,29,2,588,15,0
1701222540,11,29,2,589,15,1
1701222600,11,29,2,590,15,1
1701222660,11,29,2,591,15,0
1701222720,11,29,2,592,15,0
1701222780,11,29,2,593,15,0
1701222840,11,29,2,594,15,0
1701222900,11,29,2,595,15,0
1701222960,11,29,2,596,15,0
1701223020,11,29,2,597,15,0
1701223080,11,29,2,598,15,0
1701223140,11,29,2,599,15,0
1701223260,11,29,2,601,15,0
1701223320,11,29,2,602,15,0
1701223380,11,29,2,603,15,0
1701223440,11,29,2,604,15,1
1701223500,11,29,2,605,15,2
1701223560,11,29,2,606,15,2
1701223620,11,29,2,607,15,1
1701223680,11,29,2,608,15,0
1701223740,11,29,2,609,15,1
1701223800,11,29,2,610,15,0
1701223860,11,29,2,611,15,0
1701223920,11,29,2,612,15,0
1701223980,11,29,2,613,15,0
1701224040,11,29,2,614,15,0
1701224100,11,29,2,615,15,0
1701224160,11,29,2,616,15,0
1701224220,11,29,2,617,15,0
1701224280,11,29,2,618,15,0
1701224340,11,29,2,619,15,0
1701224460,11,29,2,621,15,0
1701224520,11,29,2,622,15,0
1701224580,11,29,2,623,15,0
1701224640,11,29,2,624,15,0
1701224700,11,29,2,625,15,1
1701224760,11,29,2,626,15,1
1701224820,11,29,2,627,15,0
1701224880,11,29,2,628,15,0
1701224940,11,29,2,629,15,0
1701225060,11,29,2,631,15,0
1701225120,11,29,2,632,15,0
1701225180,11,29,2,633,15,0
1701225240,11,29,2,634,15,0
1701225300,11,29,2,635,15,1
1701225360,11,29,2,636,15,0
1701225420,11,29,2,637,15,0
1701225480,11,29,2,638,15,0
1701225540,11,29,2,639,15,0
1701225600,11,29,2,640,15,0
1701225660,11,29,2,641,15,0
1701225720,11,29,2,642,15,0
1701225780,11,29,2,643,15,0
1701225840,11,29,2,644,15,0
1701225900,11,29,2,645,15,1
1701225960,11,29,2,646,15,1
1701226020,11,29,2,647,15,1
1701226080,11,29,2,648,15,1
1701226140,11,29,2,649,15,1
1701226200,11,29,2,650,15,0
1701226260,11,29,2,651,15,0
1701226320,11,29,2,652,15,0
1701226380,11,29,2,653,15,0
1701226440,11,29,2,654,15,0
1701226560,11,29,2,656,15,0
1701226620,11,29,2,657,15,0
1701226680,11,29,2,658,15,0
1701226740,11,29,2,659,15,0
1701226860,11,29,2,661,15,0
1701226920,11,29,2,662,15,0
1701226980,11,29,2,663,15,0
1701227040,11,29,2,664,15,0
1701227100,11,29,2,665,15,0
1701227160,11,29,2,666,15,0
1701227220,11,29,2,667,15,0
1701227280,11,29,2,668,15,0
1701227340,11,29,2,669,15,0
1701227460,11,29,2,671,15,0
1701227520,11,29,2,672,15,0
1701227580,11,29,2,673,15,0
1701227640,11,29,2,674,15,0
1701227700,11,29,2,675,15,1
1701227760,11,29,2,676,15,1
1701227820,11,29,2,677,15,1
1701227880,11,29,2,678,15,1
1701227940,11,29,2,679,15,1
1701228060,11,29,2,681,15,1
1701228120,11,29,2,682,15,1
1701228180,11,29,2,683,15,1
1701228240,11,29,2,684,15,0
1701228300,11,29,2,685,15,1
1701228360,11,29,2,686,15,0
1701228420,11,29,2,687,15,0
1701228480,11,29,2,688,15,0
1701228540,11,29,2,689,15,0
1701228660,11,29,2,691,15,0
1701228720,11,29,2,692,15,0
1701228780,11,29,2,693,15,0
1701228840,11,29,2,694,15,0
1701228900,11,29,2,695,15,1
1701228960,11,29,2,696,15,1
1701229020,11,29,2,697,15,1
1701229080,11,29,2,698,15,1
1701229140,11,29,2,699,15,1
1701229260,11,29,2,701,15,1
1701229320,11,29,2,702,15,0
1701229380,11,29,2,703,15,0
1701229440,11,29,2,704,15,0
1701229500,11,29,2,705,15,0
1701229560,11,29,2,706,15,0
1701229620,11,29,2,707,15,0
1701229680,11,29,2,708,15,0
1701229740,11,29,2,709,15,0
1701229860,11,29,2,711,15,0
1701229920,11,29,2,712,15,1
1701229980,11,29,2,713,15,1
1701230040,11,29,2,714,15,0
1701230100,11,29,2,715,15,0
1701230160,11,29,2,716,15,0
1701230220,11,29,2,717,15,0
1701230280,11,29,2,718,15,0
1701230340,11,29,2,719,15,0
1701230460,11,29,2,721,15,0
1701230520,11,29,2,722,15,1
1701230580,11,29,2,723,15,0
1701230640,11,29,2,724,15,0
1701230700,11,29,2,725,15,0
1701230760,11,29,2,726,15,0
1701230820,11,29,2,727,15,0
1701230880,11,29,2,728,15,0
1701230940,11,29,2,729,15,0
1701231060,11,29,2,731,15,0
1701231120,11,29,2,732,15,1
1701231180,11,29,2,733,15,1
1701231240,11,29,2,734,15,1
1701231300,11,29,2,735,15,1
1701231360,11,29,2,736,15,0
1701231420,11,29,2,737,15,0
1701231480,11,29,2,738,15,0
1701231540,11,29,2,739,15,0
1701231660,11,29,2,741,15,0
1701231720,11,29,2,742,15,0
1701231780,11,29,2,743,15,0
1701231840,11,29,2,744,15,0
1701231900,11,29,2,745,15,1
1701231960,11,29,2,746,15,1
1701232020,11,29,2,747,15,1
1701232080,11,29,2,748,15,0
1701232140,11,29,2,749,15,1
1701232200,11,29,2,750,15,0
1701232320,11,29,2,752,15,1
1701232380,11,29,2,753,15,1
1701232440,11,29,2,754,15,1
1701232500,11,29,2,755,15,0
1701232560,11,29,2,756,15,0
1701232620,11,29,2,757,15,0
1701232680,11,29,2,758,15,0
1701232740,11,29,2,759,15,0
1701232860,11,29,2,761,15,0
1701232920,11,29,2,762,15,0
1701232980,11,29,2,763,15,0
1701233040,11,29,2,764,15,0
1701233100,11,29,2,765,15,0
1701233160,11,29,2,766,15,0
1701233220,11,29,2,767,15,0
1701233280,11,29,2,768,15,0
1701233340,11,29,2,769,15,1
1701233460,11,29,2,771,15,1
1701233520,11,29,2,772,15,2
1701233580,11,29,2,773,15,2
1701233640,11,29,2,774,15,1
1701233700,11,29,2,775,15,1
1701233760,11,29,2,776,15,0
1701233820,11,29,2,777,15,0
1701233880,11,29,2,778,15,0
1701233940,11,29,2,779,15,0
1701234060,11,29,2,781,15,0
1701234120,11,29,2,782,15,0
1701234180,11,29,2,783,15,0
1701234240,11,29,2,784,15,0
1701234300,11,29,2,785,15,0
1701234360,11,29,2,786,15,0
1701234420,11,29,2,787,15,0
1701234480,11,29,2,788,15,0
1701234540,11,29,2,789,15,0
1701234600,11,29,2,790,15,0
1701234660,11,29,2,791,15,0
1701234720,11,29,2,792,15,0
1701234780,11,29,2,793,15,0
1701234840,11,29,2,794,15,1
1701234900,11,29,2,795,15,1
1701234960,11,29,2,796,15,1
1701235020,11,29,2,797,15,1
1701235080,11,29,2,798,15,0
1701235140,11,29,2,799,15,0
1701235260,11,29,2,801,15,0
1701235320,11,29,2,802,15,2
1701235380,11,29,2,803,15,2
1701235440,11,29,2,804,15,2
1701235500,11,29,2,805,15,2
1701235560,11,29,2,806,15,6
1701235620,11,29,2,807,15,6
1701235680,11,29,2,808,15,6
1701235740,11,29,2,809,15,6
1701235860,11,29,2,811,15,6
1701235920,11,29,2,812,15,6
1701235980,11,29,2,813,15,6
1701236040,11,29,2,814,15,5
1701236100,11,29,2,815,15,6
1701236160,11,29,2,816,15,4
1701236220,11,29,2,817,15,4
1701236280,11,29,2,818,15,3
1701236340,11,29,2,819,15,3
1701236400,11,29,2,820,15,3
1701236460,11,29,2,821,15,3
1701236520,11,29,2,822,15,3
1701236580,11,29,2,823,15,4
1701236640,11,29,2,824,15,4
1701236700,11,29,2,825,15,4
1701236760,11,29,2,826,15,3
1701236820,11,29,2,827,15,3
1701236880,11,29,2,828,15,2
1701236940,11,29,2,829,15,2
1701237000,11,29,2,830,15,2
1701237060,11,29,2,831,15,2
1701237120,11,29,2,832,15,2
1701237180,11,29,2,833,15,2
1701237240,11,29,2,834,15,2
1701237300,11,29,2,835,15,2
1701237360,11,29,2,836,15,2
1701237420,11,29,2,837,15,2
1701237480,11,29,2,838,15,4
1701237540,11,29,2,839,15,6
1701237660,11,29,2,841,15,6
1701237720,11,29,2,842,15,6
1701237780,11,29,2,843,15,4
1701237840,11,29,2,844,15,3
1701237900,11,29,2,845,15,2
1701237960,11,29,2,846,15,3
1701238020,11,29,2,847,15,4
1701238080,11,29,2,848,15,2
1701238140,11,29,2,849,15,2
1701238200,11,29,2,850,15,5
1701238260,11,29,2,851,15,5
1701238320,11,29,2,852,15,4
1701238380,11,29,2,853,15,3
1701238440,11,29,2,854,15,4
1701238500,11,29,2,855,15,4
1701238560,11,29,2,856,15,4
1701238620,11,29,2,857,15,4
1701238680,11,29,2,858,15,3
1701238740,11,29,2,859,15,2
1701238860,11,29,2,861,15,2
1701238920,11,29,2,862,15,2
1701238980,11,29,2,863,15,2
1701239040,11,29,2,864,15,2
1701239100,11,29,2,865,15,1
1701239160,11,29,2,866,15,0
1701239220,11,29,2,867,15,0
1701239280,11,29,2,868,15,0
1701239340,11,29,2,869,15,0
1701239400,11,29,2,870,15,0
1701239460,11,29,2,871,15,0
1701239520,11,29,2,872,15,0
1701239580,11,29,2,873,15,0
1701239640,11,29,2,874,15,0
1701239700,11,29,2,875,15,0
1701239760,11,29,2,876,15,0
1701239820,11,29,2,877,15,0
1701239880,11,29,2,878,15,0
1701239940,11,29,2,879,15,0
1701240000,11,29,2,880,15,0
1701240060,11,29,2,881,15,1
1701240120,11,29,2,882,15,2
1701240180,11,29,2,883,15,2
1701240240,11,29,2,884,15,2
1701240300,11,29,2,885,15,2
1701240360,11,29,2,886,15,0
1701240420,11,29,2,887,15,0
1701240480,11,29,2,888,15,0
1701240540,11,29,2,889,15,0
1701240600,11,29,2,890,15,2
1701240660,11,29,2,891,15,2
1701240720,11,29,2,892,15,2
1701240780,11,29,2,893,15,2
1701240840,11,29,2,894,15,2
1701240900,11,29,2,895,15,2
1701240960,11,29,2,896,15,2
1701241020,11,29,2,897,15,2
1701241080,11,29,2,898,15,2
1701241140,11,29,2,899,15,2
1701241260,11,29,2,901,15,1
1701241320,11,29,2,902,15,1
1701241380,11,29,2,903,15,1
1701241440,11,29,2,904,15,1
1701241500,11,29,2,905,15,1
1701241560,11,29,2,906,15,2
1701241620,11,29,2,907,15,1
1701241680,11,29,2,908,15,1
1701241740,11,29,2,909,15,1
1701241800,11,29,2,910,15,1
1701241860,11,29,2,911,15,1
1701241920,11,29,2,912,15,1
1701241980,11,29,2,913,15,1
1701242040,11,29,2,914,15,1
1701242100,11,29,2,915,15,1
1701242220,11,29,2,917,15,1
1701242280,11,29,2,918,15,1
1701242340,11,29,2,919,15,1
1701242460,11,29,2,921,15,1
1701242520,11,29,2,922,15,1
1701242580,11,29,2,923,15,1
1701242640,11,29,2,924,15,1
1701242700,11,29,2,925,15,1
1701242760,11,29,2,926,15,1
1701242820,11,29,2,927,15,1
1701242880,11,29,2,928,15,1
1701242940,11,29,2,929,15,1
1701243060,11,29,2,931,15,1
1701243120,11,29,2,932,15,1
1701243180,11,29,2,933,15,1
1701243240,11,29,2,934,15,2
1701243300,11,29,2,935,15,2
1701243360,11,29,2,936,15,2
1701243420,11,29,2,937,15,2
1701243480,11,29,2,938,15,3
1701243540,11,29,2,939,15,1
1701243660,11,29,2,941,15,1
1701243720,11,29,2,942,15,2
1701243780,11,29,2,943,15,2
1701243840,11,29,2,944,15,1
1701243900,11,29,2,945,15,1
1701243960,11,29,2,946,15,2
1701244020,11,29,2,947,15,2
1701244080,11,29,2,948,15,2
1701244140,11,29,2,949,15,1
1701244260,11,29,2,951,15,1
1701244320,11,29,2,952,15,1
1701244380,11,29,2,953,15,1
1701244440,11,29,2,954,15,1
1701244500,11,29,2,955,15,1
1701244560,11,29,2,956,15,1
1701244620,11,29,2,957,15,1
1701244680,11,29,2,958,15,1
1701244740,11,29,2,959,15,1
1701244860,11,29,2,961,15,1
1701244920,11,29,2,962,15,1
1701244980,11,29,2,963,15,1
1701245040,11,29,2,964,15,1
1701245100,11,29,2,965,15,1
1701245160,11,29,2,966,15,1
1701245220,11,29,2,967,15,1
1701245280,11,29,2,968,15,1
1701245340,11,29,2,969,15,1
1701245460,11,29,2,971,15,1
1701245520,11,29,2,972,15,1
1701245580,11,29,2,973,15,1
1701245640,11,29,2,974,15,1
1701245700,11,29,2,975,15,1
1701245760,11,29,2,976,15,1
1701245820,11,29,2,977,15,1
1701245880,11,29,2,978,15,3
1701245940,11,29,2,979,15,3
1701246060,11,29,2,981,15,2
1701246120,11,29,2,982,15,2
1701246180,11,29,2,983,15,2
1701246240,11,29,2,984,15,2
1701246300,11,29,2,985,15,2
1701246360,11,29,2,986,15,2
1701246420,11,29,2,987,15,2
1701246480,11,29,2,988,15,1
1701246540,11,29,2,989,15,1
1701246660,11,29,2,991,15,1
1701246720,11,29,2,992,15,1
1701246780,11,29,2,993,15,1
1701246840,11,29,2,994,15,1
1701246900,11,29,2,995,15,1
1701246960,11,29,2,996,15,1
1701247020,11,29,2,997,15,1
1701247080,11,29,2,998,15,1
1701247140,11,29,2,999,15,1
1701247260,11,29,2,1001,15,1
1701247320,11,29,2,1002,15,3
1701247380,11,29,2,1003,15,3
1701247440,11,29,2,1004,15,3
1701247500,11,29,2,1005,15,3
1701247560,11,29,2,1006,15,3
1701247620,11,29,2,1007,15,3
1701247680,11,29,2,1008,15,3
1701247740,11,29,2,1009,15,4
1701247860,11,29,2,1011,15,3
1701247920,11,29,2,1012,15,3
1701247980,11,29,2,1013,15,3
1701248040,11,29,2,1014,15,2
1701248100,11,29,2,1015,15,2
1701248220,11,29,2,1017,15,2
1701248280,11,29,2,1018,15,3
1701248340,11,29,2,1019,15,3
1701248460,11,29,2,1021,15,3
1701248520,11,29,2,1022,15,4
1701248580,11,29,2,1023,15,4
1701248640,11,29,2,1024,15,6
1701248700,11,29,2,1025,15,6
1701248760,11,29,2,1026,15,6
1701248820,11,29,2,1027,15,3
1701248940,11,29,2,1029,15,3
1701249060,11,29,2,1031,15,3
1701249120,11,29,2,1032,15,2
1701249180,11,29,2,1033,15,1
1701249240,11,29,2,1034,15,3
1701249300,11,29,2,1035,15,2
1701249360,11,29,2,1036,15,1
1701249420,11,29,2,1037,15,1
1701249480,11,29,2,1038,15,5
1701249540,11,29,2,1039,15,3
1701249660,11,29,2,1041,15,3
1701249720,11,29,2,1042,15,3
1701249780,11,29,2,1043,15,3
1701249840,11,29,2,1044,15,2
1701249900,11,29,2,1045,15,2
1701249960,11,29,2,1046,15,2
1701250020,11,29,2,1047,15,1
1701250080,11,29,2,1048,15,1
1701250140,11,29,2,1049,15,2
1701250260,11,29,2,1051,15,1
1701250320,11,29,2,1052,15,1
1701250380,11,29,2,1053,15,2
1701250440,11,29,2,1054,15,2
1701250500,11,29,2,1055,15,1
1701250560,11,29,2,1056,15,1
1701250620,11,29,2,1057,15,2
1701250680,11,29,2,1058,15,1
1701250740,11,29,2,1059,15,1
1701250800,11,29,2,1060,15,1
1701250860,11,29,2,1061,15,3
1701250920,11,29,2,1062,15,2
1701250980,11,29,2,1063,15,2
1701251040,11,29,2,1064,15,1
1701251100,11,29,2,1065,15,1
1701251160,11,29,2,1066,15,1
1701251220,11,29,2,1067,15,1
1701251280,11,29,2,1068,15,1
1701251340,11,29,2,1069,15,1
1701251400,11,29,2,1070,15,1
1701251460,11,29,2,1071,15,1
1701251520,11,29,2,1072,15,1
1701251580,11,29,2,1073,15,1
1701251640,11,29,2,1074,15,1
1701251700,11,29,2,1075,15,1
1701251760,11,29,2,1076,15,1
1701251820,11,29,2,1077,15,1
1701251880,11,29,2,1078,15,3
1701251940,11,29,2,1079,15,1
1701252060,11,29,2,1081,15,1
1701252120,11,29,2,1082,15,1
1701252180,11,29,2,1083,15,1
1701252240,11,29,2,1084,15,1
1701252300,11,29,2,1085,15,3
1701252360,11,29,2,1086,15,3
1701252420,11,29,2,1087,15,3
1701252480,11,29,2,1088,15,2
1701252540,11,29,2,1089,15,3
1701252600,11,29,2,1090,15,3
1701252660,11,29,2,1091,15,2
1701252720,11,29,2,1092,15,1
1701252780,11,29,2,1093,15,1
1701252840,11,29,2,1094,15,2
1701252900,11,29,2,1095,15,1
1701252960,11,29,2,1096,15,1
1701253020,11,29,2,1097,15,1
1701253080,11,29,2,1098,15,1
1701253140,11,29,2,1099,15,1
1701253260,11,29,2,1101,15,0
1701253320,11,29,2,1102,15,0
1701253380,11,29,2,1103,15,0
1701253440,11,29,2,1104,15,0
1701253500,11,29,2,1105,15,0
1701253560,11,29,2,1106,15,0
1701253620,11,29,2,1107,15,0
1701253680,11,29,2,1108,15,0
1701253740,11,29,2,1109,15,2
1701253860,11,29,2,1111,15,2
1701253920,11,29,2,1112,15,0
1701253980,11,29,2,1113,15,0
1701254040,11,29,2,1114,15,0
1701254100,11,29,2,1115,15,0
1701254160,11,29,2,1116,15,0
1701254220,11,29,2,1117,15,0
1701254280,11,29,2,1118,15,0
1701254340,11,29,2,1119,15,0
1701254400,11,29,2,1120,15,0
1701254460,11,29,2,1121,15,2
1701254520,11,29,2,1122,15,3
1701254580,11,29,2,1123,15,2
1701254640,11,29,2,1124,15,1
1701254700,11,29,2,1125,15,0
1701254760,11,29,2,1126,15,0
1701254820,11,29,2,1127,15,0
1701254880,11,29,2,1128,15,0
1701254940,11,29,2,1129,15,0
1701255000,11,29,2,1130,15,0
1701255060,11,29,2,1131,15,0
1701255120,11,29,2,1132,15,0
1701255180,11,29,2,1133,15,0
1701255240,11,29,2,1134,15,0
1701255300,11,29,2,1135,15,0
1701255360,11,29,2,1136,15,0
1701255420,11,29,2,1137,15,0
1701255480,11,29,2,1138,15,0
1701255540,11,29,2,1139,15,0
1701255660,11,29,2,1141,15,0
1701255720,11,29,2,1142,15,0
1701255780,11,29,2,1143,15,0
1701255840,11,29,2,1144,15,0
1701255900,11,29,2,1145,15,1
1701255960,11,29,2,1146,15,0
1701256020,11,29,2,1147,15,0
1701256080,11,29,2,1148,15,0
1701256140,11,29,2,1149,15,0
1701256200,11,29,2,1150,15,0
1701256260,11,29,2,1151,15,0
1701256320,11,29,2,1152,15,0
1701256380,11,29,2,1153,15,0
1701256440,11,29,2,1154,15,0
1701256500,11,29,2,1155,15,0
1701256560,11,29,2,1156,15,0
1701256620,11,29,2,1157,15,0
1701256680,11,29,2,1158,15,0
1701256740,11,29,2,1159,15,0
1701256860,11,29,2,1161,15,0
1701256920,11,29,2,1162,15,0
1701256980,11,29,2,1163,15,0
1701257040,11,29,2,1164,15,0
1701257100,11,29,2,1165,15,1
1701257160,11,29,2,1166,15,1
1701257220,11,29,2,1167,15,0
1701257280,11,29,2,1168,15,0
1701257340,11,29,2,1169,15,0
1701257460,11,29,2,1171,15,0
1701257520,11,29,2,1172,15,0
1701257580,11,29,2,1173,15,0
1701257640,11,29,2,1174,15,0
1701257700,11,29,2,1175,15,0
1701257760,11,29,2,1176,15,0
1701257820,11,29,2,1177,15,0
1701257880,11,29,2,1178,15,1
1701257940,11,29,2,1179,15,0
1701258060,11,29,2,1181,15,0
1701258120,11,29,2,1182,15,1
1701258180,11,29,2,1183,15,0
1701258240,11,29,2,1184,15,0
1701258300,11,29,2,1185,15,0
1701258360,11,29,2,1186,15,1
1701258420,11,29,2,1187,15,1
1701258480,11,29,2,1188,15,1
1701258540,11,29,2,1189,15,2
1701258660,11,29,2,1191,15,1
1701258720,11,29,2,1192,15,0
1701258780,11,29,2,1193,15,0
1701258840,11,29,2,1194,15,0
1701258900,11,29,2,1195,15,0
1701258960,11,29,2,1196,15,0
1701259020,11,29,2,1197,15,0
1701259080,11,29,2,1198,15,0
1701259140,11,29,2,1199,15,0
1701259260,11,29,2,1201,15,0
1701259320,11,29,2,1202,15,0
1701259380,11,29,2,1203,15,0
1701259440,11,29,2,1204,15,0
1701259500,11,29,2,1205,15,0
1701259560,11,29,2,1206,15,0
1701259620,11,29,2,1207,15,0
1701259680,11,29,2,1208,15,0
1701259740,11,29,2,1209,15,0
1701259860,11,29,2,1211,15,0
1701259920,11,29,2,1212,15,0
1701259980,11,29,2,1213,15,0
1701260040,11,29,2,1214,15,0
1701260100,11,29,2,1215,15,0
1701260160,11,29,2,1216,15,0
1701260220,11,29,2,1217,15,0
1701260280,11,29,2,1218,15,2
1701260340,11,29,2,1219,15,2
1701260460,11,29,2,1221,15,1
1701260520,11,29,2,1222,15,1
1701260580,11,29,2,1223,15,1
1701260640,11,29,2,1224,15,1
1701260700,11,29,2,1225,15,0
1701260760,11,29,2,1226,15,0
1701260820,11,29,2,1227,15,1
1701260880,11,29,2,1228,15,1
1701260940,11,29,2,1229,15,1
1701261000,11,29,2,1230,15,0
1701261120,11,29,2,1232,15,1
1701261180,11,29,2,1233,15,1
1701261240,11,29,2,1234,15,1
1701261300,11,29,2,1235,15,1
1701261360,11,29,2,1236,15,1
1701261420,11,29,2,1237,15,1
1701261480,11,29,2,1238,15,1
1701261540,11,29,2,1239,15,1
1701261660,11,29,2,1241,15,1
1701261720,11,29,2,1242,15,1
1701261780,11,29,2,1243,15,1
1701261840,11,29,2,1244,15,1
1701261900,11,29,2,1245,15,0
1701261960,11,29,2,1246,15,0
1701262020,11,29,2,1247,15,0
1701262080,11,29,2,1248,15,0
1701262140,11,29,2,1249,15,0
1701262260,11,29,2,1251,15,0
1701262320,11,29,2,1252,15,0
1701262380,11,29,2,1253,15,0
1701262440,11,29,2,1254,15,0
1701262500,11,29,2,1255,15,0
1701262560,11,29,2,1256,15,0
1701262620,11,29,2,1257,15,0
1701262680,11,29,2,1258,15,0
1701262740,11,29,2,1259,15,0
1701262860,11,29,2,1261,15,0
1701262920,11,29,2,1262,15,0
1701262980,11,29,2,1263,15,0
1701263040,11,29,2,1264,15,1
1701263100,11,29,2,1265,15,1
1701263160,11,29,2,1266,15,1
1701263220,11,29,2,1267,15,1
1701263280,11,29,2,1268,15,1
1701263340,11,29,2,1269,15,1
1701263460,11,29,2,1271,15,1
1701263520,11,29,2,1272,15,1
1701263580,11,29,2,1273,15,0
1701263640,11,29,2,1274,15,0
1701263700,11,29,2,1275,15,0
1701263760,11,29,2,1276,15,0
1701263820,11,29,2,1277,15,0
1701263880,11,29,2,1278,15,0
1701263940,11,29,2,1279,15,0
1701264060,11,29,2,1281,15,0
1701264120,11,29,2,1282,15,0
1701264180,11,29,2,1283,15,0
1701264240,11,29,2,1284,15,0
1701264300,11,29,2,1285,15,0
1701264360,11,29,2,1286,15,1
1701264420,11,29,2,1287,15,1
1701264480,11,29,2,1288,15,1
1701264540,11,29,2,1289,15,1
1701264660,11,29,2,1291,15,2
1701264720,11,29,2,1292,15,2
1701264780,11,29,2,1293,15,2
1701264840,11,29,2,1294,15,2
1701264900,11,29,2,1295,15,2
1701264960,11,29,2,1296,15,2
1701265020,11,29,2,1297,15,1
1701265080,11,29,2,1298,15,1
1701265140,11,29,2,1299,15,0
1701265260,11,29,2,1301,15,0
1701265320,11,29,2,1302,15,0
1701265380,11,29,2,1303,15,0
1701265440,11,29,2,1304,15,0
1701265500,11,29,2,1305,15,0
1701265560,11,29,2,1306,15,1
1701265620,11,29,2,1307,15,1
1701265680,11,29,2,1308,15,1
1701265740,11,29,2,1309,15,1
1701265860,11,29,2,1311,15,0
1701265920,11,29,2,1312,15,0
1701265980,11,29,2,1313,15,0
1701266040,11,29,2,1314,15,0
1701266100,11,29,2,1315,15,0
1701266160,11,29,2,1316,15,0
1701266220,11,29,2,1317,15,0
1701266280,11,29,2,1318,15,1
1701266340,11,29,2,1319,15,1
1701266460,11,29,2,1321,15,1
1701266520,11,29,2,1322,15,4
1701266580,11,29,2,1323,15,4
1701266640,11,29,2,1324,15,4
1701266700,11,29,2,1325,15,4
1701266760,11,29,2,1326,15,5
1701266820,11,29,2,1327,15,5
1701266880,11,29,2,1328,15,5
1701266940,11,29,2,1329,15,5
1701267000,11,29,2,1330,15,5
1701267060,11,29,2,1331,15,6
1701267120,11,29,2,1332,15,6
1701267180,11,29,2,1333,15,3
1701267240,11,29,2,1334,15,4
1701267300,11,29,2,1335,15,3
1701267360,11,29,2,1336,15,3
1701267420,11,29,2,1337,15,3
1701267480,11,29,2,1338,15,3
1701267540,11,29,2,1339,15,2
1701267660,11,29,2,1341,15,1
1701267720,11,29,2,1342,15,0
1701267780,11,29,2,1343,15,0
1701267840,11,29,2,1344,15,0
1701267900,11,29,2,1345,15,0
1701267960,11,29,2,1346,15,1
1701268020,11,29,2,1347,15,1
1701268080,11,29,2,1348,15,1
1701268140,11,29,2,1349,15,1
1701268200,11,29,2,1350,15,1
1701268260,11,29,2,1351,15,1
1701268320,11,29,2,1352,15,1
1701268380,11,29,2,1353,15,1
1701268440,11,29,2,1354,15,1
1701268500,11,29,2,1355,15,1
1701268560,11,29,2,1356,15,1
1701268620,11,29,2,1357,15,1
1701268680,11,29,2,1358,15,1
1701268740,11,29,2,1359,15,1
1701268800,11,29,2,1360,15,1
1701268860,11,29,2,1361,15,0
1701268920,11,29,2,1362,15,1
1701268980,11,29,2,1363,15,1
1701269040,11,29,2,1364,15,1
1701269100,11,29,2,1365,15,1
1701269160,11,29,2,1366,15,2
1701269220,11,29,2,1367,15,1
1701269280,11,29,2,1368,15,1
1701269340,11,29,2,1369,15,1
1701269400,11,29,2,1370,15,2
1701269460,11,29,2,1371,15,2
1701269520,11,29,2,1372,15,2
1701269580,11,29,2,1373,15,2
1701269640,11,29,2,1374,15,2
1701269700,11,29,2,1375,15,2
1701269760,11,29,2,1376,15,2
1701269820,11,29,2,1377,15,2
1701269880,11,29,2,1378,15,3
1701269940,11,29,2,1379,15,3
1701270060,11,29,2,1381,15,3
1701270120,11,29,2,1382,15,3
1701270180,11,29,2,1383,15,3
1701270240,11,29,2,1384,15,3
1701270300,11,29,2,1385,15,3
1701270360,11,29,2,1386,15,3
1701270420,11,29,2,1387,15,3
1701270480,11,29,2,1388,15,3
1701270540,11,29,2,1389,15,2
1701270600,11,29,2,1390,15,2
1701270660,11,29,2,1391,15,2
1701270720,11,29,2,1392,15,2
1701270780,11,29,2,1393,15,2
1701270840,11,29,2,1394,15,2
1701270900,11,29,2,1395,15,1
1701270960,11,29,2,1396,15,1
1701271020,11,29,2,1397,15,1
1701271080,11,29,2,1398,15,2
1701271140,11,29,2,1399,15,2
1701271260,11,29,2,1401,15,2
1701271320,11,29,2,1402,15,2
1701271380,11,29,2,1403,15,2
1701271440,11,29,2,1404,15,2
1701271500,11,29,2,1405,15,2
1701271560,11,29,2,1406,15,2
1701271620,11,29,2,1407,15,2
1701271680,11,29,2,1408,15,2
1701271740,11,29,2,1409,15,2
1701271800,11,29,2,1410,15,2
1701271860,11,29,2,1411,15,3
1701271920,11,29,2,1412,15,3
1701271980,11,29,2,1413,15,3
1701272040,11,29,2,1414,15,3
1701272100,11,29,2,1415,15,3
1701272160,11,29,2,1416,15,3
1701272220,11,29,2,1417,15,4
1701272280,11,29,2,1418,15,4
1701272340,11,29,2,1419,15,4
1701272400,11,29,2,1420,15,4
1701272460,11,29,2,1421,15,5
1701272580,11,29,2,1423,15,5
1701272640,11,29,2,1424,15,5
1701272700,11,29,2,1425,15,4
1701272760,11,29,2,1426,15,4
1701272820,11,29,2,1427,15,4
1701272880,11,29,2,1428,15,4
1701272940,11,29,2,1429,15,4
1701273060,11,29,2,1431,15,4
1701273120,11,29,2,1432,15,4
1701273180,11,29,2,1433,15,4
1701273240,11,29,2,1434,15,4
1701273300,11,29,2,1435,15,4
1701273360,11,29,2,1436,15,4
1701273420,11,29,2,1437,15,4
1701273480,11,29,2,1438,15,4
1701273540,11,29,2,1439,15,5
1701273660,11,30,3,1,15,6
1701273720,11,30,3,2,15,6
1701273780,11,30,3,3,15,7
1701273840,11,30,3,4,15,7
1701273900,11,30,3,5,15,8
1701273960,11,30,3,6,15,8
1701274020,11,30,3,7,15,8
1701274080,11,30,3,8,15,6
1701274140,11,30,3,9,15,6
1701274260,11,30,3,11,15,8
1701274320,11,30,3,12,15,8
1701274380,11,30,3,13,15,7
1701274440,11,30,3,14,15,7
1701274500,11,30,3,15,15,8
1701274560,11,30,3,16,15,8
1701274620,11,30,3,17,15,8
1701274680,11,30,3,18,15,8
1701274740,11,30,3,19,15,8
1701274860,11,30,3,21,15,8
1701274920,11,30,3,22,15,8
1701275040,11,30,3,24,15,8
1701275100,11,30,3,25,15,8
1701275160,11,30,3,26,15,8
1701275220,11,30,3,27,15,8
1701275280,11,30,3,28,15,8
1701275340,11,30,3,29,15,8
1701275460,11,30,3,31,15,9
1701275520,11,30,3,32,15,9
1701275580,11,30,3,33,15,9
1701275640,11,30,3,34,15,9
1701275700,11,30,3,35,15,8
1701275760,11,30,3,36,15,8
1701275820,11,30,3,37,15,8
1701275880,11,30,3,38,15,8
1701275940,11,30,3,39,15,8
1701276060,11,30,3,41,15,9
1701276120,11,30,3,42,15,9
1701276180,11,30,3,43,15,9
1701276240,11,30,3,44,15,9
1701276360,11,30,3,46,15,9
1701276420,11,30,3,47,15,8
1701276480,11,30,3,48,15,7
1701276540,11,30,3,49,15,7
1701276660,11,30,3,51,15,7
1701276720,11,30,3,52,15,7
1701276780,11,30,3,53,15,7
1701276840,11,30,3,54,15,7
1701276900,11,30,3,55,15,7
1701276960,11,30,3,56,15,7
1701277020,11,30,3,57,15,8
1701277140,11,30,3,59,15,7
1701277260,11,30,3,61,15,6
1701277320,11,30,3,62,15,6
1701277380,11,30,3,63,15,6
1701277440,11,30,3,64,15,6
1701277500,11,30,3,65,15,6
1701277560,11,30,3,66,15,6
1701277620,11,30,3,67,15,6
1701277680,11,30,3,68,15,6
1701277740,11,30,3,69,15,6
1701277860,11,30,3,71,15,6
1701277920,11,30,3,72,15,6
1701277980,11,30,3,73,15,6
1701278040,11,30,3,74,15,6
1701278100,11,30,3,75,15,6
1701278160,11,30,3,76,15,6
1701278220,11,30,3,77,15,6
1701278280,11,30,3,78,15,6
1701278340,11,30,3,79,15,6
1701278460,11,30,3,81,15,6
1701278520,11,30,3,82,15,6
1701278580,11,30,3,83,15,6
1701278640,11,30,3,84,15,6
1701278700,11,30,3,85,15,6
1701278760,11,30,3,86,15,6
1701278820,11,30,3,87,15,6
1701278880,11,30,3,88,15,6
1701278940,11,30,3,89,15,6
1701279000,11,30,3,90,15,6
1701279060,11,30,3,91,15,6
1701279120,11,30,3,92,15,6
1701279180,11,30,3,93,15,6
1701279240,11,30,3,94,15,6
1701279300,11,30,3,95,15,6
1701279360,11,30,3,96,15,6
1701279420,11,30,3,97,15,6
1701279480,11,30,3,98,15,6
1701279540,11,30,3,99,15,6
1701279600,11,30,3,100,15,6
1701279660,11,30,3,101,15,6
1701279720,11,30,3,102,15,6
1701279780,11,30,3,103,15,6
1701279840,11,30,3,104,15,5
1701279900,11,30,3,105,15,5
1701279960,11,30,3,106,15,5
1701280020,11,30,3,107,15,5
1701280080,11,30,3,108,15,5
1701280200,11,30,3,110,15,5
1701280260,11,30,3,111,15,5
1701280320,11,30,3,112,15,5
1701280380,11,30,3,113,15,5
1701280440,11,30,3,114,15,5
1701280500,11,30,3,115,15,5
1701280560,11,30,3,116,15,5
1701280620,11,30,3,117,15,5
1701280680,11,30,3,118,15,5
1701280740,11,30,3,119,15,5
1701280860,11,30,3,121,15,5
1701280920,11,30,3,122,15,5
1701280980,11,30,3,123,15,5
1701281040,11,30,3,124,15,5
1701281100,11,30,3,125,15,5
1701281160,11,30,3,126,15,5
1701281220,11,30,3,127,15,5
1701281280,11,30,3,128,15,5
1701281340,11,30,3,129,15,5
1701281400,11,30,3,130,15,5
1701281460,11,30,3,131,15,5
1701281520,11,30,3,132,15,5
1701281580,11,30,3,133,15,5
1701281640,11,30,3,134,15,5
1701281700,11,30,3,135,15,5
1701281760,11,30,3,136,15,5
1701281820,11,30,3,137,15,5
1701281880,11,30,3,138,15,5
1701281940,11,30,3,139,15,5
1701282060,11,30,3,141,15,5
1701282120,11,30,3,142,15,5
1701282180,11,30,3,143,15,5
1701282240,11,30,3,144,15,5
1701282300,11,30,3,145,15,5
1701282360,11,30,3,146,15,5
1701282420,11,30,3,147,15,5
1701282480,11,30,3,148,15,5
1701282540,11,30,3,149,15,5
1701282600,11,30,3,150,15,5
1701282660,11,30,3,151,15,5
1701282720,11,30,3,152,15,5
1701282780,11,30,3,153,15,5
1701282840,11,30,3,154,15,5
1701282900,11,30,3,155,15,5
1701282960,11,30,3,156,15,5
1701283020,11,30,3,157,15,5
1701283080,11,30,3,158,15,5
1701283140,11,30,3,159,15,5
1701283200,11,30,3,160,15,5
1701283260,11,30,3,161,15,5
1701283320,11,30,3,162,15,5
1701283380,11,30,3,163,15,5
1701283440,11,30,3,164,15,5
1701283500,11,30,3,165,15,5
1701283560,11,30,3,166,15,5
1701283620,11,30,3,167,15,5
1701283680,11,30,3,168,15,5
1701283740,11,30,3,169,15,5
1701283800,11,30,3,170,15,5
1701283860,11,30,3,171,15,5
1701283920,11,30,3,172,15,5
1701283980,11,30,3,173,15,5
1701284040,11,30,3,174,15,5
1701284100,11,30,3,175,15,5
1701284160,11,30,3,176,15,5
1701284220,11,30,3,177,15,5
1701284280,11,30,3,178,15,5
1701284340,11,30,3,179,15,5
1701284400,11,30,3,180,15,5
1701284460,11,30,3,181,15,5
1701284520,11,30,3,182,15,5
1701284580,11,30,3,183,15,5
1701284640,11,30,3,184,15,5
1701284700,11,30,3,185,15,5
1701284760,11,30,3,186,15,5
1701284820,11,30,3,187,15,5
1701284880,11,30,3,188,15,5
1701284940,11,30,3,189,15,5
1701285000,11,30,3,190,15,5
1701285060,11,30,3,191,15,5
1701285120,11,30,3,192,15,5
1701285180,11,30,3,193,15,5
1701285240,11,30,3,194,15,5
1701285300,11,30,3,195,15,5
1701285360,11,30,3,196,15,5
1701285480,11,30,3,198,15,5
1701285540,11,30,3,199,15,5
1701285660,11,30,3,201,15,5
1701285720,11,30,3,202,15,5
1701285780,11,30,3,203,15,5
1701285840,11,30,3,204,15,5
1701285900,11,30,3,205,15,5
1701285960,11,30,3,206,15,5
1701286020,11,30,3,207,15,5
1701286080,11,30,3,208,15,5
1701286140,11,30,3,209,15,5
1701286260,11,30,3,211,15,5
1701286320,11,30,3,212,15,5
1701286380,11,30,3,213,15,5
1701286440,11,30,3,214,15,5
1701286500,11,30,3,215,15,5
1701286560,11,30,3,216,15,5
1701286620,11,30,3,217,15,5
1701286680,11,30,3,218,15,5
1701286740,11,30,3,219,15,5
1701286860,11,30,3,221,15,5
1701286920,11,30,3,222,15,5
1701286980,11,30,3,223,15,5
1701287040,11,30,3,224,15,5
1701287100,11,30,3,225,15,5
1701287160,11,30,3,226,15,5
1701287220,11,30,3,227,15,5
1701287280,11,30,3,228,15,5
1701287340,11,30,3,229,15,5
1701287460,11,30,3,231,15,5
1701287520,11,30,3,232,15,5
1701287580,11,30,3,233,15,5
1701287640,11,30,3,234,15,5
1701287700,11,30,3,235,15,5
1701287760,11,30,3,236,15,5
1701287820,11,30,3,237,15,5
1701287880,11,30,3,238,15,5
1701287940,11,30,3,239,15,5
1701288060,11,30,3,241,15,5
1701288120,11,30,3,242,15,5
1701288180,11,30,3,243,15,5
1701288240,11,30,3,244,15,5
1701288300,11,30,3,245,15,5
1701288360,11,30,3,246,15,5
1701288420,11,30,3,247,15,5
1701288480,11,30,3,248,15,5
1701288540,11,30,3,249,15,5
1701288660,11,30,3,251,15,5
1701288720,11,30,3,252,15,5
1701288780,11,30,3,253,15,5
1701288840,11,30,3,254,15,5
1701288900,11,30,3,255,15,5
1701288960,11,30,3,256,15,5
1701289020,11,30,3,257,15,5
1701289080,11,30,3,258,15,5
1701289140,11,30,3,259,15,5
1701289260,11,30,3,261,15,5
1701289320,11,30,3,262,15,5
1701289380,11,30,3,263,15,5
1701289440,11,30,3,264,15,5
1701289500,11,30,3,265,15,5
1701289560,11,30,3,266,15,4
1701289620,11,30,3,267,15,4
1701289680,11,30,3,268,15,4
1701289740,11,30,3,269,15,4
1701289860,11,30,3,271,15,4
1701289920,11,30,3,272,15,4
1701289980,11,30,3,273,15,4
1701290040,11,30,3,274,15,4
1701290100,11,30,3,275,15,4
1701290160,11,30,3,276,15,4
1701290220,11,30,3,277,15,4
1701290280,11,30,3,278,15,4
1701290340,11,30,3,279,15,4
1701290460,11,30,3,281,15,4
1701290520,11,30,3,282,15,4
1701290580,11,30,3,283,15,4
1701290640,11,30,3,284,15,4
1701290700,11,30,3,285,15,4
1701290760,11,30,3,286,15,4
1701290820,11,30,3,287,15,4
1701290880,11,30,3,288,15,4
1701290940,11,30,3,289,15,4
1701291060,11,30,3,291,15,4
1701291120,11,30,3,292,15,4
1701291180,11,30,3,293,15,4
1701291240,11,30,3,294,15,4
1701291300,11,30,3,295,15,4
1701291360,11,30,3,296,15,4
1701291420,11,30,3,297,15,4
1701291480,11,30,3,298,15,4
1701291540,11,30,3,299,15,4
1701291660,11,30,3,301,15,4
1701291720,11,30,3,302,15,4
1701291780,11,30,3,303,15,4
1701291840,11,30,3,304,15,4
1701291900,11,30,3,305,15,4
1701291960,11,30,3,306,15,4
1701292020,11,30,3,307,15,4
1701292080,11,30,3,308,15,4
1701292140,11,30,3,309,15,4
1701292260,11,30,3,311,15,4
1701292320,11,30,3,312,15,4
1701292380,11,30,3,313,15,4
1701292440,11,30,3,314,15,4
1701292500,11,30,3,315,15,4
1701292560,11,30,3,316,15,4
1701292620,11,30,3,317,15,4
1701292680,11,30,3,318,15,4
1701292740,11,30,3,319,15,4
1701292860,11,30,3,321,15,4
1701292920,11,30,3,322,15,4
1701292980,11,30,3,323,15,4
1701293040,11,30,3,324,15,4
1701293100,11,30,3,325,15,4
1701293160,11,30,3,326,15,4
1701293220,11,30,3,327,15,4
1701293280,11,30,3,328,15,4
1701293340,11,30,3,329,15,4
1701293400,11,30,3,330,15,4
1701293460,11,30,3,331,15,4
1701293520,11,30,3,332,15,4
1701293580,11,30,3,333,15,4
1701293640,11,30,3,334,15,4
1701293700,11,30,3,335,15,4
1701293760,11,30,3,336,15,4
1701293820,11,30,3,337,15,4
1701293880,11,30,3,338,15,4
1701293940,11,30,3,339,15,4
1701294000,11,30,3,340,15,4
1701294060,11,30,3,341,15,4
1701294120,11,30,3,342,15,4
1701294180,11,30,3,343,15,4
1701294240,11,30,3,344,15,4
1701294300,11,30,3,345,15,4
1701294360,11,30,3,346,15,4
1701294420,11,30,3,347,15,4
1701294480,11,30,3,348,15,5
1701294540,11,30,3,349,15,5
1701294600,11,30,3,350,15,5
1701294660,11,30,3,351,15,5
1701294720,11,30,3,352,15,5
1701294780,11,30,3,353,15,5
1701294840,11,30,3,354,15,5
1701294900,11,30,3,355,15,5
1701294960,11,30,3,356,15,3
1701295020,11,30,3,357,15,3
1701295080,11,30,3,358,15,3
1701295140,11,30,3,359,15,4
1701295200,11,30,3,360,15,4
1701295260,11,30,3,361,15,4
1701295320,11,30,3,362,15,4
1701295380,11,30,3,363,15,4
1701295440,11,30,3,364,15,4
1701295500,11,30,3,365,15,4
1701295560,11,30,3,366,15,4
1701295620,11,30,3,367,15,4
1701295680,11,30,3,368,15,4
1701295740,11,30,3,369,15,4
1701295800,11,30,3,370,15,4
1701295860,11,30,3,371,15,4
1701295920,11,30,3,372,15,4
1701295980,11,30,3,373,15,4
1701296040,11,30,3,374,15,4
1701296100,11,30,3,375,15,4
1701296160,11,30,3,376,15,4
1701296220,11,30,3,377,15,4
1701296280,11,30,3,378,15,4
1701296340,11,30,3,379,15,4
1701296460,11,30,3,381,15,4
1701296520,11,30,3,382,15,4
1701296580,11,30,3,383,15,4
1701296640,11,30,3,384,15,4
1701296700,11,30,3,385,15,4
1701296760,11,30,3,386,15,4
1701296820,11,30,3,387,15,4
1701296880,11,30,3,388,15,4
1701296940,11,30,3,389,15,4
1701297000,11,30,3,390,15,4
1701297060,11,30,3,391,15,6
1701297120,11,30,3,392,15,6
1701297180,11,30,3,393,15,6
1701297240,11,30,3,394,15,6
1701297300,11,30,3,395,15,6
1701297360,11,30,3,396,15,6
1701297420,11,30,3,397,15,6
1701297480,11,30,3,398,15,6
1701297540,11,30,3,399,15,6
1701297600,11,30,3,400,15,6
1701297660,11,30,3,401,15,6
1701297720,11,30,3,402,15,6
1701297780,11,30,3,403,15,6
1701297840,11,30,3,404,15,6
1701297900,11,30,3,405,15,6
1701297960,11,30,3,406,15,6
1701298020,11,30,3,407,15,6
1701298080,11,30,3,408,15,6
1701298140,11,30,3,409,15,6
1701298200,11,30,3,410,15,6
1701298260,11,30,3,411,15,6
1701298320,11,30,3,412,15,6
1701298380,11,30,3,413,15,6
1701298440,11,30,3,414,15,6
1701298500,11,30,3,415,15,6
1701298560,11,30,3,416,15,6
1701298620,11,30,3,417,15,6
1701298680,11,30,3,418,15,6
1701298740,11,30,3,419,15,6
1701298860,11,30,3,421,15,6
1701298920,11,30,3,422,15,6
1701298980,11,30,3,423,15,6
1701299040,11,30,3,424,15,6
1701299100,11,30,3,425,15,6
1701299160,11,30,3,426,15,6
1701299220,11,30,3,427,15,6
1701299280,11,30,3,428,15,5
1701299340,11,30,3,429,15,5
1701299400,11,30,3,430,15,5
1701299460,11,30,3,431,15,5
1701299520,11,30,3,432,15,7
1701299580,11,30,3,433,15,7
1701299640,11,30,3,434,15,8
1701299700,11,30,3,435,15,8
1701299760,11,30,3,436,15,8
1701299820,11,30,3,437,15,8
1701299880,11,30,3,438,15,8
1701299940,11,30,3,439,15,8
1701300060,11,30,3,441,15,8
1701300120,11,30,3,442,15,8
1701300180,11,30,3,443,15,8
1701300240,11,30,3,444,15,8
1701300300,11,30,3,445,15,8
1701300360,11,30,3,446,15,8
1701300420,11,30,3,447,15,8
1701300480,11,30,3,448,15,8
1701300540,11,30,3,449,15,8
1701300660,11,30,3,451,15,7
1701300720,11,30,3,452,15,7
1701300780,11,30,3,453,15,7
1701300840,11,30,3,454,15,7
1701300900,11,30,3,455,15,7
1701301020,11,30,3,457,15,8
1701301080,11,30,3,458,15,8
1701301140,11,30,3,459,15,8
1701301260,11,30,3,461,15,5
1701301320,11,30,3,462,15,5
1701301380,11,30,3,463,15,5
1701301440,11,30,3,464,15,5
1701301500,11,30,3,465,15,5
1701301560,11,30,3,466,15,5
1701301620,11,30,3,467,15,5
1701301680,11,30,3,468,15,6
1701301740,11,30,3,469,15,6
1701301860,11,30,3,471,15,6
1701301920,11,30,3,472,15,7
1701301980,11,30,3,473,15,8
1701302040,11,30,3,474,15,8
1701302100,11,30,3,475,15,8
1701302160,11,30,3,476,15,8
1701302220,11,30,3,477,15,8
1701302280,11,30,3,478,15,8
1701302340,11,30,3,479,15,8
1701302460,11,30,3,481,15,8
1701302520,11,30,3,482,15,9
1701302580,11,30,3,483,15,9
1701302640,11,30,3,484,15,9
1701302700,11,30,3,485,15,9
1701302760,11,30,3,486,15,9
1701302820,11,30,3,487,15,9
1701302880,11,30,3,488,15,9
1701302940,11,30,3,489,15,10
1701303060,11,30,3,491,15,10
1701303120,11,30,3,492,15,11
1701303180,11,30,3,493,15,11
1701303240,11,30,3,494,15,11
1701303300,11,30,3,495,15,11
1701303360,11,30,3,496,15,11
1701303420,11,30,3,497,15,11
1701303480,11,30,3,498,15,11
1701303540,11,30,3,499,15,11
1701303660,11,30,3,501,15,11
1701303720,11,30,3,502,15,11
1701303780,11,30,3,503,15,11
1701303840,11,30,3,504,15,11
1701303900,11,30,3,505,15,12
1701303960,11,30,3,506,15,12
1701304020,11,30,3,507,15,12
1701304080,11,30,3,508,15,12
1701304140,11,30,3,509,15,12
1701304260,11,30,3,511,15,12
1701304320,11,30,3,512,15,12
1701304380,11,30,3,513,15,12
1701304440,11,30,3,514,15,11
1701304500,11,30,3,515,15,11
1701304560,11,30,3,516,15,11
1701304620,11,30,3,517,15,11
1701304680,11,30,3,518,15,12
1701304740,11,30,3,519,15,11
1701304860,11,30,3,521,15,11
1701304920,11,30,3,522,15,11
1701305040,11,30,3,524,15,11
1701305100,11,30,3,525,15,10
1701305160,11,30,3,526,15,9
1701305220,11,30,3,527,15,9
1701305280,11,30,3,528,15,10
1701305340,11,30,3,529,15,11
1701305460,11,30,3,531,15,11
1701305520,11,30,3,532,15,12
1701305580,11,30,3,533,15,12
1701305640,11,30,3,534,15,12
1701305700,11,30,3,535,15,12
1701305760,11,30,3,536,15,12
1701305820,11,30,3,537,15,11
1701305880,11,30,3,538,15,12
1701305940,11,30,3,539,15,11
1701306060,11,30,3,541,15,10
1701306120,11,30,3,542,15,10
1701306180,11,30,3,543,15,9
1701306240,11,30,3,544,15,9
1701306300,11,30,3,545,15,9
1701306360,11,30,3,546,15,9
1701306420,11,30,3,547,15,9
1701306480,11,30,3,548,15,9
1701306540,11,30,3,549,15,9
1701306660,11,30,3,551,15,8
1701306720,11,30,3,552,15,9
1701306780,11,30,3,553,15,9
1701306840,11,30,3,554,15,8
1701306900,11,30,3,555,15,9
1701306960,11,30,3,556,15,9
1701307020,11,30,3,557,15,9
1701307080,11,30,3,558,15,7
1701307140,11,30,3,559,15,7
1701307260,11,30,3,561,15,7
1701307320,11,30,3,562,15,8
1701307380,11,30,3,563,15,8
1701307440,11,30,3,564,15,8
1701307500,11,30,3,565,15,7
1701307560,11,30,3,566,15,7
1701307620,11,30,3,567,15,7
1701307680,11,30,3,568,15,10
1701307740,11,30,3,569,15,11
1701307860,11,30,3,571,15,9
1701307920,11,30,3,572,15,9
1701307980,11,30,3,573,15,9
1701308040,11,30,3,574,15,8
1701308100,11,30,3,575,15,8
1701308160,11,30,3,576,15,8
1701308220,11,30,3,577,15,8
1701308280,11,30,3,578,15,8
1701308340,11,30,3,579,15,10
1701308400,11,30,3,580,15,10
1701308460,11,30,3,581,15,10
1701308520,11,30,3,582,15,11
1701308580,11,30,3,583,15,11
1701308640,11,30,3,584,15,11
1701308700,11,30,3,585,15,10
1701308760,11,30,3,586,15,10
1701308820,11,30,3,587,15,9
1701308880,11,30,3,588,15,8
1701308940,11,30,3,589,15,8
1701309000,11,30,3,590,15,7
1701309060,11,30,3,591,15,6
1701309120,11,30,3,592,15,6
1701309180,11,30,3,593,15,5
1701309240,11,30,3,594,15,5
1701309300,11,30,3,595,15,5
1701309360,11,30,3,596,15,6
1701309420,11,30,3,597,15,5
1701309480,11,30,3,598,15,3
1701309540,11,30,3,599,15,3
1701309660,11,30,3,601,15,3
1701309720,11,30,3,602,15,2
1701309780,11,30,3,603,15,1
1701309840,11,30,3,604,15,1
1701309900,11,30,3,605,15,2
1701309960,11,30,3,606,15,2
1701310020,11,30,3,607,15,2
1701310080,11,30,3,608,15,2
1701310140,11,30,3,609,15,3
1701310200,11,30,3,610,15,2
1701310260,11,30,3,611,15,1
1701310320,11,30,3,612,15,1
1701310380,11,30,3,613,15,1
1701310440,11,30,3,614,15,1
1701310500,11,30,3,615,15,1
1701310560,11,30,3,616,15,1
1701310620,11,30,3,617,15,1
1701310680,11,30,3,618,15,0
1701310740,11,30,3,619,15,0
1701310860,11,30,3,621,15,0
1701310920,11,30,3,622,15,1
1701310980,11,30,3,623,15,1
1701311040,11,30,3,624,15,1
1701311100,11,30,3,625,15,1
1701311160,11,30,3,626,15,1
1701311220,11,30,3,627,15,1
1701311280,11,30,3,628,15,1
1701311340,11,30,3,629,15,0
1701311460,11,30,3,631,15,0
1701311520,11,30,3,632,15,0
1701311580,11,30,3,633,15,0
1701311640,11,30,3,634,15,0
1701311700,11,30,3,635,15,1
1701311760,11,30,3,636,15,1
1701311820,11,30,3,637,15,1
1701311880,11,30,3,638,15,1
1701311940,11,30,3,639,15,2
1701312000,11,30,3,640,15,2
1701312060,11,30,3,641,15,1
1701312120,11,30,3,642,15,1
1701312180,11,30,3,643,15,1
1701312240,11,30,3,644,15,0
1701312300,11,30,3,645,15,0
1701312360,11,30,3,646,15,0
1701312420,11,30,3,647,15,0
1701312480,11,30,3,648,15,0
1701312540,11,30,3,649,15,0
1701312600,11,30,3,650,15,0
1701312660,11,30,3,651,15,0
1701312720,11,30,3,652,15,1
1701312780,11,30,3,653,15,1
1701312840,11,30,3,654,15,0
1701312900,11,30,3,655,15,0
1701312960,11,30,3,656,15,0
1701313020,11,30,3,657,15,0
1701313080,11,30,3,658,15,0
1701313140,11,30,3,659,15,0
1701313260,11,30,3,661,15,0
1701313320,11,30,3,662,15,0
1701313380,11,30,3,663,15,0
1701313440,11,30,3,664,15,0
1701313500,11,30,3,665,15,0
1701313560,11,30,3,666,15,0
1701313620,11,30,3,667,15,0
1701313680,11,30,3,668,15,0
1701313740,11,30,3,669,15,0
1701313800,11,30,3,670,15,0
1701313860,11,30,3,671,15,0
1701313920,11,30,3,672,15,0
1701313980,11,30,3,673,15,0
1701314040,11,30,3,674,15,0
1701314100,11,30,3,675,15,0
1701314160,11,30,3,676,15,0
1701314220,11,30,3,677,15,0
1701314280,11,30,3,678,15,0
1701314340,11,30,3,679,15,0
1701314460,11,30,3,681,15,0
1701314520,11,30,3,682,15,0
1701314580,11,30,3,683,15,1
1701314640,11,30,3,684,15,1
1701314700,11,30,3,685,15,1
1701314760,11,30,3,686,15,1
1701314820,11,30,3,687,15,1
1701314880,11,30,3,688,15,0
1701314940,11,30,3,689,15,0
1701315000,11,30,3,690,15,0
1701315060,11,30,3,691,15,0
1701315120,11,30,3,692,15,1
1701315180,11,30,3,693,15,1
1701315240,11,30,3,694,15,0
1701315300,11,30,3,695,15,0
1701315360,11,30,3,696,15,0
1701315420,11,30,3,697,15,0
1701315480,11,30,3,698,15,0
1701315540,11,30,3,699,15,1
1701315600,11,30,3,700,15,1
1701315660,11,30,3,701,15,0
1701315720,11,30,3,702,15,0
1701315780,11,30,3,703,15,0
1701315840,11,30,3,704,15,0
1701315900,11,30,3,705,15,0
1701315960,11,30,3,706,15,0
1701316020,11,30,3,707,15,0
1701316080,11,30,3,708,15,0
1701316140,11,30,3,709,15,0
1701316200,11,30,3,710,15,0
1701316260,11,30,3,711,15,0
1701316320,11,30,3,712,15,0
1701316380,11,30,3,713,15,0
1701316440,11,30,3,714,15,0
1701316500,11,30,3,715,15,0
1701316620,11,30,3,717,15,0
1701316680,11,30,3,718,15,0
1701316740,11,30,3,719,15,1
1701316860,11,30,3,721,15,0
1701316920,11,30,3,722,15,0
1701316980,11,30,3,723,15,0
1701317040,11,30,3,724,15,0
1701317100,11,30,3,725,15,0
1701317160,11,30,3,726,15,0
1701317220,11,30,3,727,15,0
1701317340,11,30,3,729,15,0
1701317460,11,30,3,731,15,0
1701317520,11,30,3,732,15,1
1701317580,11,30,3,733,15,0
1701317640,11,30,3,734,15,0
1701317700,11,30,3,735,15,1
1701317760,11,30,3,736,15,1
1701317820,11,30,3,737,15,1
1701317880,11,30,3,738,15,1
1701317940,11,30,3,739,15,1
1701318060,11,30,3,741,15,0
1701318120,11,30,3,742,15,2
1701318180,11,30,3,743,15,2
1701318240,11,30,3,744,15,1
1701318300,11,30,3,745,15,0
1701318360,11,30,3,746,15,0
1701318420,11,30,3,747,15,0
1701318480,11,30,3,748,15,0
1701318540,11,30,3,749,15,0
1701318660,11,30,3,751,15,0
1701318720,11,30,3,752,15,1
1701318780,11,30,3,753,15,1
1701318840,11,30,3,754,15,0
1701318900,11,30,3,755,15,0
1701318960,11,30,3,756,15,0
1701319020,11,30,3,757,15,0
1701319080,11,30,3,758,15,0
1701319140,11,30,3,759,15,0
1701319260,11,30,3,761,15,0
1701319320,11,30,3,762,15,0
1701319380,11,30,3,763,15,0
1701319440,11,30,3,764,15,0
1701319500,11,30,3,765,15,1
1701319560,11,30,3,766,15,1
1701319620,11,30,3,767,15,1
1701319680,11,30,3,768,15,0
1701319740,11,30,3,769,15,0
1701319860,11,30,3,771,15,0
1701319920,11,30,3,772,15,1
1701319980,11,30,3,773,15,0
1701320040,11,30,3,774,15,0
1701320100,11,30,3,775,15,0
1701320160,11,30,3,776,15,1
1701320220,11,30,3,777,15,0
1701320280,11,30,3,778,15,0
1701320340,11,30,3,779,15,0
1701320460,11,30,3,781,15,0
1701320520,11,30,3,782,15,0
1701320580,11,30,3,783,15,0
1701320640,11,30,3,784,15,0
1701320700,11,30,3,785,15,0
1701320760,11,30,3,786,15,1
1701320820,11,30,3,787,15,0
1701320880,11,30,3,788,15,0
1701320940,11,30,3,789,15,0
1701321060,11,30,3,791,15,0
1701321120,11,30,3,792,15,0
1701321180,11,30,3,793,15,0
1701321240,11,30,3,794,15,0
1701321300,11,30,3,795,15,0
1701321360,11,30,3,796,15,0
1701321420,11,30,3,797,15,0
1701321480,11,30,3,798,15,0
1701321540,11,30,3,799,15,0
1701321660,11,30,3,801,15,0
1701321720,11,30,3,802,15,2
1701321780,11,30,3,803,15,2
1701321840,11,30,3,804,15,2
1701321900,11,30,3,805,15,2
1701321960,11,30,3,806,15,2
1701322020,11,30,3,807,15,2
1701322080,11,30,3,808,15,2
1701322140,11,30,3,809,15,2
1701322260,11,30,3,811,15,3
1701322320,11,30,3,812,15,3
1701322380,11,30,3,813,15,4
1701322440,11,30,3,814,15,6
1701322500,11,30,3,815,15,6
1701322560,11,30,3,816,15,5
1701322620,11,30,3,817,15,5
1701322680,11,30,3,818,15,5
1701322740,11,30,3,819,15,5
1701322860,11,30,3,821,15,2
1701322920,11,30,3,822,15,2
1701322980,11,30,3,823,15,0
1701323040,11,30,3,824,15,0
1701323100,11,30,3,825,15,0
1701323160,11,30,3,826,15,0
1701323220,11,30,3,827,15,0
1701323280,11,30,3,828,15,0
1701323340,11,30,3,829,15,0
1701323460,11,30,3,831,15,0
1701323520,11,30,3,832,15,0
1701323580,11,30,3,833,15,0
1701323640,11,30,3,834,15,0
1701323700,11,30,3,835,15,0
1701323760,11,30,3,836,15,0
1701323820,11,30,3,837,15,0
1701323880,11,30,3,838,15,0
1701323940,11,30,3,839,15,0
1701324060,11,30,3,841,15,1
1701324120,11,30,3,842,15,3
1701324180,11,30,3,843,15,2
1701324240,11,30,3,844,15,1
1701324300,11,30,3,845,15,0
1701324360,11,30,3,846,15,0
1701324420,11,30,3,847,15,1
1701324480,11,30,3,848,15,1
1701324540,11,30,3,849,15,1
1701324600,11,30,3,850,15,1
1701324660,11,30,3,851,15,0
1701324720,11,30,3,852,15,0
1701324780,11,30,3,853,15,0
1701324840,11,30,3,854,15,0
1701324900,11,30,3,855,15,0
1701324960,11,30,3,856,15,0
1701325020,11,30,3,857,15,0
1701325080,11,30,3,858,15,0
1701325140,11,30,3,859,15,0
1701325260,11,30,3,861,15,0
1701325320,11,30,3,862,15,1
1701325380,11,30,3,863,15,1
1701325440,11,30,3,864,15,1
1701325500,11,30,3,865,15,1
1701325560,11,30,3,866,15,1
1701325620,11,30,3,867,15,0
1701325680,11,30,3,868,15,0
1701325740,11,30,3,869,15,1
1701325800,11,30,3,870,15,1
1701325860,11,30,3,871,15,1
1701325920,11,30,3,872,15,1
1701325980,11,30,3,873,15,2
1701326040,11,30,3,874,15,1
1701326100,11,30,3,875,15,0
1701326160,11,30,3,876,15,0
1701326220,11,30,3,877,15,0
1701326280,11,30,3,878,15,0
1701326340,11,30,3,879,15,0
1701326400,11,30,3,880,15,0
1701326460,11,30,3,881,15,0
1701326520,11,30,3,882,15,2
1701326580,11,30,3,883,15,2
1701326640,11,30,3,884,15,2
1701326700,11,30,3,885,15,2
1701326760,11,30,3,886,15,2
1701326820,11,30,3,887,15,2
1701326880,11,30,3,888,15,2
1701326940,11,30,3,889,15,2
1701327000,11,30,3,890,15,3
1701327060,11,30,3,891,15,3
1701327120,11,30,3,892,15,3
1701327180,11,30,3,893,15,3
1701327240,11,30,3,894,15,6
1701327300,11,30,3,895,15,6
1701327360,11,30,3,896,15,6
1701327420,11,30,3,897,15,6
1701327480,11,30,3,898,15,6
1701327540,11,30,3,899,15,6
1701327660,11,30,3,901,15,6
1701327720,11,30,3,902,15,6
1701327780,11,30,3,903,15,6
1701327840,11,30,3,904,15,6
1701327900,11,30,3,905,15,6
1701327960,11,30,3,906,15,6
1701328020,11,30,3,907,15,6
1701328080,11,30,3,908,15,6
1701328140,11,30,3,909,15,6
1701328200,11,30,3,910,15,7
1701328260,11,30,3,911,15,7
1701328320,11,30,3,912,15,7
1701328380,11,30,3,913,15,6
1701328440,11,30,3,914,15,7
1701328500,11,30,3,915,15,7
1701328560,11,30,3,916,15,7
1701328620,11,30,3,917,15,7
1701328680,11,30,3,918,15,7
1701328740,11,30,3,919,15,7
1701328860,11,30,3,921,15,7
1701328920,11,30,3,922,15,8
1701328980,11,30,3,923,15,8
1701329040,11,30,3,924,15,8
1701329100,11,30,3,925,15,8
1701329160,11,30,3,926,15,10
1701329220,11,30,3,927,15,10
1701329280,11,30,3,928,15,8
1701329340,11,30,3,929,15,8
1701329400,11,30,3,930,15,8
1701329460,11,30,3,931,15,10
1701329520,11,30,3,932,15,10
1701329580,11,30,3,933,15,10
1701329640,11,30,3,934,15,10
1701329700,11,30,3,935,15,10
1701329760,11,30,3,936,15,10
1701329820,11,30,3,937,15,10
1701329880,11,30,3,938,15,10
1701329940,11,30,3,939,15,10
1701330000,11,30,3,940,15,10
1701330060,11,30,3,941,15,10
1701330120,11,30,3,942,15,12
1701330180,11,30,3,943,15,12
1701330240,11,30,3,944,15,12
1701330300,11,30,3,945,15,12
1701330360,11,30,3,946,15,12
1701330420,11,30,3,947,15,11
1701330480,11,30,3,948,15,11
1701330540,11,30,3,949,15,11
1701330600,11,30,3,950,15,11
1701330660,11,30,3,951,15,11
1701330720,11,30,3,952,15,11
1701330780,11,30,3,953,15,11
1701330840,11,30,3,954,15,13
1701330900,11,30,3,955,15,13
1701330960,11,30,3,956,15,13
1701331020,11,30,3,957,15,13
1701331080,11,30,3,958,15,13
1701331140,11,30,3,959,15,13
1701331320,11,30,3,962,15,13
1701331380,11,30,3,963,15,13
1701331440,11,30,3,964,15,13
1701331500,11,30,3,965,15,13
1701331560,11,30,3,966,15,13
1701331620,11,30,3,967,15,13
1701331740,11,30,3,969,15,11
1701331860,11,30,3,971,15,11
1701331920,11,30,3,972,15,11
1701331980,11,30,3,973,15,11
1701332040,11,30,3,974,15,12
1701332100,11,30,3,975,15,13
1701332160,11,30,3,976,15,11
1701332220,11,30,3,977,15,11
1701332280,11,30,3,978,15,12
1701332340,11,30,3,979,15,12
1701332460,11,30,3,981,15,12
1701332520,11,30,3,982,15,12
1701332580,11,30,3,983,15,12
1701332640,11,30,3,984,15,10
1701332700,11,30,3,985,15,6
1701332760,11,30,3,986,15,4
1701332820,11,30,3,987,15,3
1701332880,11,30,3,988,15,3
1701332940,11,30,3,989,15,2
1701333000,11,30,3,990,15,2
1701333120,11,30,3,992,15,1
1701333180,11,30,3,993,15,1
1701333240,11,30,3,994,15,1
1701333300,11,30,3,995,15,1
1701333360,11,30,3,996,15,1
1701333420,11,30,3,997,15,2
1701333480,11,30,3,998,15,2
1701333540,11,30,3,999,15,2
1701333660,11,30,3,1001,15,2
1701333720,11,30,3,1002,15,2
1701333780,11,30,3,1003,15,2
1701333840,11,30,3,1004,15,2
1701333900,11,30,3,1005,15,2
1701333960,11,30,3,1006,15,2
1701334020,11,30,3,1007,15,2
1701334080,11,30,3,1008,15,2
1701334140,11,30,3,1009,15,2
1701334260,11,30,3,1011,15,2
1701334320,11,30,3,1012,15,2
1701334380,11,30,3,1013,15,3
1701334440,11,30,3,1014,15,3
1701334500,11,30,3,1015,15,3
1701334560,11,30,3,1016,15,2
1701334620,11,30,3,1017,15,3
1701334680,11,30,3,1018,15,3
1701334740,11,30,3,1019,15,3
1701334860,11,30,3,1021,15,3
1701334920,11,30,3,1022,15,3
1701334980,11,30,3,1023,15,3
1701335040,11,30,3,1024,15,2
1701335100,11,30,3,1025,15,2
1701335160,11,30,3,1026,15,2
1701335220,11,30,3,1027,15,2
1701335280,11,30,3,1028,15,2
1701335340,11,30,3,1029,15,2
1701335400,11,30,3,1030,15,2
1701335520,11,30,3,1032,15,2
1701335580,11,30,3,1033,15,2
1701335640,11,30,3,1034,15,2
1701335700,11,30,3,1035,15,2
1701335760,11,30,3,1036,15,2
1701335820,11,30,3,1037,15,2
1701335880,11,30,3,1038,15,2
1701335940,11,30,3,1039,15,2
1701336060,11,30,3,1041,15,2
1701336120,11,30,3,1042,15,2
1701336180,11,30,3,1043,15,2
1701336240,11,30,3,1044,15,2
1701336300,11,30,3,1045,15,1
1701336360,11,30,3,1046,15,2
1701336420,11,30,3,1047,15,2
1701336480,11,30,3,1048,15,1
1701336540,11,30,3,1049,15,1
1701336660,11,30,3,1051,15,0
1701336720,11,30,3,1052,15,0
1701336780,11,30,3,1053,15,1
1701336840,11,30,3,1054,15,2
1701336900,11,30,3,1055,15,2
1701336960,11,30,3,1056,15,2
1701337020,11,30,3,1057,15,2
1701337080,11,30,3,1058,15,2
1701337140,11,30,3,1059,15,2
1701337200,11,30,3,1060,15,2
1701337260,11,30,3,1061,15,2
1701337320,11,30,3,1062,15,2
1701337380,11,30,3,1063,15,0
1701337440,11,30,3,1064,15,0
1701337500,11,30,3,1065,15,0
1701337560,11,30,3,1066,15,0
1701337620,11,30,3,1067,15,0
1701337680,11,30,3,1068,15,0
1701337740,11,30,3,1069,15,0
1701337800,11,30,3,1070,15,1
1701337860,11,30,3,1071,15,0
1701337920,11,30,3,1072,15,0
1701337980,11,30,3,1073,15,2
1701338040,11,30,3,1074,15,3
1701338100,11,30,3,1075,15,3
1701338160,11,30,3,1076,15,3
1701338220,11,30,3,1077,15,2
1701338280,11,30,3,1078,15,0
1701338340,11,30,3,1079,15,0
1701338460,11,30,3,1081,15,0
1701338520,11,30,3,1082,15,0
1701338580,11,30,3,1083,15,0
1701338640,11,30,3,1084,15,0
1701338700,11,30,3,1085,15,0
1701338760,11,30,3,1086,15,0
1701338820,11,30,3,1087,15,0
1701338880,11,30,3,1088,15,0
1701338940,11,30,3,1089,15,1
1701339060,11,30,3,1091,15,1
1701339120,11,30,3,1092,15,0
1701339180,11,30,3,1093,15,0
1701339240,11,30,3,1094,15,0
1701339300,11,30,3,1095,15,0
1701339360,11,30,3,1096,15,0
1701339420,11,30,3,1097,15,0
1701339480,11,30,3,1098,15,0
1701339540,11,30,3,1099,15,0
1701339660,11,30,3,1101,15,0
1701339720,11,30,3,1102,15,0
1701339780,11,30,3,1103,15,0
1701339840,11,30,3,1104,15,1
1701339900,11,30,3,1105,15,1
1701339960,11,30,3,1106,15,0
1701340020,11,30,3,1107,15,0
1701340080,11,30,3,1108,15,0
1701340140,11,30,3,1109,15,0
1701340260,11,30,3,1111,15,0
1701340320,11,30,3,1112,15,0
1701340380,11,30,3,1113,15,0
1701340440,11,30,3,1114,15,0
1701340500,11,30,3,1115,15,0
1701340560,11,30,3,1116,15,0
1701340620,11,30,3,1117,15,0
1701340680,11,30,3,1118,15,0
1701340740,11,30,3,1119,15,0
1701340800,11,30,3,1120,15,0
1701340860,11,30,3,1121,15,0
1701340920,11,30,3,1122,15,0
1701340980,11,30,3,1123,15,0
1701341040,11,30,3,1124,15,0
1701341100,11,30,3,1125,15,0
1701341160,11,30,3,1126,15,0
1701341220,11,30,3,1127,15,0
1701341280,11,30,3,1128,15,0
1701341340,11,30,3,1129,15,1
1701341400,11,30,3,1130,15,1
1701341460,11,30,3,1131,15,1
1701341520,11,30,3,1132,15,1
1701341580,11,30,3,1133,15,1
1701341640,11,30,3,1134,15,1
1701341700,11,30,3,1135,15,1
1701341760,11,30,3,1136,15,0
1701341820,11,30,3,1137,15,0
1701341880,11,30,3,1138,15,0
1701341940,11,30,3,1139,15,0
1701342060,11,30,3,1141,15,0
1701342120,11,30,3,1142,15,0
1701342180,11,30,3,1143,15,0
1701342240,11,30,3,1144,15,0
1701342300,11,30,3,1145,15,0
1701342360,11,30,3,1146,15,0
1701342420,11,30,3,1147,15,0
1701342480,11,30,3,1148,15,0
1701342540,11,30,3,1149,15,1
1701342600,11,30,3,1150,15,1
1701342660,11,30,3,1151,15,1
1701342720,11,30,3,1152,15,2
1701342780,11,30,3,1153,15,3
1701342840,11,30,3,1154,15,1
1701342900,11,30,3,1155,15,1
1701342960,11,30,3,1156,15,1
1701343020,11,30,3,1157,15,1
1701343080,11,30,3,1158,15,2
1701343140,11,30,3,1159,15,2
1701343260,11,30,3,1161,15,2
1701343320,11,30,3,1162,15,2
1701343380,11,30,3,1163,15,2
1701343440,11,30,3,1164,15,2
1701343500,11,30,3,1165,15,1
1701343560,11,30,3,1166,15,1
1701343620,11,30,3,1167,15,1
1701343680,11,30,3,1168,15,1
1701343740,11,30,3,1169,15,1
1701343860,11,30,3,1171,15,1
1701343920,11,30,3,1172,15,1
1701343980,11,30,3,1173,15,0
1701344040,11,30,3,1174,15,0
1701344100,11,30,3,1175,15,0
1701344160,11,30,3,1176,15,0
1701344220,11,30,3,1177,15,0
1701344280,11,30,3,1178,15,1
1701344340,11,30,3,1179,15,1
1701344400,11,30,3,1180,15,1
1701344460,11,30,3,1181,15,0
1701344520,11,30,3,1182,15,1
1701344580,11,30,3,1183,15,0
1701344640,11,30,3,1184,15,0
1701344700,11,30,3,1185,15,0
1701344760,11,30,3,1186,15,0
1701344820,11,30,3,1187,15,0
1701344880,11,30,3,1188,15,0
1701344940,11,30,3,1189,15,0
1701345000,11,30,3,1190,15,0
1701345060,11,30,3,1191,15,0
1701345120,11,30,3,1192,15,0
1701345180,11,30,3,1193,15,0
1701345240,11,30,3,1194,15,0
1701345300,11,30,3,1195,15,0
1701345360,11,30,3,1196,15,0
1701345420,11,30,3,1197,15,0
1701345480,11,30,3,1198,15,1
1701345540,11,30,3,1199,15,1
1701345660,11,30,3,1201,15,1
1701345720,11,30,3,1202,15,1
1701345780,11,30,3,1203,15,0
1701345840,11,30,3,1204,15,0
1701345960,11,30,3,1206,15,0
1701346020,11,30,3,1207,15,0
1701346080,11,30,3,1208,15,0
1701346140,11,30,3,1209,15,0
1701346260,11,30,3,1211,15,1
1701346320,11,30,3,1212,15,1
1701346380,11,30,3,1213,15,1
1701346440,11,30,3,1214,15,2
1701346500,11,30,3,1215,15,2
1701346560,11,30,3,1216,15,2
1701346620,11,30,3,1217,15,2
1701346680,11,30,3,1218,15,2
1701346740,11,30,3,1219,15,2
1701346860,11,30,3,1221,15,1
1701346920,11,30,3,1222,15,1
1701346980,11,30,3,1223,15,1
1701347040,11,30,3,1224,15,1
1701347100,11,30,3,1225,15,0
1701347160,11,30,3,1226,15,0
1701347220,11,30,3,1227,15,0
1701347280,11,30,3,1228,15,0
1701347340,11,30,3,1229,15,0
1701347460,11,30,3,1231,15,0
1701347520,11,30,3,1232,15,0
1701347580,11,30,3,1233,15,0
1701347640,11,30,3,1234,15,0
1701347700,11,30,3,1235,15,0
1701347760,11,30,3,1236,15,0
1701347820,11,30,3,1237,15,0
1701347880,11,30,3,1238,15,0
1701347940,11,30,3,1239,15,0
1701348060,11,30,3,1241,15,0
1701348120,11,30,3,1242,15,1
1701348180,11,30,3,1243,15,1
1701348240,11,30,3,1244,15,1
1701348300,11,30,3,1245,15,1
1701348360,11,30,3,1246,15,2
1701348420,11,30,3,1247,15,2
1701348480,11,30,3,1248,15,2
1701348540,11,30,3,1249,15,2
1701348660,11,30,3,1251,15,2
1701348720,11,30,3,1252,15,2
1701348780,11,30,3,1253,15,1
1701348840,11,30,3,1254,15,1
1701348900,11,30,3,1255,15,1
1701348960,11,30,3,1256,15,1
1701349020,11,30,3,1257,15,1
1701349080,11,30,3,1258,15,1
1701349140,11,30,3,1259,15,1
1701349260,11,30,3,1261,15,1
1701349320,11,30,3,1262,15,2
1701349380,11,30,3,1263,15,2
1701349440,11,30,3,1264,15,2
1701349500,11,30,3,1265,15,2
1701349560,11,30,3,1266,15,1
1701349620,11,30,3,1267,15,1
1701349680,11,30,3,1268,15,1
1701349740,11,30,3,1269,15,2
1701349860,11,30,3,1271,15,2
1701349920,11,30,3,1272,15,2
1701349980,11,30,3,1273,15,2
1701350040,11,30,3,1274,15,2
1701350100,11,30,3,1275,15,2
1701350160,11,30,3,1276,15,2
1701350220,11,30,3,1277,15,2
1701360000,12,1,4,0,15,7
1701360060,12,1,4,1,15,7
1701360120,12,1,4,2,15,7
1701360180,12,1,4,3,15,7
1701360240,12,1,4,4,15,7
1701360300,12,1,4,5,15,7
1701360360,12,1,4,6,15,7
1701360420,12,1,4,7,15,7
1701360480,12,1,4,8,15,6
1701360540,12,1,4,9,15,6
1701360600,12,1,4,10,15,6
1701360660,12,1,4,11,15,6
1701360720,12,1,4,12,15,6
1701360780,12,1,4,13,15,6
1701360840,12,1,4,14,15,6
1701360900,12,1,4,15,15,6
1701360960,12,1,4,16,15,6
1701361020,12,1,4,17,15,6
1701361080,12,1,4,18,15,6
1701361140,12,1,4,19,15,6
1701361260,12,1,4,21,15,6
1701361320,12,1,4,22,15,6
1701366720,12,1,4,112,15,11
1701366780,12,1,4,113,15,11
1701366840,12,1,4,114,15,11
1701366900,12,1,4,115,15,11
1701366960,12,1,4,116,15,11
1701367020,12,1,4,117,15,11
1701367080,12,1,4,118,15,11
1701367140,12,1,4,119,15,11
1701367260,12,1,4,121,15,11
1701367320,12,1,4,122,15,11
1701367380,12,1,4,123,15,11
1701367440,12,1,4,124,15,11
1701367500,12,1,4,125,15,11
1701367560,12,1,4,126,15,11
1701367620,12,1,4,127,15,11
1701367680,12,1,4,128,15,11
1701367740,12,1,4,129,15,11
1701367860,12,1,4,131,15,10
1701367920,12,1,4,132,15,10
1701367980,12,1,4,133,15,10
1701368040,12,1,4,134,15,10
1701368100,12,1,4,135,15,10
1701368160,12,1,4,136,15,10
1701368220,12,1,4,137,15,10
1701368280,12,1,4,138,15,10
1701368340,12,1,4,139,15,10
1701368460,12,1,4,141,15,10
1701368520,12,1,4,142,15,10
1701368580,12,1,4,143,15,10
1701368640,12,1,4,144,15,10
1701368700,12,1,4,145,15,10
1701368760,12,1,4,146,15,10
1701368820,12,1,4,147,15,10
1701368880,12,1,4,148,15,10
1701368940,12,1,4,149,15,10
1701369060,12,1,4,151,15,10
1701369120,12,1,4,152,15,10
1701369180,12,1,4,153,15,10
1701369240,12,1,4,154,15,10
1701369300,12,1,4,155,15,10
1701369360,12,1,4,156,15,10
1701369420,12,1,4,157,15,9
1701369480,12,1,4,158,15,9
1701369540,12,1,4,159,15,9
1701369600,12,1,4,160,15,9
1701369660,12,1,4,161,15,9
1701369720,12,1,4,162,15,9
1701369780,12,1,4,163,15,9
1701369840,12,1,4,164,15,9
1701369900,12,1,4,165,15,9
1701369960,12,1,4,166,15,9
1701370020,12,1,4,167,15,9
1701370080,12,1,4,168,15,9
1701370140,12,1,4,169,15,9
1701370200,12,1,4,170,15,9
1701370260,12,1,4,171,15,9
1701370320,12,1,4,172,15,9
1701370380,12,1,4,173,15,9
1701370440,12,1,4,174,15,9
1701370500,12,1,4,175,15,9
1701370560,12,1,4,176,15,9
1701370620,12,1,4,177,15,9
1701370680,12,1,4,178,15,9
1701370740,12,1,4,179,15,9
1701370800,12,1,4,180,15,9
1701370860,12,1,4,181,15,9
1701370920,12,1,4,182,15,9
1701370980,12,1,4,183,15,9
1701371040,12,1,4,184,15,9
1701371100,12,1,4,185,15,9
1701371160,12,1,4,186,15,9
1701371220,12,1,4,187,15,9
1701371280,12,1,4,188,15,9
1701371340,12,1,4,189,15,9
1701371400,12,1,4,190,15,9
1701371460,12,1,4,191,15,9
1701371520,12,1,4,192,15,9
1701371580,12,1,4,193,15,9
1701371640,12,1,4,194,15,9
1701371700,12,1,4,195,15,9
1701371760,12,1,4,196,15,9
1701371820,12,1,4,197,15,9
1701371880,12,1,4,198,15,9
1701371940,12,1,4,199,15,9
1701372060,12,1,4,201,15,9
1701372120,12,1,4,202,15,9
1701372180,12,1,4,203,15,9
1701372240,12,1,4,204,15,9
1701372300,12,1,4,205,15,9
1701372360,12,1,4,206,15,9
1701372420,12,1,4,207,15,9
1701372480,12,1,4,208,15,9
1701372540,12,1,4,209,15,9
1701372600,12,1,4,210,15,9
1701372660,12,1,4,211,15,9
1701372720,12,1,4,212,15,9
1701372780,12,1,4,213,15,9
1701372840,12,1,4,214,15,9
1701372900,12,1,4,215,15,9
1701372960,12,1,4,216,15,9
1701373020,12,1,4,217,15,9
1701373080,12,1,4,218,15,9
1701373140,12,1,4,219,15,9
1701373200,12,1,4,220,15,9
1701373260,12,1,4,221,15,9
1701373320,12,1,4,222,15,9
1701373380,12,1,4,223,15,9
1701373440,12,1,4,224,15,9
1701373500,12,1,4,225,15,9
1701373560,12,1,4,226,15,9
1701373620,12,1,4,227,15,8
1701373680,12,1,4,228,15,7
1701373740,12,1,4,229,15,7
1701373800,12,1,4,230,15,7
1701373860,12,1,4,231,15,7
1701373920,12,1,4,232,15,7
1701373980,12,1,4,233,15,7
1701374040,12,1,4,234,15,7
1701374100,12,1,4,235,15,7
1701374160,12,1,4,236,15,7
1701374220,12,1,4,237,15,7
1701374280,12,1,4,238,15,7
1701374340,12,1,4,239,15,7
1701374400,12,1,4,240,15,7
1701374460,12,1,4,241,15,7
1701374520,12,1,4,242,15,7
1701374580,12,1,4,243,15,7
1701374640,12,1,4,244,15,7
1701374700,12,1,4,245,15,7
1701374760,12,1,4,246,15,7
1701374820,12,1,4,247,15,7
1701374880,12,1,4,248,15,7
1701374940,12,1,4,249,15,7
1701375000,12,1,4,250,15,7
1701375060,12,1,4,251,15,7
1701375120,12,1,4,252,15,7
1701375180,12,1,4,253,15,7
1701375240,12,1,4,254,15,7
1701375300,12,1,4,255,15,7
1701375360,12,1,4,256,15,7
1701375420,12,1,4,257,15,7
1701375480,12,1,4,258,15,7
1701375540,12,1,4,259,15,7
1701375660,12,1,4,261,15,7
1701375720,12,1,4,262,15,7
1701375780,12,1,4,263,15,7
1701375840,12,1,4,264,15,7
1701375900,12,1,4,265,15,7
1701375960,12,1,4,266,15,7
1701376020,12,1,4,267,15,7
1701376080,12,1,4,268,15,7
1701376140,12,1,4,269,15,7
1701376200,12,1,4,270,15,7
1701376260,12,1,4,271,15,7
1701376320,12,1,4,272,15,7
1701376380,12,1,4,273,15,7
1701376440,12,1,4,274,15,7
1701376500,12,1,4,275,15,7
1701376560,12,1,4,276,15,7
1701376620,12,1,4,277,15,7
1701376680,12,1,4,278,15,7
1701376740,12,1,4,279,15,7
1701376800,12,1,4,280,15,7
1701376860,12,1,4,281,15,7
1701376920,12,1,4,282,15,7
1701376980,12,1,4,283,15,7
1701377040,12,1,4,284,15,7
1701377100,12,1,4,285,15,7
1701377160,12,1,4,286,15,7
1701377220,12,1,4,287,15,7
1701377280,12,1,4,288,15,7
1701377340,12,1,4,289,15,7
1701377400,12,1,4,290,15,7
1701377520,12,1,4,292,15,7
1701377580,12,1,4,293,15,7
1701377640,12,1,4,294,15,7
1701377700,12,1,4,295,15,7
1701377760,12,1,4,296,15,7
1701377820,12,1,4,297,15,7
1701377880,12,1,4,298,15,7
1701377940,12,1,4,299,15,7
1701378060,12,1,4,301,15,7
1701378120,12,1,4,302,15,7
1701378180,12,1,4,303,15,7
1701378240,12,1,4,304,15,7
1701378300,12,1,4,305,15,7
1701378360,12,1,4,306,15,7
1701378420,12,1,4,307,15,7
1701378480,12,1,4,308,15,7
1701378540,12,1,4,309,15,7
1701378660,12,1,4,311,15,7
1701378720,12,1,4,312,15,7
1701378780,12,1,4,313,15,7
1701378840,12,1,4,314,15,7
1701378900,12,1,4,315,15,7
1701378960,12,1,4,316,15,7
1701379020,12,1,4,317,15,7
1701379080,12,1,4,318,15,7
1701379140,12,1,4,319,15,7
1701379260,12,1,4,321,15,7
1701379320,12,1,4,322,15,7
1701379380,12,1,4,323,15,7
1701379440,12,1,4,324,15,7
1701379500,12,1,4,325,15,7
1701379560,12,1,4,326,15,7
1701379620,12,1,4,327,15,7
1701379680,12,1,4,328,15,7
1701379740,12,1,4,329,15,7
1701379860,12,1,4,331,15,7
1701379920,12,1,4,332,15,7
1701379980,12,1,4,333,15,7
1701380040,12,1,4,334,15,7
1701380100,12,1,4,335,15,7
1701380160,12,1,4,336,15,7
1701380220,12,1,4,337,15,7
1701380280,12,1,4,338,15,7
1701380340,12,1,4,339,15,7
1701380460,12,1,4,341,15,7
1701380520,12,1,4,342,15,7
1701380580,12,1,4,343,15,7
1701380640,12,1,4,344,15,7
1701380700,12,1,4,345,15,7
1701380760,12,1,4,346,15,7
1701380820,12,1,4,347,15,7
1701380880,12,1,4,348,15,7
1701380940,12,1,4,349,15,7
1701381060,12,1,4,351,15,7
1701381120,12,1,4,352,15,7
1701381180,12,1,4,353,15,7
1701381240,12,1,4,354,15,7
1701381300,12,1,4,355,15,7
1701381360,12,1,4,356,15,7
1701381420,12,1,4,357,15,7
1701381480,12,1,4,358,15,7
1701381540,12,1,4,359,15,7
1701381660,12,1,4,361,15,7
1701381720,12,1,4,362,15,7
1701381780,12,1,4,363,15,7
1701381900,12,1,4,365,15,7
1701381960,12,1,4,366,15,7
1701382020,12,1,4,367,15,7
1701382080,12,1,4,368,15,7
1701382140,12,1,4,369,15,7
1701382260,12,1,4,371,15,7
1701382320,12,1,4,372,15,7
1701382380,12,1,4,373,15,7
1701382440,12,1,4,374,15,7
1701382500,12,1,4,375,15,7
1701382560,12,1,4,376,15,7
1701382620,12,1,4,377,15,7
1701382680,12,1,4,378,15,7
1701382740,12,1,4,379,15,7
1701382860,12,1,4,381,15,7
1701382920,12,1,4,382,15,7
1701382980,12,1,4,383,15,7
1701383040,12,1,4,384,15,7
1701383100,12,1,4,385,15,7
1701383160,12,1,4,386,15,7
1701383280,12,1,4,388,15,7
1701383340,12,1,4,389,15,7
1701383400,12,1,4,390,15,7
1701383460,12,1,4,391,15,7
1701383520,12,1,4,392,15,7
1701383580,12,1,4,393,15,7
1701383640,12,1,4,394,15,7
1701383700,12,1,4,395,15,7
1701383760,12,1,4,396,15,7
1701383820,12,1,4,397,15,7
1701383880,12,1,4,398,15,7
1701383940,12,1,4,399,15,7
1701384000,12,1,4,400,15,7
1701384060,12,1,4,401,15,7
1701384120,12,1,4,402,15,7
1701384180,12,1,4,403,15,7
1701384240,12,1,4,404,15,7
1701384300,12,1,4,405,15,7
1701384360,12,1,4,406,15,7
1701384420,12,1,4,407,15,7
1701384480,12,1,4,408,15,7
1701384540,12,1,4,409,15,7
1701384600,12,1,4,410,15,7
1701384660,12,1,4,411,15,7
1701384720,12,1,4,412,15,7
1701384780,12,1,4,413,15,7
1701384840,12,1,4,414,15,7
1701384900,12,1,4,415,15,7
1701384960,12,1,4,416,15,7
1701385020,12,1,4,417,15,8
1701385080,12,1,4,418,15,7
1701385140,12,1,4,419,15,7
1701385200,12,1,4,420,15,8
1701385320,12,1,4,422,15,8
1701385380,12,1,4,423,15,8
1701385440,12,1,4,424,15,8
1701385500,12,1,4,425,15,8
1701385560,12,1,4,426,15,8
1701385620,12,1,4,427,15,8
1701385680,12,1,4,428,15,8
1701385740,12,1,4,429,15,8
1701385800,12,1,4,430,15,8
1701385860,12,1,4,431,15,8
1701385920,12,1,4,432,15,8
1701385980,12,1,4,433,15,8
1701386040,12,1,4,434,15,8
1701386100,12,1,4,435,15,8
1701386160,12,1,4,436,15,8
1701386220,12,1,4,437,15,8
1701386280,12,1,4,438,15,9
1701386340,12,1,4,439,15,9
1701386460,12,1,4,441,15,9
1701386520,12,1,4,442,15,9
1701386580,12,1,4,443,15,9
1701386640,12,1,4,444,15,9
1701386700,12,1,4,445,15,8
1701386760,12,1,4,446,15,9
1701386820,12,1,4,447,15,9
1701386880,12,1,4,448,15,10
1701386940,12,1,4,449,15,11
1701387060,12,1,4,451,15,10
1701387120,12,1,4,452,15,10
1701387180,12,1,4,453,15,10
1701387240,12,1,4,454,15,10
1701387300,12,1,4,455,15,10
1701387360,12,1,4,456,15,10
1701387420,12,1,4,457,15,10
1701387480,12,1,4,458,15,10
1701387540,12,1,4,459,15,9
1701387600,12,1,4,460,15,9
1701387660,12,1,4,461,15,9
1701387720,12,1,4,462,15,9
1701387780,12,1,4,463,15,9
1701387900,12,1,4,465,15,9
1701387960,12,1,4,466,15,8
1701388020,12,1,4,467,15,8
1701388080,12,1,4,468,15,9
1701388140,12,1,4,469,15,9
1701388200,12,1,4,470,15,9
1701388260,12,1,4,471,15,9
1701388320,12,1,4,472,15,9
1701388380,12,1,4,473,15,9
1701388440,12,1,4,474,15,9
1701388500,12,1,4,475,15,9
1701388560,12,1,4,476,15,8
1701388620,12,1,4,477,15,8
1701388680,12,1,4,478,15,8
1701388740,12,1,4,479,15,8
1701388860,12,1,4,481,15,8
1701388920,12,1,4,482,15,9
1701388980,12,1,4,483,15,9
1701389040,12,1,4,484,15,9
1701389100,12,1,4,485,15,9
1701389160,12,1,4,486,15,9
1701389220,12,1,4,487,15,9
1701389280,12,1,4,488,15,9
1701389340,12,1,4,489,15,9
1701389400,12,1,4,490,15,9
1701389460,12,1,4,491,15,9
1701389520,12,1,4,492,15,11
1701389580,12,1,4,493,15,11
1701389640,12,1,4,494,15,11
1701389700,12,1,4,495,15,12
1701389760,12,1,4,496,15,12
1701389820,12,1,4,497,15,12
1701389880,12,1,4,498,15,12
1701389940,12,1,4,499,15,12
1701390060,12,1,4,501,15,12
1701390120,12,1,4,502,15,12
1701390180,12,1,4,503,15,12
1701390240,12,1,4,504,15,12
1701390300,12,1,4,505,15,12
1701390360,12,1,4,506,15,12
1701390420,12,1,4,507,15,12
1701390480,12,1,4,508,15,12
1701390540,12,1,4,509,15,12
1701390660,12,1,4,511,15,11
1701390720,12,1,4,512,15,11
1701390780,12,1,4,513,15,11
1701390840,12,1,4,514,15,11
1701390900,12,1,4,515,15,11
1701390960,12,1,4,516,15,11
1701391020,12,1,4,517,15,10
1701391080,12,1,4,518,15,9
1701391140,12,1,4,519,15,9
1701391260,12,1,4,521,15,9
1701391320,12,1,4,522,15,8
1701391380,12,1,4,523,15,8
1701391440,12,1,4,524,15,8
1701391500,12,1,4,525,15,8
1701391560,12,1,4,526,15,8
1701391620,12,1,4,527,15,8
1701391680,12,1,4,528,15,7
1701391740,12,1,4,529,15,7
1701391860,12,1,4,531,15,7
1701391920,12,1,4,532,15,7
1701391980,12,1,4,533,15,7
1701392040,12,1,4,534,15,6
1701392100,12,1,4,535,15,6
1701392160,12,1,4,536,15,6
1701392220,12,1,4,537,15,4
1701392280,12,1,4,538,15,4
1701392340,12,1,4,539,15,4
1701392460,12,1,4,541,15,4
1701392520,12,1,4,542,15,6
1701392580,12,1,4,543,15,6
1701392640,12,1,4,544,15,5
1701392700,12,1,4,545,15,4
1701392760,12,1,4,546,15,4
1701392820,12,1,4,547,15,4
1701392880,12,1,4,548,15,3
1701392940,12,1,4,549,15,3
1701393060,12,1,4,551,15,2
1701393120,12,1,4,552,15,2
1701393180,12,1,4,553,15,1
1701393240,12,1,4,554,15,1
1701393300,12,1,4,555,15,1
1701393360,12,1,4,556,15,0
1701393420,12,1,4,557,15,0
1701393480,12,1,4,558,15,2
1701393540,12,1,4,559,15,2
1701393660,12,1,4,561,15,1
1701393720,12,1,4,562,15,1
1701393780,12,1,4,563,15,1
1701393840,12,1,4,564,15,1
1701393900,12,1,4,565,15,1
1701393960,12,1,4,566,15,1
1701394020,12,1,4,567,15,1
1701394080,12,1,4,568,15,1
1701394140,12,1,4,569,15,1
1701394200,12,1,4,570,15,0
1701394320,12,1,4,572,15,0
1701394380,12,1,4,573,15,0
1701394440,12,1,4,574,15,0
1701394500,12,1,4,575,15,1
1701394560,12,1,4,576,15,1
1701394620,12,1,4,577,15,0
1701394680,12,1,4,578,15,0
1701394740,12,1,4,579,15,0
1701394860,12,1,4,581,15,0
1701394920,12,1,4,582,15,0
1701394980,12,1,4,583,15,0
1701395040,12,1,4,584,15,0
1701395100,12,1,4,585,15,0
1701395160,12,1,4,586,15,0
1701395220,12,1,4,587,15,0
1701395280,12,1,4,588,15,0
1701395340,12,1,4,589,15,0
1701395460,12,1,4,591,15,0
1701395520,12,1,4,592,15,0
1701395580,12,1,4,593,15,0
1701395640,12,1,4,594,15,0
1701395700,12,1,4,595,15,0
1701395760,12,1,4,596,15,0
1701395820,12,1,4,597,15,0
1701395880,12,1,4,598,15,0
1701395940,12,1,4,599,15,0
1701396060,12,1,4,601,15,0
1701396120,12,1,4,602,15,0
1701396180,12,1,4,603,15,0
1701396240,12,1,4,604,15,0
1701396300,12,1,4,605,15,0
1701396360,12,1,4,606,15,0
1701396420,12,1,4,607,15,0
1701396480,12,1,4,608,15,0
1701396540,12,1,4,609,15,0
1701396660,12,1,4,611,15,0
1701396720,12,1,4,612,15,0
1701396780,12,1,4,613,15,0
1701396840,12,1,4,614,15,0
1701396900,12,1,4,615,15,0
1701396960,12,1,4,616,15,0
1701397020,12,1,4,617,15,0
1701397080,12,1,4,618,15,0
1701397140,12,1,4,619,15,0
1701397260,12,1,4,621,15,0
1701397320,12,1,4,622,15,0
1701397380,12,1,4,623,15,0
1701397440,12,1,4,624,15,0
1701397500,12,1,4,625,15,0
1701397560,12,1,4,626,15,0
1701397620,12,1,4,627,15,0
1701397680,12,1,4,628,15,0
1701397740,12,1,4,629,15,0
1701397860,12,1,4,631,15,0
1701397920,12,1,4,632,15,0
1701397980,12,1,4,633,15,0
1701398040,12,1,4,634,15,0
1701398100,12,1,4,635,15,0
1701398160,12,1,4,636,15,0
1701398220,12,1,4,637,15,0
1701398280,12,1,4,638,15,0
1701398340,12,1,4,639,15,0
1701398400,12,1,4,640,15,0
1701398460,12,1,4,641,15,0
1701398520,12,1,4,642,15,0
1701398580,12,1,4,643,15,0
1701398640,12,1,4,644,15,0
1701398700,12,1,4,645,15,0
1701398760,12,1,4,646,15,0
1701398820,12,1,4,647,15,0
1701398880,12,1,4,648,15,0
1701398940,12,1,4,649,15,0
1701399000,12,1,4,650,15,0
1701399060,12,1,4,651,15,0
1701399120,12,1,4,652,15,0
1701399180,12,1,4,653,15,0
1701399240,12,1,4,654,15,0
1701399300,12,1,4,655,15,0
1701399360,12,1,4,656,15,0
1701399420,12,1,4,657,15,0
1701399480,12,1,4,658,15,0
1701399540,12,1,4,659,15,0
1701399660,12,1,4,661,15,0
1701399720,12,1,4,662,15,0
1701399780,12,1,4,663,15,0
1701399840,12,1,4,664,15,0
1701399900,12,1,4,665,15,0
1701399960,12,1,4,666,15,0
1701400020,12,1,4,667,15,0
1701400080,12,1,4,668,15,0
1701400140,12,1,4,669,15,0
1701400200,12,1,4,670,15,0
1701400260,12,1,4,671,15,0
1701400320,12,1,4,672,15,0
1701400380,12,1,4,673,15,0
1701400440,12,1,4,674,15,0
1701400500,12,1,4,675,15,0
1701400560,12,1,4,676,15,0
1701400620,12,1,4,677,15,0
1701400680,12,1,4,678,15,0
1701400740,12,1,4,679,15,0
1701400860,12,1,4,681,15,0
1701400920,12,1,4,682,15,0
1701400980,12,1,4,683,15,0
1701401040,12,1,4,684,15,0
1701401100,12,1,4,685,15,0
1701401160,12,1,4,686,15,0
1701401220,12,1,4,687,15,0
1701401280,12,1,4,688,15,0
1701401340,12,1,4,689,15,0
1701401400,12,1,4,690,15,0
1701401460,12,1,4,691,15,0
1701401520,12,1,4,692,15,0
1701401580,12,1,4,693,15,0
1701401640,12,1,4,694,15,0
1701401700,12,1,4,695,15,0
1701401760,12,1,4,696,15,0
1701401820,12,1,4,697,15,0
1701401880,12,1,4,698,15,0
1701401940,12,1,4,699,15,1
1701402000,12,1,4,700,15,1
1701402060,12,1,4,701,15,0
1701402120,12,1,4,702,15,0
1701402180,12,1,4,703,15,0
1701402240,12,1,4,704,15,0
1701402300,12,1,4,705,15,0
1701402360,12,1,4,706,15,0
1701402420,12,1,4,707,15,0
1701402480,12,1,4,708,15,0
1701402540,12,1,4,709,15,0
1701402600,12,1,4,710,15,0
1701402660,12,1,4,711,15,0
1701402720,12,1,4,712,15,0
1701402780,12,1,4,713,15,0
1701402840,12,1,4,714,15,0
1701402900,12,1,4,715,15,0
1701402960,12,1,4,716,15,0
1701403020,12,1,4,717,15,0
1701403080,12,1,4,718,15,0
1701403140,12,1,4,719,15,0
1701403260,12,1,4,721,15,0
1701403320,12,1,4,722,15,0
1701403380,12,1,4,723,15,0
1701403440,12,1,4,724,15,0
1701403500,12,1,4,725,15,0
1701403560,12,1,4,726,15,1
1701403620,12,1,4,727,15,1
1701403680,12,1,4,728,15,1
1701403740,12,1,4,729,15,0
1701403800,12,1,4,730,15,0
1701403860,12,1,4,731,15,0
1701403920,12,1,4,732,15,1
1701403980,12,1,4,733,15,0
1701404040,12,1,4,734,15,0
1701404100,12,1,4,735,15,0
1701404160,12,1,4,736,15,0
1701404220,12,1,4,737,15,0
1701404280,12,1,4,738,15,0
1701404340,12,1,4,739,15,2
1701404460,12,1,4,741,15,1
1701404520,12,1,4,742,15,2
1701404580,12,1,4,743,15,2
1701404640,12,1,4,744,15,2
1701404700,12,1,4,745,15,2
1701404760,12,1,4,746,15,2
1701404820,12,1,4,747,15,2
1701404880,12,1,4,748,15,1
1701404940,12,1,4,749,15,0
1701405060,12,1,4,751,15,0
1701405120,12,1,4,752,15,2
1701405180,12,1,4,753,15,2
1701405240,12,1,4,754,15,1
1701405300,12,1,4,755,15,1
1701405360,12,1,4,756,15,1
1701405420,12,1,4,757,15,1
1701405480,12,1,4,758,15,1
1701405540,12,1,4,759,15,1
1701405600,12,1,4,760,15,1
1701405660,12,1,4,761,15,1
1701405720,12,1,4,762,15,1
1701405780,12,1,4,763,15,1
1701405840,12,1,4,764,15,1
1701405900,12,1,4,765,15,1
1701405960,12,1,4,766,15,1
1701406020,12,1,4,767,15,0
1701406080,12,1,4,768,15,0
1701406140,12,1,4,769,15,0
1701406200,12,1,4,770,15,0
1701406260,12,1,4,771,15,0
1701406380,12,1,4,773,15,1
1701406440,12,1,4,774,15,0
1701406500,12,1,4,775,15,0
1701406560,12,1,4,776,15,0
1701406620,12,1,4,777,15,0
1701406680,12,1,4,778,15,0
1701406740,12,1,4,779,15,0
1701406860,12,1,4,781,15,0
1701406920,12,1,4,782,15,2
1701406980,12,1,4,783,15,1
1701407040,12,1,4,784,15,1
1701407100,12,1,4,785,15,1
1701407160,12,1,4,786,15,2
1701407220,12,1,4,787,15,2
1701407280,12,1,4,788,15,2
1701407340,12,1,4,789,15,2
1701407460,12,1,4,791,15,2
1701407520,12,1,4,792,15,2
1701407580,12,1,4,793,15,2
1701407640,12,1,4,794,15,2
1701407700,12,1,4,795,15,1
1701407760,12,1,4,796,15,1
1701407820,12,1,4,797,15,1
1701407880,12,1,4,798,15,1
1701407940,12,1,4,799,15,1
1701408060,12,1,4,801,15,0
1701408120,12,1,4,802,15,0
1701408180,12,1,4,803,15,0
1701408240,12,1,4,804,15,1
1701408300,12,1,4,805,15,1
1701408360,12,1,4,806,15,0
1701408420,12,1,4,807,15,0
1701408480,12,1,4,808,15,0
1701408540,12,1,4,809,15,0
1701408660,12,1,4,811,15,0
1701408720,12,1,4,812,15,0
1701408780,12,1,4,813,15,0
1701408840,12,1,4,814,15,0
1701408900,12,1,4,815,15,0
1701408960,12,1,4,816,15,0
1701409020,12,1,4,817,15,0
1701409080,12,1,4,818,15,0
1701409140,12,1,4,819,15,0
1701409260,12,1,4,821,15,0
1701409320,12,1,4,822,15,0
1701409380,12,1,4,823,15,0
1701409440,12,1,4,824,15,0
1701409500,12,1,4,825,15,0
1701409560,12,1,4,826,15,0
1701409620,12,1,4,827,15,0
1701409680,12,1,4,828,15,0
1701409740,12,1,4,829,15,0
1701409860,12,1,4,831,15,1
1701409920,12,1,4,832,15,1
1701409980,12,1,4,833,15,1
1701410040,12,1,4,834,15,1
1701410100,12,1,4,835,15,1
1701410160,12,1,4,836,15,1
1701410220,12,1,4,837,15,1
1701410280,12,1,4,838,15,0
1701410340,12,1,4,839,15,0
1701410460,12,1,4,841,15,0
1701410520,12,1,4,842,15,0
1701410580,12,1,4,843,15,0
1701410640,12,1,4,844,15,0
1701410700,12,1,4,845,15,0
1701410760,12,1,4,846,15,1
1701410820,12,1,4,847,15,0
1701410880,12,1,4,848,15,0
1701410940,12,1,4,849,15,0
1701411060,12,1,4,851,15,1
1701411120,12,1,4,852,15,0
1701411180,12,1,4,853,15,0
1701411240,12,1,4,854,15,0
1701411300,12,1,4,855,15,0
1701411360,12,1,4,856,15,0
1701411420,12,1,4,857,15,0
1701411480,12,1,4,858,15,1
1701411540,12,1,4,859,15,0
1701411660,12,1,4,861,15,0
1701411720,12,1,4,862,15,0
1701411780,12,1,4,863,15,0
1701411840,12,1,4,864,15,0
1701411900,12,1,4,865,15,0
1701411960,12,1,4,866,15,1
1701412020,12,1,4,867,15,0
1701412080,12,1,4,868,15,0
1701412140,12,1,4,869,15,0
1701412260,12,1,4,871,15,0
1701412320,12,1,4,872,15,0
1701412380,12,1,4,873,15,0
1701412440,12,1,4,874,15,0
1701412560,12,1,4,876,15,0
1701412620,12,1,4,877,15,0
1701412680,12,1,4,878,15,1
1701412740,12,1,4,879,15,1
1701412860,12,1,4,881,15,1
1701412920,12,1,4,882,15,3
1701412980,12,1,4,883,15,3
1701413040,12,1,4,884,15,2
1701413100,12,1,4,885,15,2
1701413160,12,1,4,886,15,3
1701413220,12,1,4,887,15,3
1701413280,12,1,4,888,15,2
1701413340,12,1,4,889,15,2
1701413400,12,1,4,890,15,2
1701413460,12,1,4,891,15,2
1701413520,12,1,4,892,15,2
1701413580,12,1,4,893,15,2
1701413640,12,1,4,894,15,2
1701413700,12,1,4,895,15,2
1701413760,12,1,4,896,15,2
1701413820,12,1,4,897,15,2
1701413880,12,1,4,898,15,2
1701413940,12,1,4,899,15,2
1701414060,12,1,4,901,15,2
1701414120,12,1,4,902,15,2
1701414180,12,1,4,903,15,2
1701414240,12,1,4,904,15,2
1701414300,12,1,4,905,15,2
1701414360,12,1,4,906,15,2
1701414420,12,1,4,907,15,2
1701414600,12,1,4,910,15,2
1701414660,12,1,4,911,15,2
1701414720,12,1,4,912,15,2
1701414780,12,1,4,913,15,2
1701414840,12,1,4,914,15,1
1701414900,12,1,4,915,15,1
1701414960,12,1,4,916,15,0
1701415020,12,1,4,917,15,0
1701415080,12,1,4,918,15,1
1701415140,12,1,4,919,15,1
1701415260,12,1,4,921,15,0
1701415320,12,1,4,922,15,0
1701415380,12,1,4,923,15,0
1701415440,12,1,4,924,15,0
1701415500,12,1,4,925,15,0
1701415560,12,1,4,926,15,0
1701415620,12,1,4,927,15,0
1701415680,12,1,4,928,15,0
1701415740,12,1,4,929,15,0
1701415800,12,1,4,930,15,0
1701415860,12,1,4,931,15,0
1701415920,12,1,4,932,15,0
1701415980,12,1,4,933,15,0
1701416040,12,1,4,934,15,1
1701416100,12,1,4,935,15,1
1701416160,12,1,4,936,15,1
1701416220,12,1,4,937,15,1
1701416280,12,1,4,938,15,1
1701416340,12,1,4,939,15,1
1701416400,12,1,4,940,15,1
1701416460,12,1,4,941,15,1
1701416520,12,1,4,942,15,1
1701416580,12,1,4,943,15,0
1701416640,12,1,4,944,15,0
1701416700,12,1,4,945,15,0
1701416760,12,1,4,946,15,0
1701416820,12,1,4,947,15,0
1701416880,12,1,4,948,15,0
1701416940,12,1,4,949,15,0
1701417000,12,1,4,950,15,1
1701417060,12,1,4,951,15,1
1701417120,12,1,4,952,15,1
1701417180,12,1,4,953,15,1
1701417240,12,1,4,954,15,2
1701417360,12,1,4,956,15,2
1701417420,12,1,4,957,15,2
1701417480,12,1,4,958,15,3
1701417540,12,1,4,959,15,3
1701417660,12,1,4,961,15,3
1701417720,12,1,4,962,15,3
1701417780,12,1,4,963,15,3
1701417840,12,1,4,964,15,3
1701417900,12,1,4,965,15,3
1701417960,12,1,4,966,15,3
1701418020,12,1,4,967,15,3
1701418080,12,1,4,968,15,3
1701418140,12,1,4,969,15,3
1701418200,12,1,4,970,15,2
1701418260,12,1,4,971,15,2
1701418320,12,1,4,972,15,2
1701418380,12,1,4,973,15,2
1701418440,12,1,4,974,15,3
1701418500,12,1,4,975,15,3
1701418560,12,1,4,976,15,3
1701418620,12,1,4,977,15,3
1701418680,12,1,4,978,15,4
1701418740,12,1,4,979,15,3
1701418860,12,1,4,981,15,1
1701418920,12,1,4,982,15,1
1701418980,12,1,4,983,15,1
1701419040,12,1,4,984,15,0
1701419100,12,1,4,985,15,0
1701419160,12,1,4,986,15,0
1701419220,12,1,4,987,15,0
1701419280,12,1,4,988,15,0
1701419340,12,1,4,989,15,0
1701419460,12,1,4,991,15,2
1701419520,12,1,4,992,15,2
1701419580,12,1,4,993,15,2
1701419640,12,1,4,994,15,4
1701419700,12,1,4,995,15,4
1701419760,12,1,4,996,15,4
1701419820,12,1,4,997,15,6
1701419880,12,1,4,998,15,6
1701419940,12,1,4,999,15,6
1701420000,12,1,4,1000,15,5
1701420060,12,1,4,1001,15,5
1701420120,12,1,4,1002,15,4
1701420180,12,1,4,1003,15,4
1701420240,12,1,4,1004,15,4
1701420300,12,1,4,1005,15,4
1701420360,12,1,4,1006,15,7
1701420420,12,1,4,1007,15,7
1701420480,12,1,4,1008,15,7
1701420540,12,1,4,1009,15,9
1701420600,12,1,4,1010,15,9
1701420660,12,1,4,1011,15,10
1701420720,12,1,4,1012,15,10
1701420780,12,1,4,1013,15,11
1701420840,12,1,4,1014,15,11
1701420900,12,1,4,1015,15,11
1701420960,12,1,4,1016,15,9
1701421020,12,1,4,1017,15,10
1701421080,12,1,4,1018,15,10
1701421140,12,1,4,1019,15,10
1701421260,12,1,4,1021,15,10
1701421320,12,1,4,1022,15,9
1701421380,12,1,4,1023,15,8
1701421440,12,1,4,1024,15,7
1701421500,12,1,4,1025,15,7
1701421620,12,1,4,1027,15,4
1701421680,12,1,4,1028,15,4
1701421740,12,1,4,1029,15,4
1701421860,12,1,4,1031,15,2
1701421920,12,1,4,1032,15,2
1701421980,12,1,4,1033,15,1
1701422040,12,1,4,1034,15,1
1701422100,12,1,4,1035,15,1
1701422160,12,1,4,1036,15,0
1701422220,12,1,4,1037,15,0
1701422280,12,1,4,1038,15,0
1701422340,12,1,4,1039,15,0
1701422460,12,1,4,1041,15,0
1701422520,12,1,4,1042,15,0
1701422580,12,1,4,1043,15,0
1701422640,12,1,4,1044,15,0
1701422700,12,1,4,1045,15,0
1701422760,12,1,4,1046,15,0
1701422820,12,1,4,1047,15,0
1701422880,12,1,4,1048,15,0
1701422940,12,1,4,1049,15,0
1701423120,12,1,4,1052,15,0
1701423180,12,1,4,1053,15,0
1701423240,12,1,4,1054,15,0
1701423300,12,1,4,1055,15,0
1701423360,12,1,4,1056,15,0
1701423420,12,1,4,1057,15,1
1701423480,12,1,4,1058,15,3
1701423540,12,1,4,1059,15,2
1701423600,12,1,4,1060,15,1
1701423660,12,1,4,1061,15,0
1701423720,12,1,4,1062,15,0
1701423780,12,1,4,1063,15,0
1701423840,12,1,4,1064,15,0
1701423900,12,1,4,1065,15,0
1701423960,12,1,4,1066,15,0
1701424020,12,1,4,1067,15,0
1701424080,12,1,4,1068,15,0
1701424140,12,1,4,1069,15,0
1701424200,12,1,4,1070,15,0
1701424260,12,1,4,1071,15,0
1701424320,12,1,4,1072,15,0
1701424380,12,1,4,1073,15,0
1701424440,12,1,4,1074,15,0
1701424560,12,1,4,1076,15,0
1701424620,12,1,4,1077,15,0
1701424680,12,1,4,1078,15,0
1701424740,12,1,4,1079,15,0
1701424860,12,1,4,1081,15,0
1701424920,12,1,4,1082,15,0
1701424980,12,1,4,1083,15,0
1701425040,12,1,4,1084,15,0
1701425100,12,1,4,1085,15,0
1701425160,12,1,4,1086,15,0
1701425220,12,1,4,1087,15,0
1701425280,12,1,4,1088,15,0
1701425340,12,1,4,1089,15,0
1701425460,12,1,4,1091,15,0
1701425520,12,1,4,1092,15,0
1701425580,12,1,4,1093,15,0
1701425640,12,1,4,1094,15,1
1701425700,12,1,4,1095,15,1
1701425760,12,1,4,1096,15,0
1701425820,12,1,4,1097,15,0
1701425880,12,1,4,1098,15,0
1701425940,12,1,4,1099,15,0
1701426060,12,1,4,1101,15,0
1701426120,12,1,4,1102,15,0
1701426180,12,1,4,1103,15,0
1701426240,12,1,4,1104,15,0
1701426300,12,1,4,1105,15,0
1701426360,12,1,4,1106,15,1
1701426420,12,1,4,1107,15,1
1701426480,12,1,4,1108,15,0
1701426540,12,1,4,1109,15,1
1701426660,12,1,4,1111,15,0
1701426720,12,1,4,1112,15,0
1701426780,12,1,4,1113,15,0
1701426840,12,1,4,1114,15,0
1701426900,12,1,4,1115,15,0
1701426960,12,1,4,1116,15,0
1701427020,12,1,4,1117,15,0
1701427080,12,1,4,1118,15,2
1701427140,12,1,4,1119,15,2
1701427200,12,1,4,1120,15,1
1701427260,12,1,4,1121,15,1
1701427320,12,1,4,1122,15,0
1701427380,12,1,4,1123,15,0
1701427500,12,1,4,1125,15,0
1701427560,12,1,4,1126,15,0
1701427620,12,1,4,1127,15,0
1701427680,12,1,4,1128,15,0
1701427740,12,1,4,1129,15,0
1701427800,12,1,4,1130,15,0
1701427860,12,1,4,1131,15,0
1701427920,12,1,4,1132,15,0
1701427980,12,1,4,1133,15,0
1701428040,12,1,4,1134,15,0
1701428100,12,1,4,1135,15,0
1701428160,12,1,4,1136,15,0
1701428220,12,1,4,1137,15,2
1701428280,12,1,4,1138,15,2
1701428340,12,1,4,1139,15,2
1701428460,12,1,4,1141,15,1
1701428580,12,1,4,1143,15,1
1701428640,12,1,4,1144,15,0
1701428700,12,1,4,1145,15,0
1701428760,12,1,4,1146,15,0
1701428820,12,1,4,1147,15,0
1701428880,12,1,4,1148,15,1
1701428940,12,1,4,1149,15,0
1701429060,12,1,4,1151,15,0
1701429120,12,1,4,1152,15,0
1701429180,12,1,4,1153,15,1
1701429240,12,1,4,1154,15,0
1701429300,12,1,4,1155,15,0
1701429360,12,1,4,1156,15,0
1701429420,12,1,4,1157,15,0
1701429480,12,1,4,1158,15,0
1701429540,12,1,4,1159,15,0
1701429660,12,1,4,1161,15,1
1701429720,12,1,4,1162,15,1
1701429780,12,1,4,1163,15,1
1701429840,12,1,4,1164,15,1
1701429900,12,1,4,1165,15,0
1701429960,12,1,4,1166,15,0
1701430020,12,1,4,1167,15,0
1701430080,12,1,4,1168,15,0
1701430140,12,1,4,1169,15,0
1701430260,12,1,4,1171,15,0
1701430320,12,1,4,1172,15,0
1701430380,12,1,4,1173,15,0
1701430440,12,1,4,1174,15,0
1701430500,12,1,4,1175,15,0
1701430560,12,1,4,1176,15,0
1701430620,12,1,4,1177,15,0
1701430680,12,1,4,1178,15,1
1701430740,12,1,4,1179,15,0
1701430800,12,1,4,1180,15,0
1701430860,12,1,4,1181,15,0
1701430920,12,1,4,1182,15,1
1701430980,12,1,4,1183,15,0
1701431040,12,1,4,1184,15,0
1701431100,12,1,4,1185,15,0
1701431160,12,1,4,1186,15,0
1701431220,12,1,4,1187,15,0
1701431280,12,1,4,1188,15,0
1701431340,12,1,4,1189,15,0
1701431400,12,1,4,1190,15,0
1701431460,12,1,4,1191,15,0
1701431520,12,1,4,1192,15,0
1701431580,12,1,4,1193,15,0
1701431640,12,1,4,1194,15,0
1701431700,12,1,4,1195,15,0
1701431760,12,1,4,1196,15,0
1701431820,12,1,4,1197,15,0
1701431880,12,1,4,1198,15,0
1701431940,12,1,4,1199,15,0
1701432060,12,1,4,1201,15,0
1701432120,12,1,4,1202,15,0
1701432180,12,1,4,1203,15,0
1701432240,12,1,4,1204,15,0
1701432300,12,1,4,1205,15,0
1701432360,12,1,4,1206,15,0
1701432420,12,1,4,1207,15,0
1701432480,12,1,4,1208,15,0
1701432540,12,1,4,1209,15,0
1701432600,12,1,4,1210,15,2
1701432660,12,1,4,1211,15,2
1701432720,12,1,4,1212,15,1
1701432780,12,1,4,1213,15,1
1701432840,12,1,4,1214,15,1
1701432900,12,1,4,1215,15,0
1701432960,12,1,4,1216,15,0
1701433020,12,1,4,1217,15,0
1701433080,12,1,4,1218,15,1
1701433140,12,1,4,1219,15,0
1701433260,12,1,4,1221,15,0
1701433320,12,1,4,1222,15,1
1701433380,12,1,4,1223,15,1
1701433440,12,1,4,1224,15,1
1701433500,12,1,4,1225,15,1
1701433560,12,1,4,1226,15,2
1701433620,12,1,4,1227,15,2
1701433680,12,1,4,1228,15,2
1701433740,12,1,4,1229,15,2
1701433860,12,1,4,1231,15,3
1701433920,12,1,4,1232,15,3
1701433980,12,1,4,1233,15,2
1701434040,12,1,4,1234,15,2
1701434100,12,1,4,1235,15,2
1701434160,12,1,4,1236,15,2
1701434220,12,1,4,1237,15,2
1701434280,12,1,4,1238,15,3
1701434340,12,1,4,1239,15,3
1701434400,12,1,4,1240,15,2
1701434460,12,1,4,1241,15,2
1701434520,12,1,4,1242,15,2
1701434580,12,1,4,1243,15,2
1701434640,12,1,4,1244,15,2
1701434700,12,1,4,1245,15,2
1701434760,12,1,4,1246,15,3
1701434820,12,1,4,1247,15,3
1701434880,12,1,4,1248,15,3
1701434940,12,1,4,1249,15,3
1701435000,12,1,4,1250,15,3
1701435060,12,1,4,1251,15,3
1701435120,12,1,4,1252,15,3
1701435180,12,1,4,1253,15,3
1701435240,12,1,4,1254,15,3
1701435300,12,1,4,1255,15,3
1701435360,12,1,4,1256,15,3
1701435420,12,1,4,1257,15,3
1701435480,12,1,4,1258,15,3
1701435540,12,1,4,1259,15,3
1701435660,12,1,4,1261,15,3
1701435720,12,1,4,1262,15,4
1701435780,12,1,4,1263,15,4
1701435840,12,1,4,1264,15,4
1701435900,12,1,4,1265,15,4
1701435960,12,1,4,1266,15,5
1701436020,12,1,4,1267,15,5
1701436080,12,1,4,1268,15,4
1701436140,12,1,4,1269,15,4
1701436200,12,1,4,1270,15,4
1701436260,12,1,4,1271,15,3
1701436320,12,1,4,1272,15,3
1701436380,12,1,4,1273,15,3
1701436440,12,1,4,1274,15,3
1701436500,12,1,4,1275,15,2
1701436560,12,1,4,1276,15,2
1701436620,12,1,4,1277,15,2
1701436680,12,1,4,1278,15,4
1701436740,12,1,4,1279,15,4
1701436860,12,1,4,1281,15,2
1701436920,12,1,4,1282,15,2
1701436980,12,1,4,1283,15,2
1701437040,12,1,4,1284,15,2
1701437100,12,1,4,1285,15,2
1701437160,12,1,4,1286,15,3
1701437220,12,1,4,1287,15,3
1701437280,12,1,4,1288,15,3
1701437340,12,1,4,1289,15,3
1701437460,12,1,4,1291,15,5
1701437520,12,1,4,1292,15,5
1701437580,12,1,4,1293,15,5
1701437640,12,1,4,1294,15,5
1701437700,12,1,4,1295,15,5
1701437760,12,1,4,1296,15,5
1701437820,12,1,4,1297,15,5
1701437880,12,1,4,1298,15,6
1701437940,12,1,4,1299,15,6
1701438000,12,1,4,1300,15,6
1701438060,12,1,4,1301,15,5
1701438120,12,1,4,1302,15,5
1701438180,12,1,4,1303,15,5
1701438240,12,1,4,1304,15,5
1701438300,12,1,4,1305,15,5
1701438360,12,1,4,1306,15,5
1701438420,12,1,4,1307,15,5
1701438480,12,1,4,1308,15,5
1701438540,12,1,4,1309,15,5
1701438600,12,1,4,1310,15,5
1701438660,12,1,4,1311,15,5
1701438720,12,1,4,1312,15,5
1701438780,12,1,4,1313,15,5
1701438900,12,1,4,1315,15,5
1701438960,12,1,4,1316,15,5
1701439020,12,1,4,1317,15,5
1701439080,12,1,4,1318,15,7
1701439140,12,1,4,1319,15,7
1701439260,12,1,4,1321,15,7
1701439320,12,1,4,1322,15,7
1701439380,12,1,4,1323,15,7
1701439440,12,1,4,1324,15,7
1701439500,12,1,4,1325,15,7
1701439560,12,1,4,1326,15,9
1701439620,12,1,4,1327,15,9
1701439680,12,1,4,1328,15,9
1701439740,12,1,4,1329,15,9
1701439860,12,1,4,1331,15,10
1701439920,12,1,4,1332,15,9
1701439980,12,1,4,1333,15,9
1701440040,12,1,4,1334,15,9
1701440100,12,1,4,1335,15,9
1701440160,12,1,4,1336,15,9
1701440220,12,1,4,1337,15,9
1701440280,12,1,4,1338,15,9
1701440340,12,1,4,1339,15,9
1701440460,12,1,4,1341,15,9
1701440520,12,1,4,1342,15,10
1701440580,12,1,4,1343,15,10
1701440640,12,1,4,1344,15,10
1701440700,12,1,4,1345,15,10
1701440760,12,1,4,1346,15,9
1701440820,12,1,4,1347,15,8
1701440880,12,1,4,1348,15,8
1701440940,12,1,4,1349,15,8
1701441060,12,1,4,1351,15,10
1701441120,12,1,4,1352,15,10
1701441180,12,1,4,1353,15,10
1701441240,12,1,4,1354,15,10
1701441300,12,1,4,1355,15,10
1701441360,12,1,4,1356,15,10
1701441420,12,1,4,1357,15,10
1701441480,12,1,4,1358,15,10
1701441540,12,1,4,1359,15,10
1701441660,12,1,4,1361,15,10
1701441720,12,1,4,1362,15,10
1701441780,12,1,4,1363,15,10
1701441840,12,1,4,1364,15,9
1701441900,12,1,4,1365,15,10
1701441960,12,1,4,1366,15,10
1701442020,12,1,4,1367,15,10
1701442080,12,1,4,1368,15,10
1701442140,12,1,4,1369,15,10
1701442260,12,1,4,1371,15,10
1701442320,12,1,4,1372,15,10
1701442380,12,1,4,1373,15,10
1701442440,12,1,4,1374,15,9
1701442500,12,1,4,1375,15,9
1701442560,12,1,4,1376,15,9
1701442620,12,1,4,1377,15,9
1701442680,12,1,4,1378,15,9
1701442740,12,1,4,1379,15,9
1701442860,12,1,4,1381,15,9
1701442920,12,1,4,1382,15,10
1701442980,12,1,4,1383,15,10
1701443040,12,1,4,1384,15,10
1701443100,12,1,4,1385,15,12
1701443160,12,1,4,1386,15,12
1701443220,12,1,4,1387,15,13
1701443280,12,1,4,1388,15,13
1701443340,12,1,4,1389,15,14
1701443400,12,1,4,1390,15,14
1701443460,12,1,4,1391,15,13
1701443520,12,1,4,1392,15,12
1701443580,12,1,4,1393,15,12
1701443640,12,1,4,1394,15,12
1701443700,12,1,4,1395,15,13
1701443760,12,1,4,1396,15,13
1701443820,12,1,4,1397,15,13
1701443880,12,1,4,1398,15,13
1701443940,12,1,4,1399,15,13
1701444060,12,1,4,1401,15,13
1701444120,12,1,4,1402,15,13
1701444180,12,1,4,1403,15,13
1701444240,12,1,4,1404,15,13
1701444300,12,1,4,1405,15,13
1701444360,12,1,4,1406,15,13
1701444420,12,1,4,1407,15,13
1701444480,12,1,4,1408,15,13
1701444540,12,1,4,1409,15,13
1701444600,12,1,4,1410,15,13
1701444660,12,1,4,1411,15,13
1701444720,12,1,4,1412,15,13
1701444780,12,1,4,1413,15,13
1701444840,12,1,4,1414,15,13
1701444900,12,1,4,1415,15,13
1701444960,12,1,4,1416,15,13
1701445020,12,1,4,1417,15,13
1701445080,12,1,4,1418,15,13
1701445140,12,1,4,1419,15,13
1701445200,12,1,4,1420,15,13
1701445260,12,1,4,1421,15,13
1701445320,12,1,4,1422,15,12
1701445380,12,1,4,1423,15,12
1701445440,12,1,4,1424,15,12
1701445500,12,1,4,1425,15,12
1701445560,12,1,4,1426,15,12
1701445620,12,1,4,1427,15,12
1701445680,12,1,4,1428,15,12
1701446460,12,2,5,1,15,10
1701446520,12,2,5,2,15,10
1701446580,12,2,5,3,15,10
1701446640,12,2,5,4,15,10
1701446700,12,2,5,5,15,10
1701446760,12,2,5,6,15,10
1701446820,12,2,5,7,15,12
1701446880,12,2,5,8,15,12
1701446940,12,2,5,9,15,12
1701447000,12,2,5,10,15,12
1701447060,12,2,5,11,15,12
1701447120,12,2,5,12,15,12
1701447180,12,2,5,13,15,12
1701447240,12,2,5,14,15,10
1701447300,12,2,5,15,15,11
1701447360,12,2,5,16,15,11
1701447420,12,2,5,17,15,11
1701447480,12,2,5,18,15,11
1701447540,12,2,5,19,15,11
1701447660,12,2,5,21,15,12
1701447720,12,2,5,22,15,12
1701447780,12,2,5,23,15,12
1701447840,12,2,5,24,15,12
1701447900,12,2,5,25,15,12
1701447960,12,2,5,26,15,12
1701448020,12,2,5,27,15,12
1701448080,12,2,5,28,15,12
1701448140,12,2,5,29,15,12
1701448200,12,2,5,30,15,12
1701448260,12,2,5,31,15,13
1701448320,12,2,5,32,15,13
1701448380,12,2,5,33,15,13
1701448440,12,2,5,34,15,13
1701448500,12,2,5,35,15,13
1701448560,12,2,5,36,15,13
1701448620,12,2,5,37,15,13
1701448680,12,2,5,38,15,13
1701448740,12,2,5,39,15,13
1701448800,12,2,5,40,15,13
1701448860,12,2,5,41,15,13
1701448920,12,2,5,42,15,13
1701448980,12,2,5,43,15,13
1701449040,12,2,5,44,15,13
1701449100,12,2,5,45,15,13
1701449160,12,2,5,46,15,13
1701449220,12,2,5,47,15,13
1701449280,12,2,5,48,15,13
1701449340,12,2,5,49,15,14
1701449400,12,2,5,50,15,14
1701449460,12,2,5,51,15,14
1701449520,12,2,5,52,15,14
1701449580,12,2,5,53,15,14
1701449640,12,2,5,54,15,14
1701449700,12,2,5,55,15,14
1701449760,12,2,5,56,15,14
1701449820,12,2,5,57,15,14
1701449880,12,2,5,58,15,14
1701449940,12,2,5,59,15,14
1701450060,12,2,5,61,15,15
1701450120,12,2,5,62,15,15
1701450180,12,2,5,63,15,15
1701450240,12,2,5,64,15,15
1701450300,12,2,5,65,15,15
1701450360,12,2,5,66,15,15
1701450420,12,2,5,67,15,15
1701450480,12,2,5,68,15,15
1701450540,12,2,5,69,15,15
1701450600,12,2,5,70,15,15
1701450660,12,2,5,71,15,15
1701450720,12,2,5,72,15,15
1701450780,12,2,5,73,15,15
1701450840,12,2,5,74,15,15
1701450900,12,2,5,75,15,15
1701450960,12,2,5,76,15,15
1701451020,12,2,5,77,15,15
1701451080,12,2,5,78,15,15
1701451140,12,2,5,79,15,15
1701451260,12,2,5,81,15,15
1701451380,12,2,5,83,15,13
1701451440,12,2,5,84,15,13
1701451560,12,2,5,86,15,13
1701451620,12,2,5,87,15,13
1701451740,12,2,5,89,15,13
1701451800,12,2,5,90,15,13
1701451860,12,2,5,91,15,13
1701451980,12,2,5,93,15,13
1701452040,12,2,5,94,15,13
1701452100,12,2,5,95,15,13
1701452160,12,2,5,96,15,13
1701452220,12,2,5,97,15,13
1701452280,12,2,5,98,15,13
1701452340,12,2,5,99,15,13
1701452460,12,2,5,101,15,13
1701452520,12,2,5,102,15,13
1701452580,12,2,5,103,15,12
1701452640,12,2,5,104,15,12
1701452700,12,2,5,105,15,12
1701452760,12,2,5,106,15,12
1701452820,12,2,5,107,15,13
1701452880,12,2,5,108,15,14
1701452940,12,2,5,109,15,14
1701453060,12,2,5,111,15,14
1701453120,12,2,5,112,15,14
1701453180,12,2,5,113,15,14
1701453240,12,2,5,114,15,14
1701453300,12,2,5,115,15,14
1701453360,12,2,5,116,15,13
1701453420,12,2,5,117,15,13
1701453480,12,2,5,118,15,13
1701453540,12,2,5,119,15,13
1701453660,12,2,5,121,15,13
1701453720,12,2,5,122,15,13
1701453780,12,2,5,123,15,13
1701453840,12,2,5,124,15,13
1701453900,12,2,5,125,15,13
1701453960,12,2,5,126,15,13
1701454020,12,2,5,127,15,13
1701454080,12,2,5,128,15,13
1701454140,12,2,5,129,15,13
1701454260,12,2,5,131,15,13
1701454320,12,2,5,132,15,13
1701454380,12,2,5,133,15,13
1701454440,12,2,5,134,15,13
1701454500,12,2,5,135,15,13
1701454560,12,2,5,136,15,13
1701454620,12,2,5,137,15,13
1701454680,12,2,5,138,15,13
1701454740,12,2,5,139,15,13
1701454860,12,2,5,141,15,13
1701454920,12,2,5,142,15,13
1701454980,12,2,5,143,15,13
1701455040,12,2,5,144,15,13
1701455160,12,2,5,146,15,13
1701455220,12,2,5,147,15,13
1701455280,12,2,5,148,15,13
1701455340,12,2,5,149,15,13
1701455400,12,2,5,150,15,13
1701455460,12,2,5,151,15,13
1701455520,12,2,5,152,15,12
1701455580,12,2,5,153,15,12
1701455640,12,2,5,154,15,12
1701455700,12,2,5,155,15,12
1701455760,12,2,5,156,15,11
1701455820,12,2,5,157,15,11
1701455880,12,2,5,158,15,11
1701455940,12,2,5,159,15,11
1701456000,12,2,5,160,15,11
1701456060,12,2,5,161,15,11
1701456120,12,2,5,162,15,11
1701456180,12,2,5,163,15,11
1701456240,12,2,5,164,15,11
1701456300,12,2,5,165,15,11
1701456360,12,2,5,166,15,11
1701456420,12,2,5,167,15,11
1701456480,12,2,5,168,15,12
1701456540,12,2,5,169,15,12
1701456600,12,2,5,170,15,12
1701456660,12,2,5,171,15,12
1701456720,12,2,5,172,15,12
1701456780,12,2,5,173,15,12
1701456840,12,2,5,174,15,12
1701456900,12,2,5,175,15,12
1701456960,12,2,5,176,15,12
1701457020,12,2,5,177,15,12
1701457080,12,2,5,178,15,12
1701457140,12,2,5,179,15,12
1701457200,12,2,5,180,15,12
1701457260,12,2,5,181,15,12
1701457320,12,2,5,182,15,12
1701457380,12,2,5,183,15,12
1701457440,12,2,5,184,15,12
1701457500,12,2,5,185,15,12
1701457560,12,2,5,186,15,12
1701457620,12,2,5,187,15,12
1701457680,12,2,5,188,15,12
1701457740,12,2,5,189,15,12
1701457800,12,2,5,190,15,12
1701457860,12,2,5,191,15,12
1701457920,12,2,5,192,15,12
1701457980,12,2,5,193,15,12
1701458040,12,2,5,194,15,12
1701458100,12,2,5,195,15,12
1701458160,12,2,5,196,15,12
1701458220,12,2,5,197,15,12
1701458280,12,2,5,198,15,13
1701458340,12,2,5,199,15,13
1701458460,12,2,5,201,15,13
1701458520,12,2,5,202,15,13
1701458580,12,2,5,203,15,13
1701458640,12,2,5,204,15,13
1701458700,12,2,5,205,15,13
1701458760,12,2,5,206,15,13
1701458820,12,2,5,207,15,13
1701458880,12,2,5,208,15,13
1701458940,12,2,5,209,15,13
1701459000,12,2,5,210,15,13
1701459060,12,2,5,211,15,13
1701459120,12,2,5,212,15,13
1701459180,12,2,5,213,15,13
1701459240,12,2,5,214,15,13
1701459300,12,2,5,215,15,13
1701459360,12,2,5,216,15,13
1701459420,12,2,5,217,15,13
1701459480,12,2,5,218,15,13
1701459540,12,2,5,219,15,13
1701459600,12,2,5,220,15,13
1701459660,12,2,5,221,15,13
1701459720,12,2,5,222,15,13
1701459780,12,2,5,223,15,13
1701459840,12,2,5,224,15,13
1701459900,12,2,5,225,15,13
1701459960,12,2,5,226,15,13
1701460020,12,2,5,227,15,13
1701460080,12,2,5,228,15,13
1701460140,12,2,5,229,15,13
1701460200,12,2,5,230,15,13
1701460260,12,2,5,231,15,13
1701460320,12,2,5,232,15,13
1701460380,12,2,5,233,15,13
1701460440,12,2,5,234,15,13
1701460500,12,2,5,235,15,13
1701460560,12,2,5,236,15,13
1701460620,12,2,5,237,15,13
1701460680,12,2,5,238,15,13
1701460740,12,2,5,239,15,13
1701460800,12,2,5,240,15,13
1701460860,12,2,5,241,15,13
1701460920,12,2,5,242,15,13
1701460980,12,2,5,243,15,13
1701461040,12,2,5,244,15,13
1701461100,12,2,5,245,15,13
1701461160,12,2,5,246,15,13
1701461220,12,2,5,247,15,13
1701461280,12,2,5,248,15,13
1701461340,12,2,5,249,15,13
1701461400,12,2,5,250,15,13
1701461460,12,2,5,251,15,13
1701461520,12,2,5,252,15,13
1701461580,12,2,5,253,15,13
1701461640,12,2,5,254,15,13
1701461700,12,2,5,255,15,13
1701461760,12,2,5,256,15,13
1701461820,12,2,5,257,15,13
1701461880,12,2,5,258,15,13
1701461940,12,2,5,259,15,13
1701462060,12,2,5,261,15,13
1701462120,12,2,5,262,15,13
1701462180,12,2,5,263,15,13
1701462240,12,2,5,264,15,13
1701462300,12,2,5,265,15,13
1701462360,12,2,5,266,15,13
1701462420,12,2,5,267,15,13
1701462480,12,2,5,268,15,13
1701462540,12,2,5,269,15,13
1701462600,12,2,5,270,15,13
1701462660,12,2,5,271,15,13
1701462720,12,2,5,272,15,13
1701462780,12,2,5,273,15,13
1701462840,12,2,5,274,15,13
1701462900,12,2,5,275,15,13
1701462960,12,2,5,276,15,13
1701463020,12,2,5,277,15,13
1701463080,12,2,5,278,15,13
1701463140,12,2,5,279,15,13
1701463200,12,2,5,280,15,13
1701463260,12,2,5,281,15,13
1701463320,12,2,5,282,15,13
1701463440,12,2,5,284,15,13
1701463500,12,2,5,285,15,13
1701463560,12,2,5,286,15,13
1701463620,12,2,5,287,15,13
1701463680,12,2,5,288,15,13
1701463740,12,2,5,289,15,13
1701463800,12,2,5,290,15,13
1701463860,12,2,5,291,15,13
1701463920,12,2,5,292,15,13
1701463980,12,2,5,293,15,13
1701464040,12,2,5,294,15,13
1701464100,12,2,5,295,15,13
1701464160,12,2,5,296,15,13
1701464220,12,2,5,297,15,13
1701464280,12,2,5,298,15,13
1701464340,12,2,5,299,15,13
1701464460,12,2,5,301,15,13
1701464520,12,2,5,302,15,13
1701464580,12,2,5,303,15,13
1701464640,12,2,5,304,15,13
1701464700,12,2,5,305,15,13
1701464760,12,2,5,306,15,13
1701464820,12,2,5,307,15,13
1701464880,12,2,5,308,15,13
1701464940,12,2,5,309,15,13
1701465000,12,2,5,310,15,13
1701465060,12,2,5,311,15,13
1701465180,12,2,5,313,15,13
1701465240,12,2,5,314,15,13
1701465300,12,2,5,315,15,13
1701465360,12,2,5,316,15,13
1701465420,12,2,5,317,15,13
1701465480,12,2,5,318,15,13
1701465540,12,2,5,319,15,13
1701465660,12,2,5,321,15,13
1701465720,12,2,5,322,15,13
1701465780,12,2,5,323,15,13
1701465840,12,2,5,324,15,13
1701465900,12,2,5,325,15,13
1701465960,12,2,5,326,15,13
1701466020,12,2,5,327,15,13
1701466080,12,2,5,328,15,13
1701466140,12,2,5,329,15,13
1701466260,12,2,5,331,15,13
1701466320,12,2,5,332,15,13
1701466380,12,2,5,333,15,13
1701466440,12,2,5,334,15,13
1701466500,12,2,5,335,15,13
1701466560,12,2,5,336,15,13
1701466620,12,2,5,337,15,13
1701466680,12,2,5,338,15,13
1701466740,12,2,5,339,15,13
1701466860,12,2,5,341,15,13
1701466920,12,2,5,342,15,13
1701466980,12,2,5,343,15,13
1701467040,12,2,5,344,15,13
1701467100,12,2,5,345,15,13
1701467160,12,2,5,346,15,13
1701467220,12,2,5,347,15,13
1701467280,12,2,5,348,15,13
1701467340,12,2,5,349,15,13
1701467460,12,2,5,351,15,13
1701467520,12,2,5,352,15,13
1701467580,12,2,5,353,15,13
1701467640,12,2,5,354,15,13
1701467700,12,2,5,355,15,13
1701467760,12,2,5,356,15,13
1701467820,12,2,5,357,15,13
1701467880,12,2,5,358,15,13
1701467940,12,2,5,359,15,13
1701468000,12,2,5,360,15,13
1701468060,12,2,5,361,15,13
1701468120,12,2,5,362,15,13
1701468180,12,2,5,363,15,13
1701468240,12,2,5,364,15,13
1701468300,12,2,5,365,15,13
1701468360,12,2,5,366,15,13
1701468420,12,2,5,367,15,13
1701468480,12,2,5,368,15,13
1701468540,12,2,5,369,15,13
1701468660,12,2,5,371,15,13
1701468720,12,2,5,372,15,13
1701468780,12,2,5,373,15,12
1701468840,12,2,5,374,15,12
1701468900,12,2,5,375,15,12
1701468960,12,2,5,376,15,12
1701469020,12,2,5,377,15,12
1701469080,12,2,5,378,15,12
1701469140,12,2,5,379,15,12
1701469260,12,2,5,381,15,13
1701469320,12,2,5,382,15,13
1701469380,12,2,5,383,15,13
1701469440,12,2,5,384,15,13
1701469500,12,2,5,385,15,13
1701469560,12,2,5,386,15,13
1701469620,12,2,5,387,15,13
1701469680,12,2,5,388,15,13
1701469740,12,2,5,389,15,13
1701469800,12,2,5,390,15,13
1701469860,12,2,5,391,15,13
1701469920,12,2,5,392,15,13
1701469980,12,2,5,393,15,13
1701470040,12,2,5,394,15,13
1701470100,12,2,5,395,15,14
1701470160,12,2,5,396,15,14
1701470220,12,2,5,397,15,14
1701470280,12,2,5,398,15,14
1701470340,12,2,5,399,15,14
1701470400,12,2,5,400,15,14
1701470460,12,2,5,401,15,14
1701470520,12,2,5,402,15,14
1701470580,12,2,5,403,15,14
1701470640,12,2,5,404,15,14
1701470700,12,2,5,405,15,14
1701470760,12,2,5,406,15,14
1701470820,12,2,5,407,15,13
1701470880,12,2,5,408,15,13
1701470940,12,2,5,409,15,13
1701471000,12,2,5,410,15,13
1701471060,12,2,5,411,15,13
1701471120,12,2,5,412,15,13
1701471180,12,2,5,413,15,13
1701471240,12,2,5,414,15,13
1701471300,12,2,5,415,15,13
1701471360,12,2,5,416,15,13
1701471420,12,2,5,417,15,13
1701471480,12,2,5,418,15,13
1701471540,12,2,5,419,15,13
1701471600,12,2,5,420,15,13
1701471660,12,2,5,421,15,13
1701471720,12,2,5,422,15,13
1701471780,12,2,5,423,15,13
1701471840,12,2,5,424,15,13
1701471900,12,2,5,425,15,13
1701471960,12,2,5,426,15,13
1701472020,12,2,5,427,15,13
1701472080,12,2,5,428,15,13
1701472140,12,2,5,429,15,13
1701472200,12,2,5,430,15,13
1701472260,12,2,5,431,15,13
1701472320,12,2,5,432,15,13
1701472380,12,2,5,433,15,13
1701472440,12,2,5,434,15,13
1701472500,12,2,5,435,15,13
1701472560,12,2,5,436,15,13
1701472620,12,2,5,437,15,13
1701472680,12,2,5,438,15,12
1701472740,12,2,5,439,15,12
1701472860,12,2,5,441,15,12
1701472920,12,2,5,442,15,12
1701472980,12,2,5,443,15,12
1701473040,12,2,5,444,15,12
1701473100,12,2,5,445,15,12
1701473160,12,2,5,446,15,12
1701473220,12,2,5,447,15,12
1701473280,12,2,5,448,15,12
1701473340,12,2,5,449,15,12
1701473400,12,2,5,450,15,12
1701473460,12,2,5,451,15,10
1701473520,12,2,5,452,15,10
1701473580,12,2,5,453,15,10
1701473640,12,2,5,454,15,10
1701473700,12,2,5,455,15,10
1701473760,12,2,5,456,15,10
1701473820,12,2,5,457,15,10
1701473880,12,2,5,458,15,10
1701473940,12,2,5,459,15,10
1701474000,12,2,5,460,15,10
1701474060,12,2,5,461,15,9
1701474120,12,2,5,462,15,9
1701474180,12,2,5,463,15,9
1701474240,12,2,5,464,15,8
1701474300,12,2,5,465,15,8
1701474360,12,2,5,466,15,8
1701474420,12,2,5,467,15,8
1701474480,12,2,5,468,15,8
1701474540,12,2,5,469,15,8
1701474600,12,2,5,470,15,8
1701474660,12,2,5,471,15,8
1701474720,12,2,5,472,15,8
1701474780,12,2,5,473,15,7
1701474840,12,2,5,474,15,7
1701474900,12,2,5,475,15,7
1701474960,12,2,5,476,15,8
1701475020,12,2,5,477,15,8
1701475080,12,2,5,478,15,8
1701475140,12,2,5,479,15,8
1701475260,12,2,5,481,15,7
1701475320,12,2,5,482,15,7
1701475380,12,2,5,483,15,7
1701475440,12,2,5,484,15,7
1701475500,12,2,5,485,15,6
1701475560,12,2,5,486,15,6
1701475620,12,2,5,487,15,6
1701475680,12,2,5,488,15,6
1701475740,12,2,5,489,15,6
1701475800,12,2,5,490,15,5
1701475860,12,2,5,491,15,5
1701475920,12,2,5,492,15,5
1701475980,12,2,5,493,15,5
1701476040,12,2,5,494,15,5
1701476100,12,2,5,495,15,5
1701476160,12,2,5,496,15,5
1701476220,12,2,5,497,15,5
1701476280,12,2,5,498,15,5
1701476340,12,2,5,499,15,5
1701476460,12,2,5,501,15,6
1701476520,12,2,5,502,15,6
1701476580,12,2,5,503,15,5
1701476640,12,2,5,504,15,5
1701476700,12,2,5,505,15,5
1701476760,12,2,5,506,15,5
1701476820,12,2,5,507,15,5
1701476880,12,2,5,508,15,5
1701476940,12,2,5,509,15,5
1701477060,12,2,5,511,15,5
1701477120,12,2,5,512,15,5
1701477180,12,2,5,513,15,5
1701477240,12,2,5,514,15,5
1701477300,12,2,5,515,15,5
1701477360,12,2,5,516,15,5
1701477420,12,2,5,517,15,5
1701477480,12,2,5,518,15,5
1701477540,12,2,5,519,15,5
1701477600,12,2,5,520,15,4
1701477660,12,2,5,521,15,4
1701477720,12,2,5,522,15,4
1701477780,12,2,5,523,15,4
1701477840,12,2,5,524,15,4
1701477900,12,2,5,525,15,4
1701477960,12,2,5,526,15,4
1701478020,12,2,5,527,15,4
1701478080,12,2,5,528,15,4
1701478140,12,2,5,529,15,3
1701478200,12,2,5,530,15,2
1701478260,12,2,5,531,15,1
1701478320,12,2,5,532,15,1
1701478380,12,2,5,533,15,1
1701478440,12,2,5,534,15,2
1701478500,12,2,5,535,15,2
1701478560,12,2,5,536,15,1
1701478680,12,2,5,538,15,0
1701478740,12,2,5,539,15,0
1701478860,12,2,5,541,15,0
1701478980,12,2,5,543,15,0
1701479040,12,2,5,544,15,0
1701479100,12,2,5,545,15,0
1701479160,12,2,5,546,15,0
1701479280,12,2,5,548,15,0
1701479340,12,2,5,549,15,0
1701479460,12,2,5,551,15,0
1701479520,12,2,5,552,15,0
1701479580,12,2,5,553,15,0
1701479640,12,2,5,554,15,0
1701479700,12,2,5,555,15,0
1701479760,12,2,5,556,15,0
1701479880,12,2,5,558,15,0
1701479940,12,2,5,559,15,0
1701480060,12,2,5,561,15,1
1701480180,12,2,5,563,15,0
1701480300,12,2,5,565,15,2
1701480360,12,2,5,566,15,2
1701480420,12,2,5,567,15,2
1701480480,12,2,5,568,15,2
1701480540,12,2,5,569,15,1
1701480600,12,2,5,570,15,2
1701480720,12,2,5,572,15,2
1701480780,12,2,5,573,15,2
1701480840,12,2,5,574,15,2
1701480900,12,2,5,575,15,2
1701480960,12,2,5,576,15,1
1701481020,12,2,5,577,15,1
1701481080,12,2,5,578,15,1
1701481140,12,2,5,579,15,1
1701481260,12,2,5,581,15,1
1701481320,12,2,5,582,15,1
1701481380,12,2,5,583,15,1
1701481500,12,2,5,585,15,1
1701481560,12,2,5,586,15,1
1701481620,12,2,5,587,15,1
1701481680,12,2,5,588,15,1
1701481740,12,2,5,589,15,1
1701481800,12,2,5,590,15,1
1701481920,12,2,5,592,15,1
1701481980,12,2,5,593,15,1
1701482100,12,2,5,595,15,1
1701482160,12,2,5,596,15,1
1701482220,12,2,5,597,15,1
1701482280,12,2,5,598,15,1
1701482340,12,2,5,599,15,1
1701482460,12,2,5,601,15,2
1701482520,12,2,5,602,15,0
1701482580,12,2,5,603,15,0
1701482640,12,2,5,604,15,0
1701482700,12,2,5,605,15,0
1701482760,12,2,5,606,15,0
1701482820,12,2,5,607,15,0
1701482880,12,2,5,608,15,0
1701482940,12,2,5,609,15,0
1701483000,12,2,5,610,15,0
1701483060,12,2,5,611,15,0
1701483120,12,2,5,612,15,0
1701483180,12,2,5,613,15,0
1701483240,12,2,5,614,15,0
1701483300,12,2,5,615,15,0
1701483360,12,2,5,616,15,0
1701483420,12,2,5,617,15,0
1701483480,12,2,5,618,15,1
1701483540,12,2,5,619,15,1
1701483660,12,2,5,621,15,1
1701483720,12,2,5,622,15,1
1701483780,12,2,5,623,15,1
1701483840,12,2,5,624,15,2
1701483900,12,2,5,625,15,2
1701483960,12,2,5,626,15,2
1701484020,12,2,5,627,15,2
1701484080,12,2,5,628,15,2
1701484140,12,2,5,629,15,4
1701484260,12,2,5,631,15,4
1701484320,12,2,5,632,15,4
1701484380,12,2,5,633,15,4
1701484440,12,2,5,634,15,5
1701484500,12,2,5,635,15,5
1701484560,12,2,5,636,15,5
1701484620,12,2,5,637,15,5
1701484680,12,2,5,638,15,5
1701484740,12,2,5,639,15,5
1701484800,12,2,5,640,15,5
1701484860,12,2,5,641,15,5
1701484920,12,2,5,642,15,5
1701484980,12,2,5,643,15,5
1701485040,12,2,5,644,15,5
1701485100,12,2,5,645,15,5
1701485220,12,2,5,647,15,4
1701485280,12,2,5,648,15,4
1701485340,12,2,5,649,15,3
1701485400,12,2,5,650,15,1
1701485460,12,2,5,651,15,0
1701485520,12,2,5,652,15,0
1701485580,12,2,5,653,15,0
1701485640,12,2,5,654,15,0
1701485700,12,2,5,655,15,0
1701485760,12,2,5,656,15,0
1701485820,12,2,5,657,15,0
1701485880,12,2,5,658,15,0
1701485940,12,2,5,659,15,0
1701486060,12,2,5,661,15,0
1701486120,12,2,5,662,15,0
